0 0.3102226720647773 0.5081967213114754 0.3102226720647773 0.5286885245901639 0.3142712550607287 0.5440573770491803 0.3371341093117409 0.5616127049180328 0.347165991902834 0.5430327868852459 0.3481781376518219 0.5092213114754098 0.333502024291498 0.3801229508196721 0.32945344129554655 0.38422131147540983 0.3243927125506073 0.444672131147541 0.3142712550607287 0.4774590163934426
0 0.35121457489878544 0.5174180327868853 0.3494200404858299 0.547998975409836 0.35673329959514166 0.5693063524590164 0.36726417004048584 0.5604282786885245 0.3805668016194332 0.5655737704918032 0.38917004048583 0.5604508196721312 0.3917004048582996 0.5532786885245902 0.39220647773279355 0.5245901639344263 0.38461538461538464 0.48360655737704916 0.3805668016194332 0.4293032786885246 0.37398785425101216 0.39959016393442626 0.36082995951417 0.41188524590163933 0.36082995951417 0.4385245901639344 0.3564407894736842 0.48999590163934426
0 0.4498987854251012 0.4344262295081967 0.4423076923076923 0.5706967213114754 0.44534412955465585 0.5850409836065574 0.4549595141700405 0.6055327868852459 0.4686234817813765 0.5850409836065574 0.47115384615384615 0.576844262295082 0.47115384615384615 0.555327868852459 0.4640688259109312 0.4344262295081967 0.4610323886639676 0.42213114754098363 0.4564777327935223 0.41700819672131145 0.45293522267206476 0.41905737704918034
0 0.4782388663967611 0.44364754098360654 0.47115384615384615 0.48975409836065575 0.4716599190283401 0.5522540983606558 0.47368421052631576 0.5819672131147541 0.47621457489878544 0.5922131147540983 0.48279352226720645 0.5993852459016393 0.49038461538461536 0.5932377049180327 0.4924089068825911 0.5819672131147541 0.49949392712550605 0.4713114754098361 0.49898785425101216 0.4385245901639344 0.4924089068825911 0.430327868852459 0.48228744939271256 0.4293032786885246
0 0.49898785425101216 0.5 0.5010121457489879 0.5225409836065574 0.4979757085020243 0.5614754098360656 0.49898785425101216 0.5973360655737705 0.5025303643724697 0.6065573770491803 0.5101214574898786 0.6137295081967213 0.5232793522267206 0.6116803278688525 0.5263157894736842 0.6055327868852459 0.5268218623481782 0.5829918032786885 0.5247975708502024 0.5020491803278688 0.521255060728745 0.4375 0.513663967611336 0.3985655737704918 0.5086032388663968 0.4036885245901639 0.5050607287449392 0.41598360655737704
0 0.541497975708502 0.4610655737704918 0.5404858299595142 0.6045081967213115 0.5455465587044535 0.610655737704918 0.5612348178137652 0.6086065573770492 0.569331983805668 0.5911885245901639 0.569331983805668 0.5809426229508197 0.5617408906882592 0.45799180327868855 0.5587044534412956 0.4375 0.5445344129554656 0.4364754098360656
0 0.590080971659919 0.5665983606557377 0.5905870445344129 0.5870901639344263 0.5986842105263158 0.6045081967213115 0.6067813765182186 0.6116803278688525 0.6153846153846154 0.6034836065573771 0.6219635627530364 0.5860655737704918 0.6199392712550608 0.5379098360655737 0.6209514170040485 0.4108606557377049 0.6189271255060729 0.4067622950819672 0.6123481781376519 0.4057377049180328 0.6088056680161943 0.4108606557377049 0.6002024291497976 0.4661885245901639 0.596163967611336 0.5364692622950821
0 0.5703441295546559 0.5010245901639344 0.5673076923076923 0.5502049180327869 0.5683198380566802 0.5922131147540983 0.5713562753036437 0.6024590163934426 0.5799595141700404 0.6075819672131147 0.5865384615384616 0.5932377049180327 0.5905870445344129 0.5563524590163934 0.5880566801619433 0.4651639344262295 0.5845141700404858 0.4456967213114754 0.5809716599190283 0.4415983606557377 0.5769230769230769 0.44672131147540983
0 0.6123481781376519 0.5409836065573771 0.6123481781376519 0.5717213114754098 0.618421052631579 0.5891393442622951 0.6229757085020243 0.5860655737704918 0.6391700404858299 0.6045081967213115 0.6467611336032388 0.5942622950819673 0.652834008097166 0.5778688524590164 0.6437246963562753 0.430327868852459 0.6376518218623481 0.4098360655737705 0.6325910931174089 0.4108606557377049 0.6275303643724697 0.42725409836065575 0.6189271255060729 0.514344262295082
0 0.6427125506072875 0.5368852459016393 0.6422064777327935 0.5594262295081968 0.645242914979757 0.576844262295082 0.6695344129554656 0.5932377049180327 0.6791497975708503 0.5758196721311475 0.6685222672064778 0.43135245901639346 0.6654858299595142 0.42110655737704916 0.6538461538461539 0.41598360655737704 0.6508097165991903 0.42418032786885246
0 0.7424089068825911 0.5409836065573771 0.7424089068825911 0.5584016393442623 0.7525303643724697 0.5860655737704918 0.7535425101214575 0.610655737704918 0.7672064777327935 0.6608606557377049 0.7844129554655871 0.6629098360655737 0.7930161943319838 0.6383196721311475 0.7960526315789473 0.6075819672131147 0.7894736842105263 0.5256147540983607 0.7828947368421053 0.5102459016393442 0.7692307692307693 0.5225409836065574 0.756578947368421 0.5184426229508197 0.7479757085020243 0.5266393442622951
0 0.7044534412955465 0.5758196721311475 0.7039473684210527 0.5942622950819673 0.7162454453441295 0.6376987704918032 0.7226720647773279 0.6905737704918032 0.7358299595141701 0.7346311475409836 0.7444331983805668 0.7418032786885246 0.7515182186234818 0.7274590163934426 0.7422798582995951 0.6720051229508196 0.7643653846153846 0.7193555327868852 0.770242914979757 0.6844262295081968 0.7489878542510121 0.5676229508196722 0.7370146761133602 0.5536301229508196 0.7236842105263158 0.5686475409836066 0.708502024291498 0.5635245901639344
0 0.6589068825910931 0.6065573770491803 0.6553643724696356 0.6147540983606558 0.6578947368421053 0.6424180327868853 0.6735369433198382 0.6779456967213114 0.6918016194331984 0.7612704918032787 0.7054655870445344 0.7807377049180327 0.7074898785425101 0.7766393442622951 0.7069838056680162 0.7663934426229508 0.6910880566801619 0.6957018442622951 0.6945986842105263 0.6832725409836066 0.7060070850202429 0.7128668032786886 0.7270688259109312 0.7619928278688525 0.7282388663967612 0.7387295081967213 0.7090080971659919 0.6598360655737705 0.7074898785425101 0.6157786885245902 0.7039473684210527 0.5952868852459017 0.6842105263157895 0.5881147540983607 0.6740890688259109 0.6045081967213115
0 0.6275303643724697 0.6290983606557377 0.6265182186234818 0.6434426229508197 0.6381578947368421 0.6905737704918032 0.6487854251012146 0.7622950819672131 0.6594129554655871 0.7930327868852459 0.667004048582996 0.805327868852459 0.6695344129554656 0.7971311475409836 0.659919028340081 0.7120901639344263 0.6578947368421053 0.6270491803278688 0.6427125506072875 0.6209016393442623
0 0.6017206477732794 0.6413934426229508 0.6022267206477733 0.6608606557377049 0.6194331983805668 0.7694672131147541 0.6229757085020243 0.8084016393442623 0.6305668016194332 0.8002049180327869 0.6336032388663968 0.7899590163934426 0.6305668016194332 0.6567622950819673 0.6255060728744939 0.6506147540983607 0.6275303643724697 0.6383196721311475 0.625 0.6311475409836066 0.6194331983805668 0.6260245901639344 0.6143724696356275 0.6260245901639344
0 0.576417004048583 0.6342213114754098 0.5789473684210527 0.7786885245901639 0.5895748987854251 0.8094262295081968 0.5956477732793523 0.8186475409836066 0.5991902834008097 0.798155737704918 0.5996963562753036 0.6383196721311475 0.5880566801619433 0.6219262295081968 0.5799595141700404 0.625
0 0.5566801619433198 0.6557377049180327 0.5578436234817814 0.6854344262295082 0.555161943319838 0.7592213114754098 0.5566801619433198 0.7745901639344263 0.5642712550607287 0.7756147540983607 0.5723684210526315 0.7202868852459017 0.5759109311740891 0.6383196721311475 0.5678137651821862 0.6301229508196722 0.5607287449392713 0.6301229508196722 0.5576923076923077 0.6362704918032787
0 0.5389676113360324 0.632172131147541 0.5384615384615384 0.7397540983606558 0.542004048582996 0.7674180327868853 0.5465587044534413 0.7704918032786885 0.5526315789473685 0.757172131147541 0.555161943319838 0.6639344262295082 0.555503036437247 0.6339405737704918 0.5450404858299596 0.6290983606557377
0 0.5197368421052632 0.6362704918032787 0.5215308704453442 0.6911506147540983 0.5217611336032388 0.7684426229508197 0.5253036437246964 0.7756147540983607 0.5334964574898786 0.7666854508196721 0.5376442307692307 0.6714590163934426 0.5404858299595142 0.6372950819672131 0.5369433198380567 0.6301229508196722 0.5253036437246964 0.6311475409836066
0 0.5010121457489879 0.6454918032786885 0.5010121457489879 0.7008196721311475 0.5045546558704453 0.735655737704918 0.5020242914979757 0.7786885245901639 0.5040485829959515 0.7838114754098361 0.5111336032388664 0.7838114754098361 0.5156882591093117 0.7786885245901639 0.5187246963562753 0.6383196721311475 0.5151821862348178 0.6331967213114754 0.5075910931174089 0.6342213114754098 0.5025303643724697 0.6383196721311475
0 0.46963562753036436 0.7551229508196722 0.4691295546558704 0.7786885245901639 0.472165991902834 0.7909836065573771 0.48228744939271256 0.7920081967213115 0.48785425101214575 0.7827868852459017 0.4883603238866397 0.75 0.49898785425101216 0.6895491803278688 0.5010121457489879 0.6618852459016393 0.49898785425101216 0.6383196721311475 0.4934210526315789 0.6270491803278688 0.4888663967611336 0.6260245901639344 0.4777327935222672 0.6424180327868853 0.4726720647773279 0.6885245901639344
0 0.44635627530364375 0.6372950819672131 0.4468669028340081 0.6798524590163934 0.4433198380566802 0.7551229508196722 0.4392712550607287 0.798155737704918 0.44281376518218624 0.805327868852459 0.44686234817813764 0.8032786885245902 0.4534412955465587 0.7838114754098361 0.4664903846153846 0.6947008196721312 0.4757085020242915 0.6506147540983607 0.47520242914979755 0.6424180327868853 0.46305668016194335 0.6239754098360656 0.45040485829959515 0.6270491803278688
0 0.40941295546558704 0.7469262295081968 0.4084008097165992 0.7704918032786885 0.41194331983805665 0.7848360655737705 0.42054655870445345 0.7735655737704918 0.42611336032388664 0.7581967213114754 0.42965587044534415 0.7284836065573771 0.44534412955465585 0.6536885245901639 0.4458502024291498 0.6290983606557377 0.4352226720647773 0.617827868852459 0.430668016194332 0.6157786885245902 0.4185222672064777 0.6229508196721312
0 0.3724696356275304 0.6188524590163934 0.37196356275303644 0.6424180327868853 0.3691715587044534 0.6717920081967212 0.3507085020242915 0.7592213114754098 0.3532388663967611 0.7653688524590164 0.3598178137651822 0.764344262295082 0.37443674089068824 0.7202120901639344 0.38416852226720644 0.6995532786885246 0.3867211538461538 0.7111741803278688 0.3816158906882591 0.7366752049180328 0.3827322874493927 0.7689549180327869 0.39220647773279355 0.764344262295082 0.4084008097165992 0.6844262295081968 0.4159919028340081 0.6608606557377049 0.4180161943319838 0.6239754098360656 0.4043522267206478 0.610655737704918 0.3825910931174089 0.6034836065573771 0.3765182186234818 0.6034836065573771
0 0.2990890688259109 0.7008196721311475 0.3062338056680162 0.7295481557377049 0.33670597165991906 0.6779006147540984 0.33351518218623477 0.7056608606557377 0.3181993927125506 0.7421372950819672 0.3309716599190283 0.7561475409836066 0.3355263157894737 0.7510245901639344 0.33704453441295545 0.7418032786885246 0.35425506072874496 0.6882305327868852 0.3599984817813765 0.6675706967213114 0.3714574898785425 0.639344262295082 0.37196356275303644 0.6065573770491803 0.34615384615384615 0.5891393442622951 0.34210526315789475 0.5819672131147541 0.3284412955465587 0.5911885245901639 0.3233805668016194 0.6137295081967213 0.32034412955465585 0.6495901639344263 0.3145298582995951 0.6704764344262295
0 0.2722672064777328 0.6752049180327869 0.2717611336032389 0.6926229508196722 0.27479757085020245 0.7038934426229508 0.2808704453441296 0.7110655737704918 0.2965587044534413 0.7038934426229508 0.3066801619433198 0.6864754098360656 0.3157894736842105 0.6290983606557377 0.3274291497975709 0.5922131147540983 0.3228744939271255 0.5676229508196722 0.3081983805668016 0.5686475409836066 0.2950404858299595 0.555327868852459 0.2854251012145749 0.5645491803278688 0.28036437246963564 0.5788934426229508 0.2808704453441296 0.617827868852459