0 0.3188259109311741 0.5471311475409836 0.32034412955465585 0.5676229508196722 0.32793522267206476 0.5799180327868853 0.3415991902834008 0.5891393442622951 0.3507085020242915 0.5819672131147541 0.3527327935222672 0.5081967213114754 0.3567813765182186 0.46209016393442626 0.3527327935222672 0.4375 0.3415991902834008 0.4149590163934426 0.3375506072874494 0.41598360655737704 0.33046558704453444 0.444672131147541 0.3284412955465587 0.48565573770491804
0 0.3598178137651822 0.4713114754098361 0.3522267206477733 0.5706967213114754 0.3527327935222672 0.5870901639344263 0.36082995951417 0.6024590163934426 0.36791497975708504 0.5993852459016393 0.3825910931174089 0.6034836065573771 0.3896761133603239 0.5911885245901639 0.39068825910931176 0.5788934426229508 0.3876518218623482 0.5450819672131147 0.3866396761133603 0.44979508196721313 0.38461538461538464 0.4426229508196721 0.3715475708502024 0.49117725409836066 0.3638663967611336 0.4600409836065574
0 0.39119433198380565 0.4456967213114754 0.39119433198380565 0.5799180327868853 0.3967611336032389 0.5911885245901639 0.4048582995951417 0.5911885245901639 0.41194331983805665 0.5840163934426229 0.4159919028340081 0.5706967213114754 0.4089068825910931 0.4918032786885246 0.40941295546558704 0.4323770491803279 0.4048582995951417 0.4047131147540984 0.3992914979757085 0.4077868852459016
0 0.4382591093117409 0.4456967213114754 0.4352226720647773 0.5819672131147541 0.4392712550607287 0.5973360655737705 0.4483805668016194 0.6014344262295082 0.458502024291498 0.5911885245901639 0.45951417004048584 0.5665983606557377 0.4569838056680162 0.5379098360655737 0.4559716599190283 0.4487704918032787 0.4473684210526316 0.39959016393442626 0.4423076923076923 0.40061475409836067
0 0.46710526315789475 0.4375 0.4610323886639676 0.555327868852459 0.46153846153846156 0.5881147540983607 0.4691295546558704 0.6065573770491803 0.4782388663967611 0.6075819672131147 0.4832995951417004 0.5952868852459017 0.48279352226720645 0.5081967213114754 0.47520242914979755 0.43135245901639346 0.47115384615384615 0.4149590163934426 0.4686234817813765 0.41905737704918034
0 0.4832995951417004 0.4702868852459016 0.48279352226720645 0.569672131147541 0.4848178137651822 0.6045081967213115 0.4924089068825911 0.6157786885245902 0.5101214574898786 0.6157786885245902 0.5151821862348178 0.6004098360655737 0.513663967611336 0.5543032786885246 0.5020242914979757 0.4415983606557377 0.49038461538461536 0.42110655737704916 0.4853238866396761 0.42725409836065575
0 0.548582995951417 0.45389344262295084 0.5465587044534413 0.49077868852459017 0.5480769230769231 0.5850409836065574 0.5511133603238867 0.6004098360655737 0.562753036437247 0.6024590163934426 0.5668016194331984 0.5983606557377049 0.5718623481781376 0.5809426229508197 0.569331983805668 0.4426229508196721 0.5592105263157895 0.4293032786885246
0 0.5769230769230769 0.44672131147540983 0.5774291497975709 0.49077868852459017 0.5728744939271255 0.5522540983606558 0.5738866396761133 0.5778688524590164 0.5824898785425101 0.5993852459016393 0.5921052631578947 0.6014344262295082 0.6002024291497976 0.5870901639344263 0.6022267206477733 0.576844262295082 0.5996963562753036 0.45081967213114754 0.6032388663967612 0.41905737704918034 0.6032388663967612 0.38831967213114754 0.5915991902834008 0.38422131147540983 0.5819838056680162 0.39344262295081966
0 0.6928137651821862 0.44979508196721313 0.6918016194331984 0.5491803278688525 0.694331983805668 0.5819672131147541 0.7120445344129555 0.6024590163934426 0.7353238866396761 0.5891393442622951 0.7388663967611336 0.5737704918032787 0.7388663967611336 0.5594262295081968 0.7302631578947368 0.5174180327868853 0.7312753036437247 0.4702868852459016 0.7257085020242915 0.430327868852459 0.7211538461538461 0.42315573770491804 0.7049595141700404 0.42725409836065575
0 0.6523279352226721 0.4139344262295082 0.6553643724696356 0.42213114754098363 0.6573886639676113 0.44672131147540983 0.6584008097165992 0.5194672131147541 0.645242914979757 0.5409836065573771 0.645748987854251 0.5563524590163934 0.6573886639676113 0.5911885245901639 0.6614372469635628 0.5963114754098361 0.6892712550607287 0.5993852459016393 0.6933198380566802 0.5952868852459017 0.694838056680162 0.5614754098360656 0.6897773279352226 0.5020491803278688 0.6781376518218624 0.4344262295081967 0.6740890688259109 0.42725409836065575 0.6695344129554656 0.39959016393442626 0.6568825910931174 0.3985655737704918
0 0.6295546558704453 0.4334016393442623 0.6288653846153845 0.4630512295081967 0.6281781376518218 0.4943319672131148 0.6300607287449392 0.5471311475409836 0.6300607287449392 0.5676229508196722 0.6391700404858299 0.5829918032786885 0.6518218623481782 0.5829918032786885 0.6568825910931174 0.5758196721311475 0.652834008097166 0.5645491803278688 0.6624493927125507 0.44672131147540983 0.6594129554655871 0.44364754098360654 0.6553643724696356 0.42520491803278687 0.6381578947368421 0.39139344262295084
0 0.6007085020242915 0.45491803278688525 0.5996963562753036 0.5286885245901639 0.6027327935222672 0.5850409836065574 0.6103238866396761 0.5983606557377049 0.6194331983805668 0.6024590163934426 0.6285425101214575 0.5860655737704918 0.631578947368421 0.5635245901639344 0.6290485829959515 0.5235655737704918 0.6351214574898786 0.4088114754098361 0.6300607287449392 0.3831967213114754 0.6260121457489879 0.38114754098360654 0.6088056680161943 0.39241803278688525
0 0.6017206477732794 0.6311475409836066 0.6022267206477733 0.6454918032786885 0.6123481781376519 0.6690573770491803 0.6229757085020243 0.7079918032786885 0.6244939271255061 0.7274590163934426 0.6356275303643725 0.7838114754098361 0.6411943319838057 0.7930327868852459 0.6497975708502024 0.7930327868852459 0.6538461538461539 0.7827868852459017 0.6543522267206477 0.7674180327868853 0.645242914979757 0.7090163934426229 0.6396761133603239 0.6260245901639344 0.6341093117408907 0.6147540983606558 0.6270242914979757 0.6147540983606558
0 0.5824898785425101 0.6413934426229508 0.5799595141700404 0.6465163934426229 0.5799595141700404 0.6598360655737705 0.6027327935222672 0.7776639344262295 0.611336032388664 0.7940573770491803 0.6189271255060729 0.7930327868852459 0.6229757085020243 0.7827868852459017 0.6118421052631579 0.6403688524590164 0.6062753036437247 0.6301229508196722 0.5915991902834008 0.6280737704918032
0 0.5592105263157895 0.6444672131147541 0.5662955465587044 0.7704918032786885 0.5718623481781376 0.7940573770491803 0.5769230769230769 0.798155737704918 0.5840080971659919 0.7899590163934426 0.5875506072874493 0.7725409836065574 0.5860323886639676 0.6844262295081968 0.5876396761133603 0.6404784836065573 0.5769230769230769 0.6342213114754098 0.5642712550607287 0.6311475409836066
0 0.5374493927125507 0.6475409836065574 0.5399797570850202 0.7694672131147541 0.5521255060728745 0.7776639344262295 0.5566801619433198 0.7694672131147541 0.5581983805668016 0.7592213114754098 0.5612348178137652 0.6424180327868853 0.5506072874493927 0.6383196721311475
0 0.520748987854251 0.6506147540983607 0.5237854251012146 0.7530737704918032 0.5293522267206477 0.7622950819672131 0.5379554655870445 0.7479508196721312 0.5384615384615384 0.6680327868852459 0.5374493927125507 0.6557377049180327 0.5334008097165992 0.6444672131147541
0 0.4974696356275304 0.7038934426229508 0.4984817813765182 0.7592213114754098 0.5 0.7663934426229508 0.5060728744939271 0.7674180327868853 0.5116396761133604 0.7592213114754098 0.5177125506072875 0.7059426229508197 0.520748987854251 0.6536885245901639 0.5172064777327935 0.6372950819672131 0.5010121457489879 0.6383196721311475
0 0.4772267206477733 0.6506147540983607 0.4767206477732793 0.7602459016393442 0.4777327935222672 0.7684426229508197 0.48228744939271256 0.7756147540983607 0.49139676113360325 0.7674180327868853 0.49038461538461536 0.7633196721311475 0.4949392712550607 0.7520491803278688 0.49949392712550605 0.6618852459016393 0.4984817813765182 0.6372950819672131 0.48582995951417 0.6362704918032787 0.4797570850202429 0.6413934426229508
0 0.45546558704453444 0.6495901639344263 0.4534412955465587 0.6659836065573771 0.45394736842105265 0.7827868852459017 0.4590080971659919 0.7920081967213115 0.4691295546558704 0.7674180327868853 0.47115384615384615 0.7551229508196722 0.47621457489878544 0.6506147540983607 0.47520242914979755 0.6413934426229508 0.47115384615384615 0.639344262295082 0.46153846153846156 0.6424180327868853
0 0.4271255060728745 0.6465163934426229 0.4291497975708502 0.7274590163934426 0.42459514170040485 0.7602459016393442 0.4276315789473684 0.7745901639344263 0.4352226720647773 0.7766393442622951 0.444331983805668 0.7479508196721312 0.4549595141700405 0.6485655737704918 0.4534412955465587 0.6383196721311475 0.4433198380566802 0.6290983606557377 0.43016194331983804 0.6342213114754098