0 0.2854251012145749 0.3094262295081967 0.2813765182186235 0.35348360655737704 0.28694331983805665 0.42725409836065575 0.3061740890688259 0.4415983606557377 0.31983805668016196 0.4375 0.32388663967611336 0.41290983606557374 0.31275303643724695 0.32581967213114754 0.3061740890688259 0.30225409836065575 0.298582995951417 0.29508196721311475 0.29200404858299595 0.29713114754098363
0 0.26036993927125507 0.5392120901639343 0.25 0.5850409836065574 0.27821356275303644 0.5559928278688525 0.2555668016194332 0.6034836065573771 0.2834008097165992 0.6004098360655737 0.31983805668016196 0.507172131147541 0.3233805668016194 0.4918032786885246 0.3233805668016194 0.4764344262295082 0.3173076923076923 0.4661885245901639 0.30718623481781376 0.46311475409836067 0.2909919028340081 0.44979508196721313 0.2823886639676113 0.44979508196721313 0.27479757085020245 0.47438524590163933 0.2687246963562753 0.5081967213114754
0 0.4149797570850202 0.5133196721311475 0.41548582995951416 0.6629098360655737 0.41953441295546556 0.6782786885245902 0.4276315789473684 0.6813524590163934 0.4316801619433198 0.6772540983606558 0.4357287449392713 0.6577868852459017 0.44245242914979754 0.5142879098360655 0.4326923076923077 0.4989754098360656 0.4266194331983806 0.4959016393442623
0 0.4397773279352227 0.5092213114754098 0.43876518218623484 0.5881147540983607 0.4407894736842105 0.6588114754098361 0.44534412955465585 0.680327868852459 0.4509109311740891 0.6823770491803278 0.45799595141700405 0.673155737704918 0.46305668016194335 0.6506147540983607 0.4665991902834008 0.5174180327868853 0.45546558704453444 0.48155737704918034 0.44686234817813764 0.48975409836065575
0 0.46558704453441296 0.5102459016393442 0.465080971659919 0.6680327868852459 0.4665991902834008 0.6813524590163934 0.47520242914979755 0.6834016393442623 0.4873481781376518 0.6495901639344263 0.49139676113360325 0.5952868852459017 0.4898785425101215 0.5317622950819673 0.48785425101214575 0.5010245901639344 0.4853238866396761 0.49077868852459017 0.4777327935222672 0.47950819672131145 0.4726720647773279 0.48258196721311475
0 0.4893724696356275 0.48258196721311475 0.4873481781376518 0.48975409836065575 0.4898785425101215 0.5348360655737705 0.49696356275303644 0.6116803278688525 0.5025303643724697 0.6424180327868853 0.5096153846153846 0.6454918032786885 0.5131578947368421 0.6045081967213115 0.5091093117408907 0.4764344262295082 0.5020242914979757 0.4713114754098361
0 0.5116396761133604 0.47540983606557374 0.5227732793522267 0.6034836065573771 0.5328947368421053 0.617827868852459 0.5359311740890689 0.5983606557377049 0.5364372469635628 0.5676229508196722 0.5313765182186235 0.4672131147540984 0.52834008097166 0.45799180327868855
0 0.5314205465587044 0.4669702868852459 0.5354251012145749 0.4887295081967213 0.541497975708502 0.5614754098360656 0.5409919028340081 0.6065573770491803 0.5435222672064778 0.625 0.542004048582996 0.6362704918032787 0.5455465587044535 0.6424180327868853 0.5526315789473685 0.6270491803278688 0.5546558704453441 0.6065573770491803 0.5526315789473685 0.45901639344262296 0.5480769230769231 0.45491803278688525
0 0.5521255060728745 0.4426229508196721 0.5526315789473685 0.48565573770491804 0.5587044534412956 0.5379098360655737 0.5581983805668016 0.5758196721311475 0.562246963562753 0.6147540983606558 0.5657894736842105 0.617827868852459 0.5708502024291497 0.6065573770491803 0.5708502024291497 0.5317622950819673 0.5754048582995951 0.4395491803278688 0.5718623481781376 0.4354508196721312
0 0.5769230769230769 0.4487704918032787 0.5769099190283401 0.5325676229508196 0.5748987854251012 0.6229508196721312 0.5804655870445344 0.6434426229508197 0.5875506072874493 0.6465163934426229 0.5931174089068826 0.6372950819672131 0.5976720647773279 0.6045081967213115 0.5992778340080972 0.5595184426229508 0.5997803643724696 0.5346014344262294 0.6027327935222672 0.4969262295081967 0.6002828947368422 0.4353934426229508 0.5875506072874493 0.42725409836065575 0.5784412955465587 0.4364754098360656
0 0.6012145748987854 0.4375 0.5981781376518218 0.44672131147540983 0.5981781376518218 0.47438524590163933 0.6057692307692307 0.5758196721311475 0.611336032388664 0.6065573770491803 0.6224696356275303 0.6065573770491803 0.6280364372469636 0.45799180327868855 0.6239878542510121 0.4426229508196721 0.6133603238866396 0.42008196721311475 0.6072874493927125 0.42213114754098363
0 0.7090080971659919 0.4057377049180328 0.7105263157894737 0.41700819672131145 0.7201417004048583 0.4364754098360656 0.7262145748987854 0.4405737704918033 0.7403846153846154 0.4375 0.7469635627530364 0.4036885245901639 0.7646761133603239 0.34938524590163933 0.7717611336032388 0.3104508196721312 0.7717611336032388 0.28790983606557374 0.7601214574898786 0.2858606557377049 0.7520242914979757 0.2930327868852459 0.7236842105263158 0.3524590163934426
0 0.6776315789473685 0.30635245901639346 0.6644736842105263 0.44672131147540983 0.667004048582996 0.45901639344262296 0.6766194331983806 0.4733606557377049 0.6978744939271255 0.4805327868852459 0.7049595141700404 0.4641393442622951 0.7059716599190283 0.42008196721311475 0.7095141700404858 0.3944672131147541 0.7181174089068826 0.36577868852459017 0.7201417004048583 0.3411885245901639 0.7160931174089069 0.33094262295081966 0.715080971659919 0.3094262295081967 0.701417004048583 0.2930327868852459 0.6902834008097166 0.2930327868852459
0 0.6573886639676113 0.2786885245901639 0.6361336032388664 0.42315573770491804 0.6361336032388664 0.4334016393442623 0.6432186234817814 0.45799180327868855 0.6487854251012146 0.4723360655737705 0.652834008097166 0.47540983606557374 0.6578947368421053 0.4733606557377049 0.6649797570850202 0.4569672131147541 0.6771255060728745 0.3452868852459016 0.6761133603238867 0.33094262295081966 0.6781376518218624 0.3155737704918033 0.6756072874493927 0.28688524590163933 0.6720647773279352 0.2786885245901639 0.6654858299595142 0.27151639344262296
0 0.6143724696356275 0.4057377049180328 0.6163967611336032 0.4262295081967213 0.6295546558704453 0.4641393442622951 0.6346153846153846 0.46311475409836067 0.6406882591093117 0.45389344262295084 0.6427125506072875 0.44672131147540983 0.6487854251012146 0.3319672131147541 0.6538461538461539 0.29918032786885246 0.6503036437246964 0.2786885245901639 0.6422064777327935 0.2540983606557377 0.6376518218623481 0.2581967213114754 0.6310728744939271 0.2827868852459016
0 0.590080971659919 0.38934426229508196 0.5875506072874493 0.4139344262295082 0.5991902834008097 0.4364754098360656 0.6027327935222672 0.4344262295081967 0.6143724696356275 0.4067622950819672 0.6224696356275303 0.36270491803278687 0.6255060728744939 0.32786885245901637 0.6275303643724697 0.32581967213114754 0.6361336032388664 0.25922131147540983 0.6346153846153846 0.2387295081967213 0.6270242914979757 0.22131147540983606 0.6224696356275303 0.22745901639344263 0.6174089068825911 0.24487704918032788
0 0.5652834008097166 0.39651639344262296 0.5637651821862348 0.42110655737704916 0.5678137651821862 0.4323770491803279 0.5789473684210527 0.42827868852459017 0.5850202429149798 0.41598360655737704 0.5961538461538461 0.2786885245901639 0.5951417004048583 0.26331967213114754 0.5915991902834008 0.2551229508196721 0.5880566801619433 0.257172131147541 0.5789473684210527 0.2786885245901639
0 0.5354251012145749 0.39139344262295084 0.5344129554655871 0.4180327868852459 0.5364372469635628 0.43135245901639346 0.555161943319838 0.4364754098360656 0.562246963562753 0.430327868852459 0.5678137651821862 0.2899590163934426 0.5566801619433198 0.2551229508196721 0.5526315789473685 0.2520491803278688 0.5480769230769231 0.2551229508196721
0 0.5015182186234818 0.26229508196721313 0.5010121457489879 0.3176229508196721 0.5045546558704453 0.42315573770491804 0.5055668016194332 0.43135245901639346 0.5172064777327935 0.4323770491803279 0.5328947368421053 0.42213114754098363 0.5334008097165992 0.38422131147540983 0.527834008097166 0.3463114754098361 0.521255060728745 0.25922131147540983 0.5167004048582996 0.24692622950819673 0.5086032388663968 0.23975409836065573 0.5035425101214575 0.24795081967213115
0 0.4706477732793522 0.26331967213114754 0.4686234817813765 0.29918032786885246 0.4807692307692308 0.42418032786885246 0.4853238866396761 0.4364754098360656 0.4939271255060729 0.444672131147541 0.5015182186234818 0.4375 0.5035425101214575 0.42827868852459017 0.5015182186234818 0.35655737704918034 0.4868421052631579 0.26331967213114754 0.48228744939271256 0.2520491803278688 0.4731781376518219 0.257172131147541
0 0.4397773279352227 0.2807377049180328 0.4392712550607287 0.29815573770491804 0.45040485829959515 0.4426229508196721 0.4564777327935223 0.45901639344262296 0.46710526315789475 0.4661885245901639 0.4777327935222672 0.4323770491803279 0.47874493927125505 0.41598360655737704 0.45951417004048584 0.2899590163934426 0.4509109311740891 0.27151639344262296 0.44281376518218624 0.2735655737704918
0 0.41548582995951416 0.3176229508196721 0.4144736842105263 0.36065573770491804 0.41953441295546556 0.4077868852459016 0.4190283400809717 0.44979508196721313 0.4240890688259109 0.46311475409836067 0.4311740890688259 0.4672131147540984 0.4498987854251012 0.4334016393442623 0.43724696356275305 0.29405737704918034 0.4331983805668016 0.2766393442622951 0.4276315789473684 0.2735655737704918 0.4225708502024291 0.2797131147540984