0 0.32793522267206476 0.45081967213114754 0.32894736842105265 0.47848360655737704 0.3451417004048583 0.4959016393442623 0.354251012145749 0.4969262295081967 0.35931174089068824 0.49077868852459017 0.3638663967611336 0.46311475409836067 0.36538461538461536 0.41905737704918034 0.3765182186234818 0.36475409836065575 0.3765182186234818 0.34938524590163933 0.36538461538461536 0.33709016393442626 0.35374493927125505 0.34938524590163933
0 0.3598178137651822 0.47950819672131145 0.3603238866396761 0.5040983606557377 0.3648785425101215 0.5163934426229508 0.3805668016194332 0.5286885245901639 0.3942307692307692 0.5215163934426229 0.3982793522267207 0.48770491803278687 0.3977732793522267 0.45081967213114754 0.395748987854251 0.3985655737704918 0.3896761133603239 0.3668032786885246 0.3805668016194332 0.36065573770491804 0.3724696356275304 0.3944672131147541 0.37044534412955465 0.42110655737704916
0 0.3977732793522267 0.507172131147541 0.3967611336032389 0.5276639344262295 0.4043522267206478 0.5512295081967213 0.423582995951417 0.5584016393442623 0.4352226720647773 0.5450819672131147 0.4367408906882591 0.5010245901639344 0.4331983805668016 0.4774590163934426 0.43016194331983804 0.39549180327868855 0.4276315789473684 0.39036885245901637 0.41953441295546556 0.39241803278688525 0.41143724696356276 0.4067622950819672 0.41194331983805665 0.4262295081967213
0 0.4352226720647773 0.4077868852459016 0.4342105263157895 0.5491803278688525 0.4367408906882591 0.5604508196721312 0.4438259109311741 0.5717213114754098 0.4478744939271255 0.5727459016393442 0.4660931174089069 0.5409836065573771 0.4519230769230769 0.44774590163934425 0.4498987854251012 0.38934426229508196 0.451417004048583 0.3719262295081967 0.4367408906882591 0.39139344262295084
0 0.4549595141700405 0.36475409836065575 0.4498987854251012 0.39241803278688525 0.451417004048583 0.4395491803278688 0.4559716599190283 0.48258196721311475 0.45293522267206476 0.548155737704918 0.4590080971659919 0.5635245901639344 0.4665991902834008 0.5717213114754098 0.4853238866396761 0.548155737704918 0.48785425101214575 0.5327868852459017 0.4701417004048583 0.3729508196721312 0.4640688259109312 0.35758196721311475
0 0.4767206477732793 0.375 0.47621457489878544 0.5440573770491803 0.4797570850202429 0.5717213114754098 0.4898785425101215 0.5850409836065574 0.5 0.5758196721311475 0.5030364372469636 0.5655737704918032 0.5015182186234818 0.4651639344262295 0.4949392712550607 0.4139344262295082 0.4832995951417004 0.35963114754098363 0.4777327935222672 0.36270491803278687
0 0.5050607287449392 0.4077868852459016 0.5010121457489879 0.47438524590163933 0.5025303643724697 0.5532786885245902 0.5040485829959515 0.5747950819672131 0.5106275303643725 0.5860655737704918 0.521255060728745 0.576844262295082 0.521255060728745 0.492827868852459 0.520242914979757 0.46209016393442626 0.5177125506072875 0.4569672131147541 0.513663967611336 0.4077868852459016 0.5101214574898786 0.39959016393442626
0 0.5217611336032388 0.5409836065573771 0.521255060728745 0.5799180327868853 0.5232793522267206 0.5870901639344263 0.5313765182186235 0.5911885245901639 0.5470647773279352 0.5870901639344263 0.5455465587044535 0.47950819672131145 0.5389676113360324 0.4016393442622951 0.5328947368421053 0.3862704918032787 0.52834008097166 0.39036885245901637
0 0.5460526315789473 0.5327868852459017 0.5445344129554656 0.5737704918032787 0.5475708502024291 0.5860655737704918 0.5592105263157895 0.5911885245901639 0.569331983805668 0.5870901639344263 0.5728744939271255 0.5737704918032787 0.5723684210526315 0.39549180327868855 0.5683198380566802 0.3760245901639344 0.5602226720647774 0.367827868852459 0.5521255060728745 0.4262295081967213
0 0.5743927125506073 0.46311475409836067 0.5718623481781376 0.4959016393442623 0.5743927125506073 0.5676229508196722 0.5774291497975709 0.576844262295082 0.5845141700404858 0.5788934426229508 0.5885627530364372 0.5706967213114754 0.5915991902834008 0.548155737704918 0.5926113360323887 0.4385245901639344 0.5880566801619433 0.4108606557377049 0.5840080971659919 0.4067622950819672 0.5799595141700404 0.41188524590163933
0 0.5931735829959515 0.5138760245901639 0.5941857287449394 0.5579334016393442 0.6012707489878543 0.5753514344262295 0.6088618421052632 0.5774006147540983 0.6164529352226721 0.5569088114754098 0.6134164979757085 0.5384661885245902 0.6154407894736843 0.44625307377049184 0.6124043522267207 0.4032202868852459 0.6093679149797572 0.3919497950819672 0.6002586032388665 0.4073186475409836 0.5977282388663968 0.4237120901639344
0 0.6022267206477733 0.5174180327868853 0.6022267206477733 0.5368852459016393 0.6108299595141701 0.5543032786885246 0.6224696356275303 0.5676229508196722 0.632085020242915 0.5543032786885246 0.6330971659919028 0.4713114754098361 0.6371457489878543 0.4077868852459016 0.6341093117408907 0.38831967213114754 0.6305668016194332 0.3862704918032787 0.6239878542510121 0.39549180327868855
0 0.6295546558704453 0.5153688524590164 0.6305668016194332 0.5430327868852459 0.646255060728745 0.5563524590163934 0.6503036437246964 0.5563524590163934 0.6543522267206477 0.548155737704918 0.6558704453441295 0.4415983606557377 0.65334008097166 0.39549180327868855 0.6503036437246964 0.38934426229508196 0.6427125506072875 0.38831967213114754 0.638663967611336 0.39959016393442626
0 0.6594129554655871 0.39651639344262296 0.6584008097165992 0.4713114754098361 0.6548582995951417 0.492827868852459 0.6543522267206477 0.5286885245901639 0.6568825910931174 0.5399590163934426 0.6680161943319838 0.5440573770491803 0.6923076923076923 0.5245901639344263 0.694331983805668 0.5163934426229508 0.6938259109311741 0.4948770491803279 0.6791497975708503 0.4375 0.6766194331983806 0.39651639344262296 0.6700404858299596 0.39036885245901637 0.6619433198380567 0.39139344262295084
0 0.6928137651821862 0.39959016393442626 0.6918016194331984 0.47438524590163933 0.6963562753036437 0.5092213114754098 0.6998987854251012 0.5174180327868853 0.7095141700404858 0.5215163934426229 0.7257085020242915 0.5061475409836066 0.7312753036437247 0.49077868852459017 0.7312753036437247 0.4774590163934426 0.7145748987854251 0.4036885245901639 0.7049595141700404 0.3944672131147541
0 0.707995951417004 0.5450819672131147 0.708502024291498 0.5706967213114754 0.7206477732793523 0.5942622950819673 0.7262145748987854 0.6188524590163934 0.7403846153846154 0.6547131147540983 0.7540485829959515 0.6700819672131147 0.7677125506072875 0.6680327868852459 0.7727732793522267 0.6608606557377049 0.7747975708502024 0.6444672131147541 0.7722672064777328 0.6403688524590164 0.771255060728745 0.6188524590163934 0.7586032388663968 0.5409836065573771 0.7515182186234818 0.5163934426229508 0.7479757085020243 0.5122950819672131 0.7403846153846154 0.5133196721311475
0 0.666497975708502 0.5932377049180327 0.6659919028340081 0.6055327868852459 0.6685222672064778 0.6168032786885246 0.6973684210526315 0.680327868852459 0.7155870445344129 0.7295081967213115 0.7231781376518218 0.7315573770491803 0.7266179149797571 0.7218391393442622 0.7118218623481781 0.674594262295082 0.7368421052631579 0.7079918032786885 0.7449392712550608 0.7059426229508197 0.7439271255060729 0.6905737704918032 0.7186234817813765 0.6168032786885246 0.7191295546558705 0.5911885245901639 0.7064777327935222 0.5625 0.6892712550607287 0.5676229508196722
0 0.6027327935222672 0.6260245901639344 0.5986842105263158 0.6342213114754098 0.5986842105263158 0.6424180327868853 0.6062753036437247 0.7346311475409836 0.6072874493927125 0.7827868852459017 0.6169028340080972 0.7920081967213115 0.6239878542510121 0.7827868852459017 0.625 0.6424180327868853 0.6214574898785425 0.6290983606557377 0.6108299595141701 0.6188524590163934 0.6067813765182186 0.6188524590163934
0 0.5809716599190283 0.6588114754098361 0.5799595141700404 0.7069672131147541 0.582995951417004 0.7438524590163934 0.5931174089068826 0.7520491803278688 0.6032388663967612 0.7397540983606558 0.6012145748987854 0.6403688524590164 0.5921052631578947 0.6260245901639344 0.5885627530364372 0.6270491803278688 0.5824898785425101 0.6424180327868853
0 0.562246963562753 0.632172131147541 0.5655966599190283 0.6942776639344262 0.562753036437247 0.7336065573770492 0.5607287449392713 0.7756147540983607 0.5642712550607287 0.7858606557377049 0.5683198380566802 0.7879098360655737 0.5784412955465587 0.7090163934426229 0.5814777327935222 0.6413934426229508 0.5718623481781376 0.6229508196721312 0.5642712550607287 0.6229508196721312
0 0.5475708502024291 0.6577868852459017 0.5490890688259109 0.757172131147541 0.5561740890688259 0.7786885245901639 0.5617408906882592 0.7684426229508197 0.5647773279352226 0.6219262295081968 0.5612348178137652 0.610655737704918 0.548582995951417 0.6065573770491803
0 0.5344129554655871 0.6280737704918032 0.5323886639676113 0.680327868852459 0.5354251012145749 0.7592213114754098 0.5394736842105263 0.7745901639344263 0.5450404858299596 0.7756147540983607 0.548582995951417 0.6352459016393442 0.5470647773279352 0.625 0.5374493927125507 0.617827868852459
0 0.5141700404858299 0.625 0.513663967611336 0.6495901639344263 0.5197368421052632 0.7530737704918032 0.521255060728745 0.7674180327868853 0.5293522267206477 0.7766393442622951 0.5328947368421053 0.7715163934426229 0.5317277327935223 0.7560584016393442 0.5344129554655871 0.6188524590163934 0.5313765182186235 0.6137295081967213 0.520748987854251 0.610655737704918
0 0.4984817813765182 0.6557377049180327 0.49696356275303644 0.6905737704918032 0.5005060728744939 0.7469262295081968 0.49949392712550605 0.7848360655737705 0.5040485829959515 0.798155737704918 0.5096153846153846 0.8022540983606558 0.5151821862348178 0.7827868852459017 0.5172064777327935 0.7469262295081968 0.5161943319838057 0.6454918032786885 0.5101214574898786 0.639344262295082 0.5055668016194332 0.6403688524590164
0 0.4726720647773279 0.6536885245901639 0.4741902834008097 0.7909836065573771 0.4782388663967611 0.8073770491803278 0.4832995951417004 0.8073770491803278 0.49291497975708504 0.7868852459016393 0.49544534412955465 0.7694672131147541 0.4926573886639676 0.7345348360655737 0.49898785425101216 0.6557377049180327 0.4949392712550607 0.6454918032786885 0.48279352226720645 0.6331967213114754 0.4757085020242915 0.6383196721311475
0 0.3431174089068826 0.6997950819672131 0.34463562753036436 0.7243852459016393 0.3746371457489879 0.6806577868852459 0.3648785425101215 0.7469262295081968 0.3724696356275304 0.7459016393442623 0.38866396761133604 0.7120901639344263 0.3972672064777328 0.673155737704918 0.41953441295546556 0.6198770491803278 0.4215587044534413 0.6075819672131147 0.42054655870445345 0.5952868852459017 0.40131578947368424 0.5819672131147541 0.39979757085020245 0.576844262295082 0.38461538461538464 0.5706967213114754 0.3785425101214575 0.5737704918032787 0.3683947368421053 0.6399620901639343
0 0.3132591093117409 0.6352459016393442 0.3132591093117409 0.6618852459016393 0.32135627530364375 0.6854508196721312 0.3355263157894737 0.6813524590163934 0.3451417004048583 0.6700819672131147 0.3567813765182186 0.6424180327868853 0.37449392712550605 0.5870901639344263 0.3770242914979757 0.5635245901639344 0.37398785425101216 0.5522540983606558 0.3699392712550607 0.5471311475409836 0.3623481781376518 0.548155737704918 0.3451417004048583 0.5317622950819673 0.3324898785425101 0.5327868852459017 0.32793522267206476 0.548155737704918 0.3188259109311741 0.6188524590163934