0 0.2717117117117117 0.2810810810810811 0.2727927927927928 0.3195945945945946 0.274954954954955 0.3385135135135135 0.274954954954955 0.422972972972973 0.28 0.4358108108108108 0.29081081081081084 0.4472972972972973 0.3030630630630631 0.452027027027027 0.310990990990991 0.4445945945945946 0.3181981981981982 0.43243243243243246 0.3181981981981982 0.41621621621621624 0.3081081081081081 0.3560810810810811 0.3073873873873874 0.30675675675675673 0.3030630630630631 0.3 0.2951351351351351 0.30067567567567566 0.2882882882882883 0.28952702702702704 0.28684684684684686 0.2810810810810811 0.27927927927927926 0.2743243243243243
0 0.3254054054054054 0.36824324324324326 0.3138738738738739 0.4574324324324324 0.31423423423423424 0.475 0.32216216216216215 0.4912162162162162 0.3372972972972973 0.5020270270270271 0.3434234234234234 0.5020270270270271 0.35315315315315315 0.4939189189189189 0.35783783783783785 0.4831081081081081 0.3592792792792793 0.47364864864864864 0.3581981981981982 0.4391891891891892 0.3567567567567568 0.43716216216216214 0.3520720720720721 0.3966216216216216 0.35315315315315315 0.34864864864864864 0.3466666666666667 0.3081081081081081 0.34162162162162163 0.30743243243243246 0.338018018018018 0.3108108108108108 0.33153153153153153 0.3304054054054054 0.3286486486486486 0.3621621621621622
0 0.35567567567567565 0.4418918918918919 0.3563963963963964 0.4594594594594595 0.3535135135135135 0.48243243243243245 0.3581981981981982 0.4851351351351351 0.36036036036036034 0.5013513513513513 0.3646846846846847 0.5101351351351351 0.39135135135135135 0.48986486486486486 0.39387387387387385 0.44391891891891894 0.39315315315315313 0.3885135135135135 0.3863063063063063 0.34054054054054056 0.3809009009009009 0.3290540540540541 0.3744144144144144 0.33378378378378376
0 0.3963963963963964 0.32972972972972975 0.3956756756756757 0.3587837837837838 0.3801801801801802 0.5020270270270271 0.3823423423423423 0.5128378378378379 0.39207207207207206 0.527027027027027 0.409009009009009 0.5168918918918919 0.41621621621621624 0.5006756756756757 0.4172972972972973 0.4905405405405405 0.41549549549549547 0.3493243243243243 0.409009009009009 0.3081081081081081 0.4043243243243243 0.30743243243243246 0.40216216216216216 0.31013513513513513
0 0.41621621621621624 0.33378378378378376 0.4165765765765766 0.48412162162162165 0.41333333333333333 0.5074324324324324 0.4111711711711712 0.5094594594594595 0.4111711711711712 0.5162162162162162 0.41693693693693695 0.5277027027027027 0.4237837837837838 0.5297297297297298 0.43315315315315317 0.5256756756756756 0.44 0.5108108108108108 0.4385585585585586 0.47162162162162163 0.43963963963963965 0.4175675675675676 0.4335135135135135 0.31013513513513513 0.42954954954954955 0.30743243243243246 0.4198198198198198 0.3108108108108108
0 0.4392792792792793 0.4452702702702703 0.44 0.5121621621621621 0.4385585585585586 0.5216216216216216 0.4425225225225225 0.5297297297297298 0.4464864864864865 0.5317567567567567 0.45693693693693693 0.5297297297297298 0.4641441441441441 0.5243243243243243 0.46846846846846846 0.5135135135135135 0.4681081081081081 0.3722972972972973 0.46378378378378377 0.3472972972972973 0.4587387387387387 0.3398648648648649 0.4526126126126126 0.34054054054054056 0.4486486486486487 0.3493243243243243
0 0.4681081081081081 0.43716216216216214 0.46846846846846846 0.4814189189189189 0.4666666666666667 0.5256756756756756 0.4735135135135135 0.5337837837837838 0.49513513513513513 0.5297297297297298 0.4990990990990991 0.5236486486486487 0.5005405405405405 0.5148648648648648 0.4962162162162162 0.4614864864864865 0.501981981981982 0.4506756756756757 0.501981981981982 0.4418918918918919 0.5001801801801802 0.4418918918918919 0.49657657657657656 0.4243243243243243 0.4936936936936937 0.34797297297297297 0.49045045045045044 0.3452702702702703 0.4836036036036036 0.34662162162162163 0.4763963963963964 0.36283783783783785 0.4702702702702703 0.39594594594594595
0 0.503063063063063 0.43175675675675673 0.4990990990990991 0.5297297297297298 0.5167567567567568 0.5364864864864864 0.525045045045045 0.5364864864864864 0.5311711711711712 0.5317567567567567 0.5333333333333333 0.5155405405405405 0.5326126126126126 0.48783783783783785 0.5304504504504505 0.47297297297297297 0.5326126126126126 0.4189189189189189 0.5268468468468468 0.3614864864864865 0.5214414414414414 0.34121621621621623 0.5163963963963965 0.34121621621621623 0.5124324324324324 0.3452702702702703 0.5055855855855856 0.3885135135135135
0 0.534054054054054 0.40337837837837837 0.5326126126126126 0.43513513513513513 0.5365765765765765 0.46013513513513515 0.5336936936936937 0.4966216216216216 0.534054054054054 0.5135135135135135 0.5354954954954955 0.5182432432432432 0.5441441441441441 0.527027027027027 0.5513513513513514 0.529054054054054 0.5571171171171171 0.5216216216216216 0.5596396396396396 0.5101351351351351 0.5585585585585585 0.4486486486486487 0.5596396396396396 0.4155405405405405 0.5567567567567567 0.4 0.5556756756756757 0.3567567567567568 0.5524324324324325 0.34864864864864864 0.5445045045045045 0.34662162162162163 0.5390990990990991 0.3533783783783784
0 0.5614414414414415 0.44797297297297295 0.5607207207207208 0.5135135135135135 0.5726126126126126 0.5304054054054054 0.5794594594594594 0.5337837837837838 0.5834234234234235 0.5324324324324324 0.5881081081081081 0.5216216216216216 0.5902702702702702 0.5094594594594595 0.596036036036036 0.35743243243243245 0.596036036036036 0.31756756756756754 0.5895495495495495 0.31013513513513513 0.5841441441441442 0.30675675675675673 0.5747747747747748 0.31013513513513513 0.5682882882882883 0.3398648648648649
0 0.5834234234234235 0.4452702702702703 0.5812612612612612 0.4905405405405405 0.5837837837837838 0.5033783783783784 0.5881081081081081 0.5074324324324324 0.5956756756756757 0.5087837837837837 0.6181776576576576 0.5193804054054054 0.6115315315315315 0.43445945945945946 0.6063045045045045 0.3744054054054054 0.6032432432432432 0.3567567567567568 0.5996396396396396 0.34256756756756757 0.5956756756756757 0.3418918918918919 0.587027027027027 0.3878378378378378
0 0.6144144144144145 0.3358108108108108 0.6118918918918919 0.4837837837837838 0.6183783783783784 0.5027027027027027 0.6277477477477478 0.5128378378378379 0.6345945945945946 0.5141891891891892 0.6446846846846847 0.4945945945945946 0.6353153153153153 0.3567567567567568 0.6299099099099099 0.34324324324324323 0.6284684684684685 0.325 0.6237837837837837 0.3202702702702703 0.6165765765765766 0.3256756756756757
0 0.6392792792792793 0.4466216216216216 0.6385585585585586 0.4777027027027027 0.6414414414414414 0.4837837837837838 0.6537974774774775 0.5050263513513513 0.6817571171171171 0.4870837837837838 0.6814414414414415 0.4574324324324324 0.6724324324324324 0.40135135135135136 0.6763963963963964 0.36486486486486486 0.6645045045045045 0.31756756756756754 0.6594594594594595 0.3162162162162162 0.6547747747747747 0.3195945945945946 0.6464864864864864 0.3452702702702703 0.6443243243243243 0.40945945945945944
0 0.701981981981982 0.4668918918918919 0.701981981981982 0.47635135135135137 0.7063063063063063 0.49324324324324326 0.7124324324324325 0.5 0.7272072072072072 0.5331081081081082 0.745945945945946 0.5641891891891891 0.7682882882882883 0.5655405405405406 0.7751351351351351 0.5621621621621622 0.7787387387387388 0.5560810810810811 0.7780180180180181 0.5283783783783784 0.7672072072072073 0.48986486486486486 0.7614414414414414 0.48445945945945945 0.7455855855855856 0.4358108108108108 0.7394594594594595 0.42702702702702705 0.7308108108108108 0.42364864864864865 0.7052252252252252 0.4581081081081081
0 0.6544144144144144 0.5175675675675676 0.6533333333333333 0.529054054054054 0.6576576576576577 0.5466216216216216 0.6785585585585585 0.5763513513513514 0.7009009009009008 0.6135135135135135 0.7131531531531532 0.6216216216216216 0.7171171171171171 0.6195945945945946 0.7174774774774775 0.6141891891891892 0.723963963963964 0.6006756756756757 0.7354954954954955 0.6108108108108108 0.7401801801801802 0.6101351351351352 0.7448648648648649 0.6047297297297297 0.745945945945946 0.5952702702702702 0.7409009009009009 0.5804054054054054 0.7077477477477477 0.5304054054054054 0.6947747747747748 0.48986486486486486 0.6897297297297297 0.4817567567567568 0.6774774774774774 0.4804054054054054 0.6724324324324324 0.4837837837837838 0.6691891891891892 0.49864864864864866 0.6583783783783784 0.5094594594594595
0 0.590990990990991 0.5331081081081082 0.5877477477477477 0.5412162162162162 0.5927927927927928 0.5682432432432433 0.594954954954955 0.5709459459459459 0.6036036036036037 0.6189189189189189 0.6028828828828828 0.6297297297297297 0.6064864864864865 0.6337837837837837 0.6136936936936936 0.677027027027027 0.6176576576576577 0.6844594594594594 0.6237837837837837 0.6851351351351351 0.6266666666666667 0.6777027027027027 0.6299099099099099 0.6533783783783784 0.6205405405405405 0.5743243243243243 0.6209009009009009 0.5331081081081082 0.6190990990990991 0.529054054054054 0.6061261261261262 0.5243243243243243 0.6 0.525
0 0.5610810810810811 0.5554054054054054 0.5772972972972973 0.6898648648648649 0.5794594594594594 0.6966216216216217 0.5888288288288288 0.6952702702702702 0.592072072072072 0.6918918918918919 0.5935135135135136 0.6837837837837838 0.5917117117117117 0.6432432432432432 0.5931531531531532 0.5601351351351351 0.5906306306306306 0.5459459459459459 0.5877477477477477 0.5391891891891892 0.5711711711711712 0.5337837837837838
0 0.5405405405405406 0.5756756756756757 0.5398198198198199 0.6493243243243243 0.5423423423423424 0.6966216216216217 0.550990990990991 0.720945945945946 0.5556756756756757 0.7263513513513513 0.5643243243243243 0.7277027027027027 0.5686486486486486 0.7040540540540541 0.5668468468468468 0.6168918918918919 0.563963963963964 0.5736486486486486 0.5589189189189189 0.5506756756756757 0.5513513513513514 0.5472972972972973 0.5409009009009009 0.5601351351351351
0 0.5174774774774775 0.5621621621621622 0.518918918918919 0.5878378378378378 0.5174774774774775 0.6635135135135135 0.5246846846846847 0.6804054054054054 0.532972972972973 0.6804054054054054 0.5369369369369369 0.6581081081081082 0.5401801801801802 0.5628378378378378 0.5383783783783784 0.5567567567567567 0.532972972972973 0.5547297297297298 0.5214414414414414 0.5560810810810811
0 0.49657657657657656 0.5601351351351351 0.49801801801801804 0.6513513513513514 0.5023423423423423 0.6777027027027027 0.5095495495495496 0.6736486486486486 0.5131531531531531 0.6581081081081082 0.5156756756756756 0.5628378378378378 0.5138738738738738 0.5554054054054054 0.49801801801801804 0.5547297297297298
0 0.47387387387387386 0.5527027027027027 0.4735135135135135 0.5918918918918918 0.47603603603603606 0.6716216216216216 0.47711711711711713 0.677027027027027 0.4828828828828829 0.6844594594594594 0.49405405405405406 0.6783783783783783 0.492972972972973 0.672972972972973 0.49513513513513513 0.6655405405405406 0.49585585585585584 0.5594594594594594 0.4936936936936937 0.5527027027027027
0 0.4500900900900901 0.5527027027027027 0.45441441441441444 0.6621621621621622 0.45765765765765765 0.6898648648648649 0.4627027027027027 0.6925675675675675 0.4695495495495495 0.6817567567567567 0.47495495495495493 0.654054054054054 0.47135135135135137 0.6114864864864865 0.47135135135135137 0.5594594594594594 0.46846846846846846 0.552027027027027 0.4627027027027027 0.5486486486486486
0 0.4245045045045045 0.581081081081081 0.4252252252252252 0.6222972972972973 0.42234234234234236 0.6621621621621622 0.4227027027027027 0.6932432432432433 0.4266666666666667 0.7047297297297297 0.4392792792792793 0.725 0.4410810810810811 0.7202702702702702 0.43963963963963965 0.7155405405405405 0.44036036036036036 0.7108108108108108 0.4486486486486487 0.6966216216216217 0.4479279279279279 0.6682432432432432 0.45045045045045046 0.6581081081081082 0.4515315315315315 0.5939189189189189 0.44828828828828826 0.552027027027027 0.43963963963963965 0.543918918918919 0.42774774774774776 0.547972972972973
0 0.3978378378378378 0.5628378378378378 0.39747747747747747 0.6675675675675675 0.4 0.6871621621621622 0.40864864864864864 0.7087837837837838 0.41945945945945945 0.6891891891891891 0.4237837837837838 0.643918918918919 0.4245045045045045 0.581081081081081 0.42702702702702705 0.5486486486486486 0.4237837837837838 0.5371621621621622 0.4118918918918919 0.5317567567567567 0.40072072072072074 0.5405405405405406
0 0.36864864864864866 0.5540540540540541 0.36792792792792794 0.6243243243243243 0.36252252252252254 0.6777027027027027 0.36504504504504504 0.6972972972972973 0.372972972972973 0.6966216216216217 0.3790990990990991 0.6878378378378378 0.3809009009009009 0.6885135135135135 0.38414414414414416 0.677027027027027 0.38882882882882885 0.675 0.38666666666666666 0.6614864864864864 0.38882882882882885 0.6581081081081082 0.39135135135135135 0.5932432432432433 0.39603603603603604 0.5648648648648649 0.39963963963963967 0.5608108108108109 0.40324324324324323 0.5405405405405406 0.38522522522522523 0.5283783783783784 0.3762162162162162 0.5283783783783784 0.37189189189189187 0.5324324324324324
0 0.24 0.5871621621621622 0.23963963963963963 0.5966216216216216 0.2464864864864865 0.6121621621621621 0.25657657657657656 0.6263513513513513 0.2601801801801802 0.6283783783783784 0.27135135135135136 0.6243243243243243 0.28324324324324324 0.6114864864864865 0.29081081081081084 0.5972972972972973 0.32360360360360363 0.527027027027027 0.3300900900900901 0.5087837837837837 0.33045045045045046 0.5006756756756757 0.32144144144144143 0.5 0.31747747747747745 0.4966216216216216 0.3045045045045045 0.4722972972972973 0.29081081081081084 0.46621621621621623 0.28684684684684686 0.46824324324324323 0.2810810810810811 0.4817567567567568 0.2688288288288288 0.5236486486486487 0.25333333333333335 0.5493243243243243
0 0.20468468468468468 0.527027027027027 0.2036036036036036 0.5371621621621622 0.20864864864864865 0.5527027027027027 0.22378378378378377 0.5581081081081081 0.23675675675675675 0.5547297297297298 0.26408504504504504 0.5158256756756757 0.28612612612612615 0.46824324324324323 0.28684684684684686 0.45472972972972975 0.28216216216216217 0.44932432432432434 0.2673873873873874 0.41824324324324325 0.256 0.4155405405405405 0.24792792792792792 0.4060810810810811 0.24 0.40878378378378377 0.23135135135135135 0.4222972972972973 0.22882882882882882 0.43513513513513513 0.22882882882882882 0.452027027027027 0.21693693693693694 0.49527027027027026