0 0.2768218623481781 0.47950819672131145 0.27631578947368424 0.4918032786885246 0.28643724696356276 0.5215163934426229 0.298582995951417 0.5327868852459017 0.3142712550607287 0.5358606557377049 0.32034412955465585 0.5081967213114754 0.3243927125506073 0.4569672131147541 0.3228744939271255 0.4262295081967213 0.319331983805668 0.4149590163934426 0.3152834008097166 0.4088114754098361 0.3092105263157895 0.41188524590163933 0.2930161943319838 0.45081967213114754 0.28289473684210525 0.46311475409836067
0 0.32945344129554655 0.4415983606557377 0.3168016194331984 0.5389344262295082 0.32034412955465585 0.548155737704918 0.3456477732793522 0.5686475409836066 0.35374493927125505 0.5584016393442623 0.35728744939271256 0.5399590163934426 0.35020242914979755 0.46311475409836067 0.3426113360323887 0.4385245901639344 0.3324898785425101 0.4364754098360656
0 0.27631578947368424 0.5983606557377049 0.27479757085020245 0.6383196721311475 0.277834008097166 0.6577868852459017 0.298582995951417 0.6793032786885246 0.30870445344129555 0.6639344262295082 0.3208502024291498 0.6157786885245902 0.32793522267206476 0.5993852459016393 0.3319838056680162 0.5727459016393442 0.3183198380566802 0.5532786885245902 0.28643724696356276 0.5358606557377049 0.27884615384615385 0.5573770491803278
0 0.31224696356275305 0.673155737704918 0.3117408906882591 0.6895491803278688 0.3092105263157895 0.701844262295082 0.305668016194332 0.7049180327868853 0.305668016194332 0.7120901639344263 0.31781376518218624 0.7233606557377049 0.34058704453441296 0.6977459016393442 0.36690283400809715 0.6465163934426229 0.375 0.6383196721311475 0.3785425101214575 0.6147540983606558 0.36538461538461536 0.5911885245901639 0.3360323886639676 0.5788934426229508 0.3299595141700405 0.5952868852459017 0.31629554655870445 0.6649590163934426
0 0.35880566801619435 0.5389344262295082 0.35728744939271256 0.5625 0.35931174089068824 0.5758196721311475 0.3689271255060729 0.5870901639344263 0.3861336032388664 0.5932377049180327 0.40030364372469635 0.5747950819672131 0.40131578947368424 0.5584016393442623 0.3952429149797571 0.5266393442622951 0.3896761133603239 0.4764344262295082 0.3810728744939271 0.4641393442622951 0.3714574898785425 0.4661885245901639 0.3674089068825911 0.4764344262295082 0.3643724696356275 0.514344262295082
0 0.37803643724696356 0.6055327868852459 0.3770242914979757 0.6342213114754098 0.36082995951417 0.7295081967213115 0.3648785425101215 0.7407786885245902 0.38772773279352224 0.6841024590163934 0.37474089068825917 0.7421885245901639 0.38309716599190285 0.7459016393442623 0.39625506072874495 0.7264344262295082 0.41295546558704455 0.6639344262295082 0.4276315789473684 0.6352459016393442 0.42813765182186236 0.6260245901639344 0.416497975708502 0.610655737704918 0.3967611336032389 0.6004098360655737 0.3815789473684211 0.5993852459016393
0 0.4018218623481781 0.5502049180327869 0.4018218623481781 0.5860655737704918 0.4124493927125506 0.5973360655737705 0.4185222672064777 0.5973360655737705 0.4256072874493927 0.5901639344262295 0.4276315789473684 0.5799180327868853 0.4271255060728745 0.5522540983606558 0.41797368421052633 0.5160686475409836 0.41953441295546556 0.444672131147541 0.41143724696356276 0.44364754098360654 0.40789473684210525 0.45594262295081966
0 0.42105263157894735 0.4395491803278688 0.4266194331983806 0.5532786885245902 0.423582995951417 0.6014344262295082 0.430668016194332 0.6096311475409836 0.4392712550607287 0.6116803278688525 0.4493927125506073 0.6045081967213115 0.45445344129554655 0.5860655737704918 0.4433198380566802 0.4344262295081967 0.4402834008097166 0.42110655737704916 0.4418016194331984 0.41905737704918034 0.4342105263157895 0.42213114754098363
0 0.4524291497975709 0.4375 0.4519230769230769 0.5256147540983607 0.45445344129554655 0.5737704918032787 0.45293522267206476 0.5993852459016393 0.45799595141700405 0.617827868852459 0.4665991902834008 0.6198770491803278 0.4772267206477733 0.6065573770491803 0.48026315789473684 0.5799180327868853 0.47621457489878544 0.5594262295081968 0.4691295546558704 0.4661885245901639 0.4640688259109312 0.4354508196721312 0.4549595141700405 0.4334016393442623
0 0.4043522267206478 0.7633196721311475 0.40384615384615385 0.7745901639344263 0.40789473684210525 0.7745901639344263 0.41548582995951416 0.7653688524590164 0.423582995951417 0.7469262295081968 0.4347165991902834 0.7120901639344263 0.4347165991902834 0.701844262295082 0.4418016194331984 0.6711065573770492 0.44888663967611336 0.6516393442622951 0.4493927125506073 0.6413934426229508 0.4367408906882591 0.6229508196721312 0.4230769230769231 0.6198770491803278 0.4180161943319838 0.6311475409836066 0.4109311740890688 0.7264344262295082
0 0.45040485829959515 0.6331967213114754 0.44686234817813764 0.6659836065573771 0.451417004048583 0.7151639344262295 0.4509109311740891 0.7827868852459017 0.45799595141700405 0.7879098360655737 0.4676113360323887 0.7633196721311475 0.4701417004048583 0.7469262295081968 0.4701417004048583 0.6915983606557377 0.47621457489878544 0.6495901639344263 0.4691295546558704 0.632172131147541 0.46356275303643724 0.6280737704918032 0.4564777327935223 0.6260245901639344
0 0.47469635627530365 0.6936475409836066 0.4741902834008097 0.7520491803278688 0.4782388663967611 0.7674180327868853 0.4832995951417004 0.7684426229508197 0.4908906882591093 0.7602459016393442 0.5005060728744939 0.6690573770491803 0.4984817813765182 0.6516393442622951 0.49038461538461536 0.6352459016393442 0.4782388663967611 0.6434426229508197
0 0.4817813765182186 0.4774590163934426 0.4812753036437247 0.6065573770491803 0.4868421052631579 0.6209016393442623 0.49898785425101216 0.6209016393442623 0.5050607287449392 0.6075819672131147 0.5055668016194332 0.5645491803278688 0.4984817813765182 0.46209016393442626 0.4959514170040486 0.4600409836065574 0.49544534412955465 0.45081967213114754 0.4908906882591093 0.44672131147540983 0.48380566801619435 0.4487704918032787
0 0.5020242914979757 0.6465163934426229 0.5040485829959515 0.7438524590163934 0.506578947368421 0.7459016393442623 0.5131578947368421 0.7418032786885246 0.5177125506072875 0.7264344262295082 0.5217611336032388 0.6577868852459017 0.5101214574898786 0.6403688524590164
0 0.506578947368421 0.4702868852459016 0.507085020242915 0.5758196721311475 0.5045546558704453 0.5942622950819673 0.5060728744939271 0.617827868852459 0.5096153846153846 0.6229508196721312 0.520242914979757 0.625 0.5328947368421053 0.6229508196721312 0.5369433198380567 0.617827868852459 0.5369433198380567 0.5973360655737705 0.5253036437246964 0.45799180327868855 0.5222672064777328 0.45389344262295084 0.5182186234817814 0.42725409836065575 0.5141700404858299 0.42315573770491804 0.5086032388663968 0.4456967213114754
0 0.5237854251012146 0.6465163934426229 0.526243927125506 0.6814979508196722 0.5287039473684211 0.7155737704918033 0.5334008097165992 0.7387295081967213 0.5374493927125507 0.735655737704918 0.5409919028340081 0.7213114754098361 0.542004048582996 0.6424180327868853 0.5328947368421053 0.6403688524590164
0 0.5440283400809717 0.6413934426229508 0.5445344129554656 0.7131147540983607 0.5470647773279352 0.735655737704918 0.5531376518218624 0.7387295081967213 0.5566801619433198 0.7254098360655737 0.5617408906882592 0.6465163934426229 0.5602226720647774 0.6383196721311475 0.5531376518218624 0.6342213114754098
0 0.5379554655870445 0.5799180327868853 0.5384615384615384 0.6116803278688525 0.541497975708502 0.6188524590163934 0.5526315789473685 0.6239754098360656 0.5637651821862348 0.6147540983606558 0.5673076923076923 0.6065573770491803 0.562246963562753 0.4641393442622951 0.5602226720647774 0.4569672131147541 0.5541497975708503 0.45799180327868855 0.548582995951417 0.4733606557377049
0 0.5683198380566802 0.5625 0.5703441295546559 0.6116803278688525 0.5774291497975709 0.6188524590163934 0.5915991902834008 0.6157786885245902 0.5951417004048583 0.6014344262295082 0.5951417004048583 0.5655737704918032 0.5910931174089069 0.4887295081967213 0.5860323886639676 0.45799180327868855 0.5870445344129555 0.45081967213114754 0.5840080971659919 0.4456967213114754 0.5779352226720648 0.45081967213114754 0.576417004048583 0.46209016393442626
0 0.562246963562753 0.6495901639344263 0.5657894736842105 0.735655737704918 0.5759109311740891 0.7510245901639344 0.5789473684210527 0.7315573770491803 0.5840080971659919 0.6475409836065574 0.5794534412955465 0.6413934426229508 0.5723684210526315 0.6413934426229508
0 0.5870445344129555 0.6639344262295082 0.5855263157894737 0.6793032786885246 0.5915991902834008 0.7202868852459017 0.6022267206477733 0.7674180327868853 0.6082995951417004 0.7766393442622951 0.6174089068825911 0.7674180327868853 0.6189271255060729 0.7479508196721312 0.6123481781376519 0.673155737704918 0.6077935222672065 0.6465163934426229 0.6027327935222672 0.639344262295082 0.5951417004048583 0.639344262295082
0 0.6032388663967612 0.4415983606557377 0.6012145748987854 0.5471311475409836 0.59665991902834 0.5665983606557377 0.59665991902834 0.5881147540983607 0.6032388663967612 0.6116803278688525 0.6158906882591093 0.6168032786885246 0.625 0.6014344262295082 0.6209514170040485 0.44979508196721313 0.6148785425101214 0.4364754098360656 0.6062753036437247 0.4364754098360656
0 0.6224696356275303 0.44672131147540983 0.6224696356275303 0.5891393442622951 0.6275303643724697 0.6014344262295082 0.6472672064777328 0.6034836065573771 0.6543522267206477 0.5911885245901639 0.6492914979757085 0.555327868852459 0.6508097165991903 0.5245901639344263 0.6467611336032388 0.46209016393442626 0.6381578947368421 0.4334016393442623 0.6280364372469636 0.4293032786885246
0 0.6103238866396761 0.6495901639344263 0.6093117408906883 0.6577868852459017 0.6158906882591093 0.6752049180327869 0.6204453441295547 0.735655737704918 0.6244939271255061 0.7592213114754098 0.6330971659919028 0.7745901639344263 0.6381578947368421 0.7766393442622951 0.6417004048582996 0.7674180327868853 0.6422064777327935 0.6577868852459017 0.6381578947368421 0.6526639344262295 0.6381578947368421 0.6403688524590164 0.6406882591093117 0.6362704918032787 0.6351214574898786 0.6270491803278688 0.6224696356275303 0.6260245901639344 0.617914979757085 0.6301229508196722
0 0.65334008097166 0.4610655737704918 0.6497975708502024 0.5665983606557377 0.6513157894736842 0.5799180327868853 0.6538461538461539 0.5881147540983607 0.6811740890688259 0.5870901639344263 0.6831983805668016 0.576844262295082 0.6761133603238867 0.5502049180327869 0.680161943319838 0.5133196721311475 0.6725708502024291 0.48155737704918034 0.6725708502024291 0.4651639344262295 0.6619433198380567 0.45184426229508196 0.6548582995951417 0.45286885245901637
0 0.6330971659919028 0.6270491803278688 0.6325910931174089 0.6383196721311475 0.6401821862348178 0.6588114754098361 0.645242914979757 0.6649590163934426 0.6538461538461539 0.7161885245901639 0.6695344129554656 0.7612704918032787 0.6786437246963563 0.764344262295082 0.6791497975708503 0.7438524590163934 0.666497975708502 0.6198770491803278 0.65334008097166 0.6127049180327869
0 0.6594129554655871 0.6086065573770492 0.6594129554655871 0.6229508196721312 0.6629554655870445 0.6290983606557377 0.6768927125506072 0.6561782786885245 0.6882591093117408 0.7254098360655737 0.7004048582995951 0.742827868852459 0.6920313765182186 0.6685604508196721 0.7145784412955466 0.7363391393442623 0.7226720647773279 0.7274590163934426 0.7236842105263158 0.7202868852459017 0.7105263157894737 0.6413934426229508 0.7130566801619433 0.6188524590163934 0.7105263157894737 0.5922131147540983 0.6928137651821862 0.5881147540983607 0.6725708502024291 0.5942622950819673
0 0.7100202429149798 0.5891393442622951 0.7140688259109311 0.6209016393442623 0.7469635627530364 0.6905737704918032 0.7591093117408907 0.7028688524590164 0.7692307692307693 0.6956967213114754 0.771255060728745 0.6659836065573771 0.7661943319838057 0.6536885245901639 0.7575910931174089 0.5758196721311475 0.7540485829959515 0.5665983606557377 0.7383603238866396 0.5655737704918032
0 0.6776315789473685 0.5440573770491803 0.6771255060728745 0.5563524590163934 0.680161943319838 0.5665983606557377 0.6912955465587044 0.576844262295082 0.7095141700404858 0.5737704918032787 0.7231781376518218 0.5604508196721312 0.7246963562753036 0.5461065573770492 0.7176113360323887 0.4713114754098361 0.7145784412955466 0.4476290983606558 0.7130566801619433 0.4426229508196721 0.7024291497975709 0.4426229508196721 0.6958502024291497 0.45081967213114754 0.6897773279352226 0.4733606557377049 0.687246963562753 0.5040983606557377
0 0.7267206477732794 0.444672131147541 0.7236842105263158 0.5286885245901639 0.7272267206477733 0.5502049180327869 0.7332995951417004 0.5573770491803278 0.7413967611336032 0.5573770491803278 0.7631578947368421 0.5389344262295082 0.7661943319838057 0.5286885245901639 0.7651821862348178 0.5051229508196722 0.757085020242915 0.4702868852459016 0.7580971659919028 0.4405737704918033 0.7479757085020243 0.39549180327868855 0.7424089068825911 0.39549180327868855 0.7348178137651822 0.4036885245901639 0.7282388663967612 0.42725409836065575
0 0.7596153846153846 0.4405737704918033 0.7596153846153846 0.47848360655737704 0.771255060728745 0.5389344262295082 0.777834008097166 0.5450819672131147 0.7869433198380567 0.5450819672131147 0.8102226720647774 0.5040983606557377 0.8112348178137652 0.49385245901639346 0.8071862348178138 0.47950819672131145 0.7869433198380567 0.44672131147540983 0.77834008097166 0.4375