0 0.22846846846846847 0.5378378378378378 0.22990990990990992 0.5554054054054054 0.24972972972972973 0.581081081081081 0.252972972972973 0.5817567567567568 0.2634234234234234 0.5763513513513514 0.2681081081081081 0.5682432432432433 0.26954954954954957 0.5385135135135135 0.26666666666666666 0.5168918918918919 0.26522522522522524 0.45878378378378376 0.2554954954954955 0.43648648648648647 0.2472072072072072 0.43445945945945946 0.2436036036036036 0.43783783783783786 0.23963963963963963 0.46283783783783783 0.24072072072072073 0.47162162162162163 0.23891891891891892 0.4939189189189189
0 0.27063063063063064 0.4702702702702703 0.27135135135135136 0.4797297297297297 0.26954954954954957 0.48986486486486486 0.2702702702702703 0.4972972972972973 0.2724324324324324 0.5013513513513513 0.2727927927927928 0.5148648648648648 0.27207207207207207 0.529054054054054 0.2702702702702703 0.5351351351351351 0.2702702702702703 0.5682432432432433 0.274954954954955 0.5824324324324325 0.2789189189189189 0.5858108108108108 0.29405405405405405 0.5898648648648649 0.3027027027027027 0.5878378378378378 0.30882882882882884 0.5756756756756757 0.3099099099099099 0.5635135135135135 0.2972972972972973 0.4922297297297297 0.2965765765765766 0.47364864864864864 0.2944144144144144 0.46283783783783783 0.28684684684684686 0.45135135135135135 0.2781981981981982 0.4486486486486487 0.27207207207207207 0.4506756756756757 0.27387387387387385 0.45878378378378376
0 0.31027027027027027 0.525 0.310990990990991 0.5560810810810811 0.3127927927927928 0.5648648648648649 0.3181981981981982 0.572972972972973 0.3225225225225225 0.5736486486486486 0.3293693693693694 0.5655405405405406 0.3347747747747748 0.5655405405405406 0.3365765765765766 0.5682432432432433 0.34594594594594597 0.5655405405405406 0.3535135135135135 0.5574324324324325 0.3553153153153153 0.5527027027027027 0.3563963963963964 0.5405405405405406 0.35387387387387387 0.5236486486486487 0.35315315315315315 0.5054054054054054 0.34306306306306306 0.47162162162162163 0.33945945945945943 0.43513513513513513 0.338018018018018 0.43648648648648647 0.33405405405405403 0.42162162162162165 0.32972972972972975 0.4209459459459459 0.32216216216216215 0.42567567567567566 0.3181981981981982 0.43513513513513513
0 0.34954954954954953 0.4141891891891892 0.34954954954954953 0.41824324324324325 0.35135135135135137 0.42027027027027025 0.35315315315315315 0.45337837837837835 0.3520720720720721 0.4885135135135135 0.3567567567567568 0.5452702702702703 0.3607207207207207 0.552027027027027 0.36864864864864866 0.5533783783783783 0.37513513513513513 0.5452702702702703 0.38054054054054054 0.5432432432432432 0.3845045045045045 0.5358108108108108 0.3855855855855856 0.5202702702702703 0.38342342342342345 0.5067567567567568 0.3837837837837838 0.4972972972972973 0.37873873873873876 0.46418918918918917 0.37261261261261264 0.4418918918918919 0.37189189189189187 0.43108108108108106 0.3661261261261261 0.4135135135135135 0.36252252252252254 0.4060810810810811 0.35711711711711713 0.40135135135135136 0.35135135135135137 0.4141891891891892
0 0.37945945945945947 0.4081081081081081 0.3769369369369369 0.44324324324324327 0.3823423423423423 0.4864864864864865 0.38522522522522523 0.5405405405405406 0.39315315315315313 0.5493243243243243 0.39603603603603604 0.547972972972973 0.40756756756756757 0.5324324324324324 0.421981981981982 0.5310810810810811 0.4227027027027027 0.5135135135135135 0.42162162162162165 0.4966216216216216 0.4198198198198198 0.4864864864864865 0.41405405405405404 0.47094594594594597 0.4118918918918919 0.4574324324324324 0.4126126126126126 0.4472972972972973 0.40936936936936935 0.4391891891891892 0.40756756756756757 0.43851351351351353 0.4043243243243243 0.4222972972972973 0.39747747747747747 0.3993243243243243 0.39531531531531533 0.3966216216216216 0.3956756756756757 0.3918918918918919 0.3927927927927928 0.3858108108108108 0.3917117117117117 0.3864864864864865 0.3845045045045045 0.3945945945945946 0.38414414414414416 0.4
0 0.3945945945945946 0.3837837837837838 0.39207207207207206 0.3966216216216216 0.3945945945945946 0.40405405405405403 0.39603603603603604 0.44324324324324327 0.3989189189189189 0.44797297297297295 0.409009009009009 0.48783783783783785 0.41081081081081083 0.5060810810810811 0.418018018018018 0.529054054054054 0.42342342342342343 0.5364864864864864 0.4273873873873874 0.5358108108108108 0.436036036036036 0.525 0.44036036036036036 0.5121621621621621 0.4418018018018018 0.49527027027027026 0.44144144144144143 0.4804054054054054 0.43675675675675674 0.4506756756756757 0.4371171171171171 0.43513513513513513 0.430990990990991 0.41283783783783784 0.4273873873873874 0.3804054054054054 0.41945945945945945 0.36486486486486486 0.4126126126126126 0.36283783783783785 0.41225225225225226 0.35743243243243245 0.4079279279279279 0.3560810810810811 0.4028828828828829 0.375 0.3963963963963964 0.3783783783783784
0 0.44144144144144143 0.4155405405405405 0.4410810810810811 0.45135135135135135 0.44324324324324327 0.5135135135135135 0.44576576576576576 0.5209459459459459 0.45369369369369367 0.527027027027027 0.46774774774774774 0.522972972972973 0.4695495495495495 0.5209459459459459 0.47063063063063065 0.5054054054054054 0.4663063063063063 0.40337837837837837 0.46126126126126127 0.3824324324324324 0.45513513513513515 0.37567567567567567 0.4472072072072072 0.37635135135135134 0.4446846846846847 0.3837837837837838
0 0.4003603603603604 0.5709459459459459 0.3981981981981982 0.5918918918918918 0.40072072072072074 0.6141891891891892 0.39927927927927925 0.6581081081081082 0.40072072072072074 0.677027027027027 0.4036036036036036 0.7 0.40864864864864864 0.7081081081081081 0.4158558558558559 0.7101351351351352 0.4209009009009009 0.6912162162162162 0.42306306306306307 0.6310810810810811 0.42882882882882883 0.5702702702702702 0.4259459459459459 0.5628378378378378 0.41621621621621624 0.5547297297297298 0.41153153153153155 0.5540540540540541 0.4036036036036036 0.5621621621621622
0 0.4299099099099099 0.5635135135135135 0.42882882882882883 0.6222972972972973 0.43135135135135133 0.6655405405405406 0.4335135135135135 0.672972972972973 0.43495495495495495 0.7047297297297297 0.43891891891891893 0.7236486486486486 0.44324324324324327 0.725 0.4526126126126126 0.7155405405405405 0.45513513513513515 0.6925675675675675 0.45225225225225224 0.5668918918918919 0.44900900900900903 0.5527027027027027 0.4436036036036036 0.5466216216216216 0.4317117117117117 0.5587837837837838
0 0.45441441441441444 0.5601351351351351 0.4540540540540541 0.5709459459459459 0.4594594594594595 0.6121621621621621 0.4609009009009009 0.6466216216216216 0.46522522522522525 0.6891891891891891 0.4673873873873874 0.6939189189189189 0.47135135135135137 0.6952702702702702 0.4756756756756757 0.6891891891891891 0.47711711711711713 0.6614864864864864 0.47783783783783784 0.5560810810810811 0.4753153153153153 0.5466216216216216 0.4688288288288288 0.5459459459459459 0.4587387387387387 0.5493243243243243
0 0.46918918918918917 0.4702702702702703 0.4688288288288288 0.4858108108108108 0.4717117117117117 0.5182432432432432 0.47387387387387386 0.525 0.4836036036036036 0.527027027027027 0.503063063063063 0.525 0.5045045045045045 0.4810810810810811 0.5001801801801802 0.4263513513513513 0.5012612612612612 0.4114864864864865 0.49945945945945946 0.4006756756756757 0.4998198198198198 0.3878378378378378 0.4900900900900901 0.37094594594594593 0.47927927927927927 0.3844594594594595 0.4810810810810811 0.3939189189189189 0.4745945945945946 0.40135135135135136
0 0.5045045045045045 0.43108108108108106 0.5027027027027027 0.525 0.5174774774774775 0.5283783783783784 0.5333333333333333 0.5243243243243243 0.5365765765765765 0.5135135135135135 0.5369369369369369 0.48445945945945945 0.5351351351351351 0.4 0.5300900900900901 0.3601351351351351 0.5214414414414414 0.3547297297297297 0.5163963963963965 0.3567567567567568 0.5131531531531531 0.3614864864864865 0.5077477477477478 0.3918918918918919
0 0.4781981981981982 0.5486486486486486 0.48396396396396396 0.6777027027027027 0.48504504504504503 0.6851351351351351 0.4908108108108108 0.6905405405405406 0.49513513513513513 0.6864864864864865 0.4972972972972973 0.6736486486486486 0.4954954954954955 0.6527027027027027 0.4962162162162162 0.6277027027027027 0.4990990990990991 0.6067567567567568 0.4998198198198198 0.5513513513513514 0.49873873873873875 0.5466216216216216 0.4947747747747748 0.543918918918919 0.48396396396396396 0.543918918918919
0 0.4990990990990991 0.5472972972972973 0.4976576576576577 0.5722972972972973 0.5041441441441441 0.6459459459459459 0.5041441441441441 0.6601351351351351 0.5055855855855856 0.668918918918919 0.5138738738738738 0.6722972972972973 0.516036036036036 0.6695945945945946 0.5171171171171172 0.6621621621621622 0.5210810810810811 0.5445945945945946 0.5171171171171172 0.5391891891891892
0 0.5192792792792793 0.5547297297297298 0.5153153153153153 0.6263513513513513 0.5181981981981982 0.6932432432432433 0.5210810810810811 0.702027027027027 0.5203603603603604 0.7047297297297297 0.5315315315315315 0.7067567567567568 0.532972972972973 0.7108108108108108 0.5362162162162162 0.6905405405405406 0.541981981981982 0.552027027027027 0.5390990990990991 0.5445945945945946 0.532972972972973 0.5425675675675675 0.5228828828828829 0.5445945945945946
0 0.5401801801801802 0.4277027027027027 0.5405405405405406 0.4648648648648649 0.5387387387387388 0.4817567567567568 0.5398198198198199 0.5175675675675676 0.547027027027027 0.5222972972972973 0.5632432432432433 0.5216216216216216 0.5661261261261261 0.5128378378378379 0.5668468468468468 0.5027027027027027 0.5654054054054054 0.4905405405405405 0.5661261261261261 0.4304054054054054 0.5625225225225226 0.38716216216216215 0.5596396396396396 0.3722972972972973 0.5563963963963964 0.36486486486486486 0.5513513513513514 0.3675675675675676 0.5477477477477477 0.37364864864864866 0.5430630630630631 0.39594594594594595
0 0.5657657657657658 0.47905405405405405 0.5675675675675675 0.5135135135135135 0.5754954954954955 0.527027027027027 0.5834234234234235 0.5324324324324324 0.5877477477477477 0.529054054054054 0.5927927927927928 0.5135135135135135 0.5992792792792793 0.4554054054054054 0.6003603603603603 0.4195945945945946 0.5974774774774775 0.3722972972972973 0.5945945945945946 0.3662162162162162 0.5841441441441442 0.3655405405405405 0.5798198198198198 0.3777027027027027 0.5783783783783784 0.39054054054054055 0.5744144144144144 0.4047297297297297
0 0.5401801801801802 0.595945945945946 0.5405405405405406 0.7006756756756757 0.5448648648648649 0.7162162162162162 0.5527927927927928 0.7216216216216216 0.5614414414414415 0.6932432432432433 0.5675675675675675 0.6344594594594595 0.5643243243243243 0.5587837837837838 0.5621621621621622 0.552027027027027 0.5531531531531532 0.5466216216216216 0.5463063063063063 0.5493243243243243 0.5427027027027027 0.5601351351351351
0 0.5643243243243243 0.5662162162162162 0.5643243243243243 0.5790540540540541 0.5704504504504504 0.6182432432432432 0.5758558558558559 0.6756756756756757 0.5830630630630631 0.7054054054054054 0.5877477477477477 0.706081081081081 0.5917117117117117 0.6939189189189189 0.5931531531531532 0.6824324324324325 0.594954954954955 0.5905405405405405 0.5924324324324325 0.5594594594594594 0.5837837837837838 0.5486486486486486 0.5798198198198198 0.547972972972973 0.5682882882882883 0.5587837837837838
0 0.5935135135135136 0.5567567567567567 0.5913513513513513 0.5682432432432433 0.6014414414414414 0.6243243243243243 0.603963963963964 0.6614864864864864 0.6111711711711711 0.6925675675675675 0.614054054054054 0.6972972972972973 0.6190990990990991 0.697972972972973 0.6212612612612612 0.6932432432432433 0.6234234234234234 0.602027027027027 0.6255855855855856 0.5777027027027027 0.6245045045045045 0.5635135135135135 0.6227027027027027 0.5574324324324325 0.6115315315315315 0.5466216216216216 0.6028828828828828 0.5472972972972973
0 0.585945945945946 0.46283783783783783 0.5855855855855856 0.497972972972973 0.5899099099099099 0.5222972972972973 0.5942342342342343 0.5263513513513514 0.5989189189189189 0.5243243243243243 0.6054054054054054 0.527027027027027 0.6133333333333333 0.5398648648648648 0.6151351351351352 0.5405405405405406 0.6190990990990991 0.5351351351351351 0.6234234234234234 0.525 0.621981981981982 0.518918918918919 0.6216216216216216 0.497972972972973 0.6245045045045045 0.45337837837837835 0.621981981981982 0.3918918918918919 0.6190990990990991 0.37972972972972974 0.6075675675675676 0.3668918918918919 0.6007207207207207 0.3716216216216216 0.5953153153153153 0.3804054054054054
0 0.6205405405405405 0.4918918918918919 0.6201801801801802 0.5141891891891892 0.6263063063063063 0.527027027027027 0.6428828828828829 0.5351351351351351 0.6504504504504505 0.5263513513513514 0.6544144144144144 0.5168918918918919 0.6551351351351351 0.497972972972973 0.6518918918918919 0.40405405405405403 0.6464864864864864 0.38513513513513514 0.6418018018018018 0.3810810810810811 0.6371171171171172 0.3804054054054054 0.6327927927927928 0.3885135135135135
0 0.6875675675675675 0.5006756756756757 0.6882882882882883 0.5202702702702703 0.6969369369369369 0.5364864864864864 0.7203603603603603 0.5358108108108108 0.7272072072072072 0.525 0.7293693693693694 0.5101351351351351 0.7293693693693694 0.47905405405405405 0.7272072072072072 0.46418918918918917 0.7315315315315315 0.41824324324324325 0.729009009009009 0.40337837837837837 0.72 0.39594594594594595 0.7135135135135136 0.40405405405405403
0 0.7354954954954955 0.43783783783783786 0.7354954954954955 0.4581081081081081 0.7297297297297297 0.5027027027027027 0.7297297297297297 0.5162162162162162 0.7315315315315315 0.5243243243243243 0.7484684684684685 0.5412162162162162 0.7704504504504505 0.5216216216216216 0.7733333333333333 0.5081081081081081 0.7726126126126126 0.4945945945945946 0.7668468468468469 0.4648648648648649 0.769009009009009 0.40405405405405403 0.7672072072072073 0.40202702702702703 0.7675675675675676 0.39594594594594595 0.7618018018018018 0.39256756756756755 0.7502702702702703 0.39594594594594595 0.7441441441441441 0.40405405405405403 0.7390990990990991 0.4155405405405405