0 0.29453441295546556 0.39036885245901637 0.2909919028340081 0.39549180327868855 0.29453441295546556 0.4730194672131147 0.2930161943319838 0.5092213114754098 0.2975708502024291 0.5194672131147541 0.31376518218623484 0.5153688524590164 0.3183198380566802 0.5051229508196722 0.3188259109311741 0.48668032786885246 0.3142712550607287 0.4682377049180328 0.3152834008097166 0.4456967213114754 0.31123481781376516 0.41290983606557374 0.3066801619433198 0.39549180327868855
0 0.319331983805668 0.36168032786885246 0.3208502024291498 0.41188524590163933 0.3147773279352227 0.4610655737704918 0.31629554655870445 0.4805327868852459 0.319331983805668 0.48975409836065575 0.3456477732793522 0.492827868852459 0.3517206477732793 0.48258196721311475 0.3522267206477733 0.46311475409836067 0.3451417004048583 0.38422131147540983 0.3340080971659919 0.35348360655737704 0.3248987854251012 0.35348360655737704
0 0.3173076923076923 0.5245901639344263 0.31376518218623484 0.5952868852459017 0.30718623481781376 0.6588114754098361 0.3097165991902834 0.6680327868852459 0.3223684210526316 0.6690573770491803 0.3274291497975709 0.6618852459016393 0.3456477732793522 0.6055327868852459 0.35880566801619435 0.5450819672131147 0.3598178137651822 0.5286885245901639 0.35931174089068824 0.5194672131147541 0.3532388663967611 0.5092213114754098 0.33451417004048584 0.5010245901639344 0.3274291497975709 0.5030737704918032 0.3188259109311741 0.5133196721311475
0 0.35526315789473684 0.4026639344262295 0.3557692307692308 0.42827868852459017 0.3527327935222672 0.4702868852459016 0.35526315789473684 0.4959016393442623 0.3598178137651822 0.5 0.3734817813765182 0.4948770491803279 0.3790485829959514 0.4969262295081967 0.3901821862348178 0.4887295081967213 0.39220647773279355 0.4600409836065574 0.37550607287449395 0.33299180327868855 0.3694331983805668 0.33401639344262296 0.3598178137651822 0.35040983606557374 0.35880566801619435 0.3862704918032787
0 0.35880566801619435 0.5276639344262295 0.3582995951417004 0.5502049180327869 0.3466599190283401 0.6454918032786885 0.35121457489878544 0.6557377049180327 0.3623481781376518 0.6639344262295082 0.3689271255060729 0.6782786885245902 0.37398785425101216 0.680327868852459 0.3815789473684211 0.6649590163934426 0.3861336032388664 0.625 0.395748987854251 0.5870901639344263 0.39625506072874495 0.5727459016393442 0.4033400809716599 0.5420081967213115 0.4043522267206478 0.5286885245901639 0.3992914979757085 0.5204918032786885 0.375 0.5174180327868853 0.3684210526315789 0.5184426229508197
0 0.3901821862348178 0.6342213114754098 0.38917004048583 0.6526639344262295 0.39119433198380565 0.6659836065573771 0.395748987854251 0.6659836065573771 0.4008097165991903 0.6577868852459017 0.40941295546558704 0.6239754098360656 0.42459514170040485 0.5625 0.42459514170040485 0.5522540983606558 0.4139676113360324 0.5502049180327869 0.40384615384615385 0.5532786885245902 0.39979757085020245 0.5594262295081968
0 0.3825910931174089 0.3319672131147541 0.37955465587044535 0.3452868852459016 0.3825910931174089 0.39651639344262296 0.39220647773279355 0.4672131147540984 0.39220647773279355 0.48975409836065575 0.39625506072874495 0.5030737704918032 0.402834008097166 0.507172131147541 0.41548582995951416 0.5 0.4180161943319838 0.49385245901639346 0.41700404858299595 0.4774590163934426 0.4068825910931174 0.41598360655737704 0.4058704453441296 0.3790983606557377 0.39625506072874495 0.3125 0.38917004048583 0.3135245901639344
0 0.40030364372469635 0.32991803278688525 0.40536437246963564 0.4016393442622951 0.41700404858299595 0.47848360655737704 0.4144736842105263 0.5040983606557377 0.4190283400809717 0.5133196721311475 0.423582995951417 0.5133196721311475 0.4397773279352227 0.4979508196721312 0.4418016194331984 0.4774590163934426 0.4392712550607287 0.45389344262295084 0.42864372469635625 0.3709016393442623 0.4230769230769231 0.3452868852459016 0.41548582995951416 0.3319672131147541 0.4048582995951417 0.32684426229508196
0 0.41953441295546556 0.6454918032786885 0.4185222672064777 0.6680327868852459 0.4291497975708502 0.6670081967213115 0.4352226720647773 0.6465163934426229 0.44129554655870445 0.5963114754098361 0.4524291497975709 0.5584016393442623 0.45293522267206476 0.5450819672131147 0.4433198380566802 0.5235655737704918 0.4382591093117409 0.5225409836065574 0.42965587044534415 0.5307377049180327 0.4266194331983806 0.5409836065573771
0 0.4266194331983806 0.33094262295081966 0.42611336032388664 0.3514344262295082 0.4311740890688259 0.38729508196721313 0.4392712550607287 0.49385245901639346 0.4423076923076923 0.5010245901639344 0.4509109311740891 0.507172131147541 0.458502024291498 0.4959016393442623 0.46305668016194335 0.4713114754098361 0.45293522267206476 0.367827868852459 0.4357287449392713 0.3135245901639344 0.4311740890688259 0.3155737704918033
0 0.4645748987854251 0.36270491803278687 0.4645748987854251 0.4426229508196721 0.4665991902834008 0.4600409836065574 0.47874493927125505 0.45184426229508196 0.4817813765182186 0.4456967213114754 0.4832995951417004 0.4149590163934426 0.47874493927125505 0.3555327868852459 0.4706477732793522 0.34938524590163933
0 0.43775303643724695 0.673155737704918 0.43876518218623484 0.6823770491803278 0.4367408906882591 0.6895491803278688 0.43876518218623484 0.7069672131147541 0.4418016194331984 0.7090163934426229 0.4509109311740891 0.7049180327868853 0.4600202429149798 0.6772540983606558 0.465080971659919 0.6495901639344263 0.4701417004048583 0.5870901639344263 0.47469635627530365 0.5573770491803278 0.47520242914979755 0.5399590163934426 0.4701417004048583 0.5297131147540983 0.46153846153846156 0.5276639344262295 0.4524291497975709 0.5409836065573771 0.44635627530364375 0.6219262295081968 0.4407894736842105 0.6465163934426229
0 0.4767206477732793 0.5368852459016393 0.47520242914979755 0.6352459016393442 0.4767206477732793 0.6485655737704918 0.48279352226720645 0.6526639344262295 0.48633603238866396 0.6485655737704918 0.4898785425101215 0.6311475409836066 0.4984817813765182 0.5297131147540983 0.49544534412955465 0.5225409836065574 0.48228744939271256 0.5225409836065574 0.4777327935222672 0.5276639344262295
0 0.48431174089068824 0.35655737704918034 0.48431174089068824 0.4057377049180328 0.49038461538461536 0.4989754098360656 0.4934210526315789 0.5051229508196722 0.506578947368421 0.5051229508196722 0.5121457489878543 0.4969262295081967 0.5131578947368421 0.48155737704918034 0.5075910931174089 0.3862704918032787 0.5045546558704453 0.36885245901639346 0.4979757085020243 0.35348360655737704 0.4868421052631579 0.3524590163934426
0 0.4944331983805668 0.6055327868852459 0.4939271255060729 0.6383196721311475 0.5010121457489879 0.6475409836065574 0.5096153846153846 0.6434426229508197 0.5111336032388664 0.5922131147540983 0.5172064777327935 0.5471311475409836 0.5167004048582996 0.5204918032786885 0.5055668016194332 0.5184426229508197 0.5015182186234818 0.5215163934426229
0 0.5141700404858299 0.41598360655737704 0.513663967611336 0.4682377049180328 0.5369433198380567 0.4805327868852459 0.5399797570850202 0.47848360655737704 0.5369433198380567 0.375 0.520748987854251 0.3790983606557377 0.5167004048582996 0.38422131147540983
0 0.5182186234817814 0.5440573770491803 0.5192307692307693 0.5737704918032787 0.5161943319838057 0.6014344262295082 0.5161943319838057 0.6342213114754098 0.5227732793522267 0.639344262295082 0.5253036437246964 0.6383196721311475 0.5298582995951417 0.6260245901639344 0.5379554655870445 0.5614754098360656 0.5389676113360324 0.5317622950819673 0.5369433198380567 0.5163934426229508 0.521255060728745 0.5245901639344263
0 0.5404858299595142 0.4395491803278688 0.5399797570850202 0.46311475409836067 0.5425101214574899 0.4764344262295082 0.5597165991902834 0.48975409836065575 0.5657894736842105 0.48155737704918034 0.5647773279352226 0.41905737704918034 0.562246963562753 0.39139344262295084 0.5597165991902834 0.3719262295081967 0.555668016194332 0.3698770491803279 0.5495951417004049 0.35655737704918034 0.5435222672064778 0.3709016393442623
0 0.5384615384615384 0.5635245901639344 0.5369433198380567 0.5983606557377049 0.5399797570850202 0.6301229508196722 0.5490890688259109 0.6383196721311475 0.5541497975708503 0.6290983606557377 0.5581983805668016 0.5942622950819673 0.5612348178137652 0.5297131147540983 0.555668016194332 0.5235655737704918 0.5430161943319838 0.5327868852459017 0.5399797570850202 0.5409836065573771
0 0.5754048582995951 0.36577868852459017 0.5733805668016194 0.40061475409836067 0.5657894736842105 0.44672131147540983 0.5668016194331984 0.4661885245901639 0.5748987854251012 0.4969262295081967 0.5845141700404858 0.5030737704918032 0.597165991902834 0.48565573770491804 0.5956477732793523 0.48258196721311475 0.597165991902834 0.42213114754098363 0.6088056680161943 0.3473360655737705 0.6062753036437247 0.3360655737704918 0.6093117408906883 0.32479508196721313 0.6082995951417004 0.3135245901639344 0.5956477732793523 0.3094262295081967 0.5880566801619433 0.3145491803278688 0.5840080971659919 0.32172131147540983 0.5845141700404858 0.32786885245901637
0 0.5597165991902834 0.5286885245901639 0.5581983805668016 0.5430327868852459 0.5597165991902834 0.5594262295081968 0.5592105263157895 0.6383196721311475 0.5642712550607287 0.6536885245901639 0.5673076923076923 0.6813524590163934 0.5759109311740891 0.6864754098360656 0.5814777327935222 0.6670081967213115 0.583502024291498 0.6465163934426229 0.5845141700404858 0.5625 0.5774291497975709 0.5225409836065574 0.569838056680162 0.5163934426229508
0 0.5799595141700404 0.5297131147540983 0.5895748987854251 0.6362704918032787 0.5946356275303644 0.6598360655737705 0.6017206477732794 0.6793032786885246 0.6072874493927125 0.6854508196721312 0.6108299595141701 0.6844262295081968 0.6133603238866396 0.6567622950819673 0.6128542510121457 0.5266393442622951 0.611336032388664 0.5215163934426229 0.5951417004048583 0.5102459016393442
0 0.5885627530364372 0.4395491803278688 0.5845141700404858 0.4692622950819672 0.5860323886639676 0.48258196721311475 0.604251012145749 0.4948770491803279 0.611336032388664 0.5051229508196722 0.6204453441295547 0.4979508196721312 0.6234817813765182 0.48770491803278687 0.6234817813765182 0.45389344262295084 0.6305668016194332 0.4067622950819672 0.6336032388663968 0.34938524590163933 0.6330971659919028 0.33709016393442626 0.6305668016194332 0.33094262295081966 0.6219635627530364 0.32786885245901637 0.6123481781376519 0.3452868852459016 0.6067813765182186 0.36065573770491804 0.6057692307692307 0.3801229508196721 0.6002024291497976 0.41188524590163933
0 0.6052631578947368 0.5204918032786885 0.6052631578947368 0.5348360655737705 0.6194331983805668 0.6045081967213115 0.6209514170040485 0.6465163934426229 0.6239878542510121 0.6547131147540983 0.6346153846153846 0.6659836065573771 0.6417004048582996 0.6536885245901639 0.6396761133603239 0.5174180327868853 0.6255060728744939 0.5040983606557377 0.617914979757085 0.5020491803278688
0 0.6336032388663968 0.4426229508196721 0.6336032388663968 0.47950819672131145 0.6381578947368421 0.48770491803278687 0.6497975708502024 0.4979508196721312 0.6725708502024291 0.5010245901639344 0.6791497975708503 0.4969262295081967 0.6811740890688259 0.46311475409836067 0.6791497975708503 0.4405737704918033 0.6740890688259109 0.4344262295081967 0.6751012145748988 0.39651639344262296 0.6776315789473685 0.38524590163934425 0.6761133603238867 0.3801229508196721 0.6771255060728745 0.3411885245901639 0.6705465587044535 0.33401639344262296 0.6614372469635628 0.3360655737704918 0.6573886639676113 0.3411885245901639 0.645242914979757 0.4077868852459016
0 0.6826923076923077 0.5020491803278688 0.6831983805668016 0.5215163934426229 0.6968623481781376 0.6065573770491803 0.7034412955465587 0.6260245901639344 0.7130566801619433 0.6424180327868853 0.7171052631578947 0.6413934426229508 0.7191295546558705 0.632172131147541 0.7307692307692307 0.6424180327868853 0.7398785425101214 0.6342213114754098 0.7348178137651822 0.6127049180327869 0.7317813765182186 0.5860655737704918 0.7307692307692307 0.5174180327868853 0.7241902834008097 0.4948770491803279 0.7125506072874493 0.4887295081967213 0.7016700404858299 0.4989754098360656 0.6938259109311741 0.4979508196721312 0.6892712550607287 0.492827868852459
0 0.6857287449392713 0.45286885245901637 0.6862348178137652 0.4702868852459016 0.6973684210526315 0.48668032786885246 0.7241902834008097 0.48565573770491804 0.7262145748987854 0.48258196721311475 0.729757085020243 0.45491803278688525 0.7257085020242915 0.4057377049180328 0.7317813765182186 0.38422131147540983 0.7302631578947368 0.3483606557377049 0.7252024291497976 0.32172131147540983 0.7201417004048583 0.3176229508196721 0.7069838056680162 0.32581967213114754 0.6978744939271255 0.38831967213114754 0.6892712550607287 0.42008196721311475