0 0.3532388663967611 0.5092213114754098 0.3532388663967611 0.5297131147540983 0.35880566801619435 0.5409836065573771 0.3815789473684211 0.5461065573770492 0.38714574898785425 0.5409836065573771 0.39220647773279355 0.5420081967213115 0.39625506072874495 0.5348360655737705 0.3977732793522267 0.5194672131147541 0.39220647773279355 0.48258196721311475 0.3937246963562753 0.42725409836065575 0.3917004048582996 0.4098360655737705 0.38461538461538464 0.4047131147540984 0.3785425101214575 0.41598360655737704 0.36791497975708504 0.4057377049180328 0.36082995951417 0.41598360655737704 0.36133603238866396 0.43135245901639346 0.3598178137651822 0.4375 0.3562753036437247 0.4395491803278688 0.3557692307692308 0.48463114754098363
0 0.40131578947368424 0.507172131147541 0.4023279352226721 0.6362704918032787 0.4063765182186235 0.6547131147540983 0.4124493927125506 0.6598360655737705 0.4200404858299595 0.6526639344262295 0.423582995951417 0.6331967213114754 0.42965587044534415 0.5327868852459017 0.4240890688259109 0.5153688524590164 0.4215587044534413 0.48770491803278687 0.416497975708502 0.47950819672131145 0.41143724696356276 0.47950819672131145 0.4068825910931174 0.48565573770491804
0 0.4549595141700405 0.6362704918032787 0.45445344129554655 0.6772540983606558 0.45799595141700405 0.6854508196721312 0.4665991902834008 0.6864754098360656 0.4706477732793522 0.6741803278688525 0.4898785425101215 0.5225409836065574 0.49139676113360325 0.5061475409836066 0.4898785425101215 0.4918032786885246 0.465080971659919 0.4918032786885246 0.4600202429149798 0.4969262295081967
0 0.4352226720647773 0.3463114754098361 0.4347165991902834 0.39549180327868855 0.4392712550607287 0.4969262295081967 0.44281376518218624 0.5092213114754098 0.4458502024291498 0.5092213114754098 0.44888663967611336 0.5 0.4676113360323887 0.48668032786885246 0.46963562753036436 0.47438524590163933 0.45293522267206476 0.3637295081967213 0.44281376518218624 0.31864754098360654 0.4392712550607287 0.32479508196721313
0 0.4691295546558704 0.3452868852459016 0.46558704453441296 0.35348360655737704 0.46558704453441296 0.36065573770491804 0.4660931174089069 0.38524590163934425 0.4716599190283401 0.430327868852459 0.4716599190283401 0.4887295081967213 0.4974696356275304 0.4918032786885246 0.4984817813765182 0.4733606557377049 0.4883603238866397 0.38524590163934425 0.4797570850202429 0.35348360655737704 0.47469635627530365 0.3442622950819672
0 0.49291497975708504 0.3411885245901639 0.49898785425101216 0.3452868852459016 0.49898785425101216 0.35758196721311475 0.4934210526315789 0.36065573770491804 0.4924089068825911 0.367827868852459 0.49898785425101216 0.4692622950819672 0.5167004048582996 0.4948770491803279 0.527834008097166 0.49077868852459017 0.5303643724696356 0.48565573770491804 0.5298582995951417 0.47438524590163933 0.5141700404858299 0.35963114754098363 0.5060728744939271 0.3442622950819672 0.4974696356275304 0.33709016393442626 0.4939271255060729 0.33709016393442626
0 0.5455465587044535 0.4948770491803279 0.5475708502024291 0.6270491803278688 0.5516194331983806 0.6434426229508197 0.5561740890688259 0.6465163934426229 0.5597165991902834 0.6383196721311475 0.562246963562753 0.6219262295081968 0.5743927125506073 0.4948770491803279 0.5723684210526315 0.4887295081967213 0.5612348178137652 0.48565573770491804
0 0.5303643724696356 0.33709016393442626 0.5328947368421053 0.48155737704918034 0.5379554655870445 0.49077868852459017 0.548582995951417 0.48975409836065575 0.5566801619433198 0.48360655737704916 0.5592105263157895 0.43135245901639346 0.555161943319838 0.38729508196721313 0.5470647773279352 0.3442622950819672 0.5369433198380567 0.32889344262295084
0 0.5587044534412956 0.45389344262295084 0.5576923076923077 0.4661885245901639 0.5602226720647774 0.48360655737704916 0.5754048582995951 0.48975409836065575 0.5840080971659919 0.48770491803278687 0.5865384615384616 0.4733606557377049 0.590080971659919 0.3770491803278688 0.5890688259109311 0.3442622950819672 0.5855263157894737 0.3360655737704918 0.5789473684210527 0.3360655737704918 0.5723684210526315 0.35450819672131145 0.5637651821862348 0.39959016393442626
0 0.590080971659919 0.45491803278688525 0.590080971659919 0.4733606557377049 0.5961538461538461 0.4887295081967213 0.6103238866396761 0.4989754098360656 0.6153846153846154 0.4989754098360656 0.6260121457489879 0.48975409836065575 0.6295546558704453 0.42110655737704916 0.6381578947368421 0.32991803278688525 0.6381578947368421 0.3165983606557377 0.6361336032388664 0.3125 0.6305668016194332 0.30635245901639346 0.6265182186234818 0.3073770491803279 0.6169028340080972 0.32684426229508196
0 0.5789473684210527 0.5092213114754098 0.5774291497975709 0.5471311475409836 0.5733805668016194 0.5665983606557377 0.5759109311740891 0.6034836065573771 0.5759109311740891 0.6506147540983607 0.5809716599190283 0.6659836065573771 0.5905870445344129 0.6700819672131147 0.5961538461538461 0.6629098360655737 0.6012145748987854 0.6475409836065574 0.6062753036437247 0.6198770491803278 0.6103238866396761 0.5543032786885246 0.6103238866396761 0.5163934426229508 0.6082995951417004 0.507172131147541 0.5880566801619433 0.492827868852459 0.582995951417004 0.4948770491803279
0 0.6088056680161943 0.5092213114754098 0.6108299595141701 0.5327868852459017 0.6077935222672065 0.625 0.6088056680161943 0.6536885245901639 0.6153846153846154 0.6752049180327869 0.6244939271255061 0.6741803278688525 0.631578947368421 0.6434426229508197 0.6325910931174089 0.6168032786885246 0.6432186234817814 0.5286885245901639 0.6427125506072875 0.5112704918032787 0.6396761133603239 0.5 0.6280364372469636 0.4918032786885246 0.6163967611336032 0.4959016393442623
0 0.6472672064777328 0.5020491803278688 0.6477732793522267 0.6342213114754098 0.6492914979757085 0.6485655737704918 0.6578947368421053 0.680327868852459 0.6619433198380567 0.6588114754098361 0.6740890688259109 0.5461065573770492 0.6791497975708503 0.5256147540983607 0.6796558704453441 0.514344262295082 0.6771255060728745 0.507172131147541 0.6589068825910931 0.4887295081967213 0.65334008097166 0.48975409836065575
0 0.6826923076923077 0.44672131147540983 0.6821862348178138 0.45901639344262296 0.687246963562753 0.4969262295081967 0.6892712550607287 0.4989754098360656 0.6983805668016194 0.49385245901639346 0.7049595141700404 0.46209016393442626 0.7090080971659919 0.46209016393442626 0.7165991902834008 0.47438524590163933 0.7262145748987854 0.47438524590163933 0.7272267206477733 0.4600409836065574 0.7226720647773279 0.430327868852459 0.7130566801619433 0.39959016393442626 0.7034412955465587 0.4026639344262295 0.694331983805668 0.4139344262295082
0 0.7302631578947368 0.47848360655737704 0.7282388663967612 0.514344262295082 0.736336032388664 0.5317622950819673 0.7505060728744939 0.5297131147540983 0.763663967611336 0.5368852459016393 0.7687246963562753 0.5286885245901639 0.770748987854251 0.5122950819672131 0.7687246963562753 0.44774590163934425 0.770748987854251 0.42315573770491804 0.7677125506072875 0.39549180327868855 0.7611336032388664 0.3739754098360656 0.7545546558704453 0.3719262295081967 0.7505060728744939 0.3770491803278688
0 0.7201417004048583 0.5256147540983607 0.7176113360323887 0.5307377049180327 0.7176113360323887 0.5440573770491803 0.7252024291497976 0.5655737704918032 0.728744939271255 0.5870901639344263 0.743421052631579 0.6260245901639344 0.7515182186234818 0.6577868852459017 0.7591093117408907 0.6741803278688525 0.7656882591093117 0.673155737704918 0.7747975708502024 0.6588114754098361 0.7763157894736842 0.6331967213114754 0.7641700404858299 0.5215163934426229 0.7591093117408907 0.5153688524590164 0.7489878542510121 0.5122950819672131 0.7302631578947368 0.5153688524590164