0 0.30313765182186236 0.45286885245901637 0.3026315789473684 0.5184426229508197 0.2980769230769231 0.5563524590163934 0.298582995951417 0.5727459016393442 0.305668016194332 0.5911885245901639 0.3299595141700405 0.6004098360655737 0.33805668016194335 0.5911885245901639 0.3441295546558704 0.5747950819672131 0.33856275303643724 0.48463114754098363 0.3360323886639676 0.48155737704918034 0.3319838056680162 0.45491803278688525 0.32034412955465585 0.4375 0.3076923076923077 0.4375
0 0.44483805668016196 0.39959016393442626 0.444331983805668 0.5594262295081968 0.45040485829959515 0.576844262295082 0.458502024291498 0.5819672131147541 0.4741902834008097 0.5604508196721312 0.4767206477732793 0.5461065573770492 0.4706477732793522 0.44672131147540983 0.458502024291498 0.3760245901639344 0.4524291497975709 0.375
0 0.40030364372469635 0.6096311475409836 0.39979757085020245 0.6239754098360656 0.40384615384615385 0.6485655737704918 0.4109311740890688 0.7346311475409836 0.4159919028340081 0.7459016393442623 0.423582995951417 0.7459016393442623 0.4342105263157895 0.7284836065573771 0.4352226720647773 0.7202868852459017 0.4352226720647773 0.6065573770491803 0.4316801619433198 0.5952868852459017 0.4230769230769231 0.5911885245901639 0.41295546558704455 0.5952868852459017
0 0.4357287449392713 0.6096311475409836 0.4342105263157895 0.6444672131147541 0.4397773279352227 0.7192622950819673 0.4382591093117409 0.7602459016393442 0.4418016194331984 0.7745901639344263 0.4473684210526316 0.7756147540983607 0.458502024291498 0.7633196721311475 0.4625506072874494 0.7633196721311475 0.4665991902834008 0.7438524590163934 0.4645748987854251 0.6516393442622951 0.4676113360323887 0.6188524590163934 0.451417004048583 0.5963114754098361
0 0.4782388663967611 0.4262295081967213 0.4797570850202429 0.44364754098360654 0.4777327935222672 0.45799180327868855 0.4777327935222672 0.5204918032786885 0.4817813765182186 0.5215163934426229 0.4873481781376518 0.5327868852459017 0.5035425101214575 0.5338114754098361 0.5045546558704453 0.5174180327868853 0.49949392712550605 0.48360655737704916 0.5 0.44979508196721313 0.4979757085020243 0.430327868852459 0.49038461538461536 0.41290983606557374 0.48633603238866396 0.4098360655737705 0.4807692307692308 0.4139344262295082
0 0.4676113360323887 0.6588114754098361 0.4681174089068826 0.7407786885245902 0.4726720647773279 0.7612704918032787 0.4701417004048583 0.7704918032786885 0.4741902834008097 0.7848360655737705 0.48633603238866396 0.7868852459016393 0.4939271255060729 0.7735655737704918 0.4979757085020243 0.7315573770491803 0.5 0.6372950819672131 0.49544534412955465 0.6168032786885246 0.48633603238866396 0.6086065573770492 0.4782388663967611 0.6137295081967213
0 0.5080971659919028 0.45389344262295084 0.507085020242915 0.5676229508196722 0.5086032388663968 0.5809426229508197 0.5111336032388664 0.5860655737704918 0.520242914979757 0.5891393442622951 0.5379554655870445 0.5850409836065574 0.5404858299595142 0.5758196721311475 0.5394736842105263 0.4641393442622951 0.5374493927125507 0.45184426229508196 0.521255060728745 0.42725409836065575 0.5111336032388664 0.44364754098360654
0 0.5399797570850202 0.46311475409836067 0.5404858299595142 0.5758196721311475 0.5435222672064778 0.5840163934426229 0.5480769230769231 0.5870901639344263 0.5683198380566802 0.5860655737704918 0.5723684210526315 0.5727459016393442 0.5678137651821862 0.5614754098360656 0.5647773279352226 0.5379098360655737 0.5708502024291497 0.5010245901639344 0.5718623481781376 0.44979508196721313 0.5602226720647774 0.42418032786885246 0.555668016194332 0.42213114754098363 0.5460526315789473 0.4385245901639344
0 0.5748987854251012 0.4334016393442623 0.5688259109311741 0.5245901639344263 0.5708502024291497 0.5327868852459017 0.569838056680162 0.5409836065573771 0.5789473684210527 0.5502049180327869 0.5774291497975709 0.5563524590163934 0.5789473684210527 0.5727459016393442 0.5946356275303644 0.5778688524590164 0.5996963562753036 0.5717213114754098 0.6017206477732794 0.5614754098360656 0.6017206477732794 0.45799180327868855 0.5921052631578947 0.41598360655737704 0.5824898785425101 0.42110655737704916
0 0.5 0.6127049180327869 0.5 0.6649590163934426 0.5050607287449392 0.7131147540983607 0.5172064777327935 0.7612704918032787 0.5222672064777328 0.7592213114754098 0.5222672064777328 0.7510245901639344 0.5253036437246964 0.7479508196721312 0.52834008097166 0.7049180327868853 0.5258097165991903 0.6147540983606558 0.5121457489878543 0.6096311475409836
0 0.5303643724696356 0.6116803278688525 0.5247975708502024 0.6147540983606558 0.5258097165991903 0.6536885245901639 0.5354251012145749 0.7131147540983607 0.5389676113360324 0.7202868852459017 0.5445344129554656 0.7202868852459017 0.5490890688259109 0.7151639344262295 0.5501012145748988 0.7069672131147541 0.5465587044534413 0.610655737704918
0 0.5480769230769231 0.6075819672131147 0.5465587044534413 0.6219262295081968 0.5521255060728745 0.7120901639344263 0.5602226720647774 0.7284836065573771 0.5723684210526315 0.7284836065573771 0.5733805668016194 0.7192622950819673 0.5668016194331984 0.6168032786885246 0.5642712550607287 0.6116803278688525
0 0.5688259109311741 0.6147540983606558 0.5779352226720648 0.7387295081967213 0.583502024291498 0.7530737704918032 0.5915991902834008 0.7530737704918032 0.5981781376518218 0.7172131147540983 0.5956477732793523 0.694672131147541 0.5946356275303644 0.6147540983606558 0.5905870445344129 0.6096311475409836 0.5769230769230769 0.6096311475409836
0 0.5976720647773279 0.625 0.5961538461538461 0.6424180327868853 0.603744939271255 0.7540983606557377 0.6072874493927125 0.7694672131147541 0.617914979757085 0.7704918032786885 0.6260121457489879 0.7551229508196722 0.625 0.6485655737704918 0.6199392712550608 0.6188524590163934 0.611336032388664 0.6075819672131147 0.6062753036437247 0.610655737704918
0 0.6219635627530364 0.6147540983606558 0.6295546558704453 0.7520491803278688 0.6381578947368421 0.764344262295082 0.6447368421052632 0.7633196721311475 0.6503036437246964 0.7520491803278688 0.6548582995951417 0.6936475409836066 0.6548582995951417 0.6290983606557377 0.6523279352226721 0.6045081967213115 0.6477732793522267 0.5942622950819673 0.6346153846153846 0.5901639344262295
0 0.652834008097166 0.5983606557377049 0.6523279352226721 0.6116803278688525 0.6563765182186235 0.6475409836065574 0.6553643724696356 0.7202868852459017 0.6654858299595142 0.7397540983606558 0.673582995951417 0.7448770491803278 0.6786437246963563 0.735655737704918 0.6852226720647774 0.6905737704918032 0.6897773279352226 0.6045081967213115 0.6862348178137652 0.5973360655737705 0.6745951417004049 0.5901639344262295 0.6619433198380567 0.5891393442622951
0 0.6032388663967612 0.48463114754098363 0.6027327935222672 0.5133196721311475 0.6057692307692307 0.5276639344262295 0.6189271255060729 0.5368852459016393 0.6224696356275303 0.5338114754098361 0.6239878542510121 0.5225409836065574 0.6310728744939271 0.5174180327868853 0.6371457489878543 0.45184426229508196 0.6341093117408907 0.4354508196721312 0.6260121457489879 0.4354508196721312 0.6244939271255061 0.4405737704918033 0.6062753036437247 0.4600409836065574
0 0.6346153846153846 0.48770491803278687 0.6265182186234818 0.514344262295082 0.6578947368421053 0.5225409836065574 0.6619433198380567 0.5184426229508197 0.6649797570850202 0.5235655737704918 0.6710526315789473 0.5215163934426229 0.6730769230769231 0.514344262295082 0.6725708502024291 0.4948770491803279 0.6700404858299596 0.49077868852459017 0.646255060728745 0.4774590163934426 0.6381578947368421 0.4774590163934426
0 0.6715587044534413 0.5215163934426229 0.6710526315789473 0.5276639344262295 0.673582995951417 0.5307377049180327 0.6857287449392713 0.5348360655737705 0.7009109311740891 0.5245901639344263 0.701417004048583 0.5092213114754098 0.6973684210526315 0.4989754098360656 0.6816801619433198 0.4948770491803279
0 0.7181174089068826 0.492827868852459 0.7176113360323887 0.5030737704918032 0.7074898785425101 0.548155737704918 0.707995951417004 0.5625 0.7120445344129555 0.5665983606557377 0.7241902834008097 0.5594262295081968 0.7327935222672065 0.5379098360655737 0.7368421052631579 0.5338114754098361 0.7474696356275303 0.5420081967213115 0.756578947368421 0.5348360655737705 0.7651821862348178 0.5163934426229508 0.7727732793522267 0.507172131147541 0.7818825910931174 0.47438524590163933 0.7798582995951417 0.4692622950819672 0.7641700404858299 0.4600409836065574 0.7393724696356275 0.46311475409836067 0.7236842105263158 0.4764344262295082