0 0.2894736842105263 0.32786885245901637 0.2889676113360324 0.3719262295081967 0.2930161943319838 0.4026639344262295 0.298582995951417 0.4180327868852459 0.3132591093117409 0.4354508196721312 0.3243927125506073 0.430327868852459 0.33046558704453444 0.42008196721311475 0.3350202429149798 0.3985655737704918 0.3350202429149798 0.3514344262295082 0.3299595141700405 0.33401639344262296 0.30313765182186236 0.3084016393442623 0.2950404858299595 0.3135245901639344
0 0.3350202429149798 0.36577868852459017 0.32186234817813764 0.4774590163934426 0.3223684210526316 0.4969262295081967 0.32388663967611336 0.5051229508196722 0.32945344129554655 0.5112704918032787 0.3517206477732793 0.5204918032786885 0.35931174089068824 0.5133196721311475 0.36133603238866396 0.492827868852459 0.3638663967611336 0.39139344262295084 0.36082995951417 0.3770491803278688 0.3491902834008097 0.35860655737704916 0.3390688259109312 0.3524590163934426
0 0.2894736842105263 0.5706967213114754 0.2889676113360324 0.6659836065573771 0.29453441295546556 0.6864754098360656 0.30465587044534415 0.7028688524590164 0.3117408906882591 0.7069672131147541 0.3223684210526316 0.6844262295081968 0.32793522267206476 0.6536885245901639 0.3355263157894737 0.5829918032786885 0.33451417004048584 0.5655737704918032 0.326417004048583 0.5522540983606558 0.298582995951417 0.5471311475409836 0.2940283400809717 0.5522540983606558
0 0.33653846153846156 0.5727459016393442 0.31694585020242916 0.7098350409836065 0.3340080971659919 0.7161885245901639 0.3375506072874494 0.7264344262295082 0.3517206477732793 0.7008196721311475 0.35779352226720645 0.6813524590163934 0.37955465587044535 0.5850409836065574 0.3770242914979757 0.5686475409836066 0.3729757085020243 0.5625 0.3466599190283401 0.5522540983606558 0.3415991902834008 0.5543032786885246
0 0.3648785425101215 0.7120901639344263 0.36538461538461536 0.7336065573770492 0.3896761133603239 0.7459016393442623 0.39271255060728744 0.7459016393442623 0.3982793522267207 0.7346311475409836 0.4215587044534413 0.6137295081967213 0.4225708502024291 0.5901639344262295 0.4200404858299595 0.5758196721311475 0.3977732793522267 0.569672131147541 0.3825910931174089 0.5850409836065574 0.37803643724696356 0.6004098360655737
0 0.36690283400809715 0.39651639344262296 0.3618421052631579 0.5215163934426229 0.3684210526315789 0.5358606557377049 0.3967611336032389 0.5307377049180327 0.4008097165991903 0.5225409836065574 0.4018218623481781 0.492827868852459 0.39220647773279355 0.36168032786885246 0.3765182186234818 0.36270491803278687
0 0.4018218623481781 0.4600409836065574 0.39979757085020245 0.5327868852459017 0.4043522267206478 0.5430327868852459 0.40789473684210525 0.5440573770491803 0.42054655870445345 0.5286885245901639 0.4240890688259109 0.5133196721311475 0.42611336032388664 0.35348360655737704 0.42206477732793524 0.3401639344262295 0.4190283400809717 0.3411885245901639 0.41295546558704455 0.36065573770491804 0.4058704453441296 0.39241803278688525
0 0.4392712550607287 0.41905737704918034 0.44686234817813764 0.5543032786885246 0.45293522267206476 0.5645491803278688 0.4665991902834008 0.5604508196721312 0.4726720647773279 0.5512295081967213 0.47469635627530365 0.5327868852459017 0.4640688259109312 0.36270491803278687 0.4610323886639676 0.3514344262295082 0.4564777327935223 0.35040983606557374 0.45040485829959515 0.35860655737704916
0 0.41548582995951416 0.6444672131147541 0.4068825910931174 0.7510245901639344 0.40789473684210525 0.7725409836065574 0.41194331983805665 0.7786885245901639 0.4215587044534413 0.7653688524590164 0.4291497975708502 0.7315573770491803 0.4433198380566802 0.6239754098360656 0.444331983805668 0.6014344262295082 0.4342105263157895 0.5901639344262295 0.42206477732793524 0.5911885245901639
0 0.42813765182186236 0.7592213114754098 0.4276315789473684 0.7674180327868853 0.44281376518218624 0.7827868852459017 0.44888663967611336 0.7612704918032787 0.472165991902834 0.6260245901639344 0.4716599190283401 0.6137295081967213 0.4625506072874494 0.5963114754098361 0.458502024291498 0.5942622950819673 0.4458502024291498 0.6045081967213115
0 0.4574898785425101 0.764344262295082 0.4569838056680162 0.7797131147540983 0.4600202429149798 0.7868852459016393 0.4701417004048583 0.7797131147540983 0.47621457489878544 0.7622950819672131 0.4888663967611336 0.6936475409836066 0.49291497975708504 0.6219262295081968 0.4924089068825911 0.6065573770491803 0.48785425101214575 0.5983606557377049 0.4772267206477733 0.5973360655737705 0.472165991902834 0.6065573770491803 0.4625506072874494 0.6926229508196722
0 0.4686234817813765 0.3780737704918033 0.4767206477732793 0.5532786885245902 0.4782388663967611 0.5594262295081968 0.49139676113360325 0.5676229508196722 0.5015182186234818 0.5604508196721312 0.5025303643724697 0.5512295081967213 0.49544534412955465 0.42725409836065575 0.4908906882591093 0.38831967213114754 0.48228744939271256 0.3739754098360656
0 0.49291497975708504 0.5983606557377049 0.4868421052631579 0.7520491803278688 0.4898785425101215 0.7592213114754098 0.4979757085020243 0.7592213114754098 0.5010121457489879 0.7540983606557377 0.5060728744939271 0.7172131147540983 0.5151821862348178 0.6147540983606558 0.5146761133603239 0.5952868852459017 0.5010121457489879 0.5860655737704918
0 0.5096153846153846 0.6967213114754098 0.5091093117408907 0.7161885245901639 0.5126518218623481 0.735655737704918 0.5258097165991903 0.7397540983606558 0.534919028340081 0.6198770491803278 0.534919028340081 0.5993852459016393 0.5323886639676113 0.5952868852459017 0.520242914979757 0.5922131147540983 0.5151821862348178 0.5963114754098361
0 0.5318825910931174 0.40061475409836067 0.5318825910931174 0.5563524590163934 0.5409919028340081 0.5665983606557377 0.5561740890688259 0.5614754098360656 0.5632591093117408 0.5512295081967213 0.5657894736842105 0.5266393442622951 0.5561740890688259 0.4036885245901639 0.5470647773279352 0.36475409836065575 0.5359311740890689 0.36065573770491804
0 0.4979757085020243 0.430327868852459 0.5050607287449392 0.5584016393442623 0.5091093117408907 0.5686475409836066 0.5167004048582996 0.5727459016393442 0.5293522267206477 0.5686475409836066 0.5323886639676113 0.5604508196721312 0.5313765182186235 0.5266393442622951 0.521255060728745 0.44364754098360654 0.500790991902834 0.3563842213114754
0 0.5263157894736842 0.6895491803278688 0.5247975708502024 0.7274590163934426 0.5263157894736842 0.7418032786885246 0.5328947368421053 0.7633196721311475 0.5374493927125507 0.7469262295081968 0.5521255060728745 0.6280737704918032 0.5495951417004049 0.5870901639344263 0.5334008097165992 0.6075819672131147
0 0.5445344129554656 0.610655737704918 0.5404858299595142 0.7397540983606558 0.5409919028340081 0.7479508196721312 0.5475708502024291 0.7592213114754098 0.5526315789473685 0.7602459016393442 0.562753036437247 0.7172131147540983 0.5718623481781376 0.5942622950819673 0.5683198380566802 0.5870901639344263 0.548582995951417 0.5881147540983607 0.5450404858299596 0.5952868852459017
0 0.5571862348178138 0.3452868852459016 0.5521255060728745 0.36065573770491804 0.5521255060728745 0.38422131147540983 0.5602226720647774 0.5338114754098361 0.5632591093117408 0.548155737704918 0.569838056680162 0.5491803278688525 0.5880566801619433 0.5338114754098361 0.5845141700404858 0.3452868852459016 0.5748987854251012 0.3176229508196721 0.5683198380566802 0.319672131147541
0 0.5875506072874493 0.45491803278688525 0.5860323886639676 0.4969262295081967 0.590080971659919 0.5358606557377049 0.618421052631579 0.555327868852459 0.6270242914979757 0.5450819672131147 0.631578947368421 0.5307377049180327 0.6310728744939271 0.4067622950819672 0.6275303643724697 0.38831967213114754 0.6032388663967612 0.3463114754098361 0.5986842105263158 0.3452868852459016 0.5921052631578947 0.36065573770491804
0 0.5875506072874493 0.6034836065573771 0.5860323886639676 0.6239754098360656 0.5910931174089069 0.7633196721311475 0.6118421052631579 0.7889344262295082 0.6204453441295547 0.7807377049180327 0.6330971659919028 0.7469262295081968 0.6366396761133604 0.6383196721311475 0.6346153846153846 0.6168032786885246 0.6300607287449392 0.5993852459016393 0.6229757085020243 0.5922131147540983 0.6072874493927125 0.5932377049180327
0 0.5652834008097166 0.6967213114754098 0.5647773279352226 0.7438524590163934 0.5673076923076923 0.7674180327868853 0.5799595141700404 0.7797131147540983 0.5870445344129555 0.7612704918032787 0.5926113360323887 0.7213114754098361 0.5976720647773279 0.6086065573770492 0.5850202429149798 0.5952868852459017 0.5718623481781376 0.6075819672131147 0.5688259109311741 0.6270491803278688
0 0.5865384615384616 0.6127049180327869 0.5865384615384616 0.632172131147541 0.5895748987854251 0.6454918032786885 0.6467611336032388 0.7909836065573771 0.6538461538461539 0.7950819672131147 0.6710526315789473 0.742827868852459 0.6553643724696356 0.6782786885245902 0.631578947368421 0.6004098360655737 0.6244939271255061 0.5911885245901639 0.6108299595141701 0.5850409836065574 0.5875506072874493 0.6065573770491803
0 0.6336032388663968 0.5911885245901639 0.6376518218623481 0.6260245901639344 0.6543522267206477 0.6895491803278688 0.6761133603238867 0.7530737704918032 0.6811740890688259 0.7581967213114754 0.6867408906882592 0.757172131147541 0.7145748987854251 0.7243852459016393 0.715080971659919 0.7161885245901639 0.7029352226720648 0.6495901639344263 0.6852226720647774 0.5788934426229508 0.6781376518218624 0.5686475409836066 0.6639676113360324 0.5676229508196722 0.6346153846153846 0.5870901639344263
0 0.6133603238866396 0.43135245901639346 0.6108299595141701 0.45286885245901637 0.6148785425101214 0.5420081967213115 0.646255060728745 0.5563524590163934 0.6503036437246964 0.5522540983606558 0.6553643724696356 0.5389344262295082 0.6578947368421053 0.5061475409836066 0.659919028340081 0.41905737704918034 0.6578947368421053 0.3801229508196721 0.646255060728745 0.35860655737704916 0.6411943319838057 0.35758196721311475 0.6229757085020243 0.38422131147540983
0 0.645748987854251 0.3524590163934426 0.6447368421052632 0.49385245901639346 0.6573886639676113 0.5368852459016393 0.6690283400809717 0.5440573770491803 0.680161943319838 0.5399590163934426 0.6978744939271255 0.5133196721311475 0.6938259109311741 0.38422131147540983 0.6695344129554656 0.33811475409836067 0.6594129554655871 0.3360655737704918
0 0.6892712550607287 0.4395491803278688 0.6882591093117408 0.4661885245901639 0.6907894736842105 0.48975409836065575 0.7004048582995951 0.5133196721311475 0.7171052631578947 0.5133196721311475 0.7343117408906883 0.49077868852459017 0.7393724696356275 0.4723360655737705 0.7439271255060729 0.31864754098360654 0.7125506072874493 0.33299180327868855 0.7034412955465587 0.3452868852459016
0 0.673582995951417 0.5737704918032787 0.7115384615384616 0.6967213114754098 0.7241902834008097 0.7202868852459017 0.7327935222672065 0.7295081967213115 0.7424089068825911 0.7295081967213115 0.7580971659919028 0.7049180327868853 0.7520242914979757 0.6536885245901639 0.7343117408906883 0.5604508196721312 0.7282388663967612 0.5420081967213115 0.7231781376518218 0.5368852459016393 0.6887651821862348 0.555327868852459
0 0.7358299595141701 0.6301229508196722 0.7322874493927125 0.6577868852459017 0.7338056680161943 0.6690573770491803 0.7439271255060729 0.6967213114754098 0.7697368421052632 0.6967213114754098 0.8142712550607287 0.6506147540983607 0.8208502024291497 0.625 0.8238866396761133 0.5829918032786885 0.8137651821862348 0.5727459016393442 0.7980769230769231 0.5676229508196722 0.7555668016194332 0.5881147540983607 0.7403846153846154 0.6075819672131147