0 0.2742914979757085 0.47438524590163933 0.2742914979757085 0.4989754098360656 0.298582995951417 0.5276639344262295 0.3107287449392713 0.5204918032786885 0.3157894736842105 0.5112704918032787 0.3188259109311741 0.48668032786885246 0.31983805668016196 0.4385245901639344 0.3157894736842105 0.3719262295081967 0.3107287449392713 0.3524590163934426 0.30465587044534415 0.3555327868852459 0.2975708502024291 0.36885245901639346
0 0.2909919028340081 0.7069672131147541 0.2899797570850202 0.7315573770491803 0.31781376518218624 0.7305327868852459 0.3324898785425101 0.7028688524590164 0.3618421052631579 0.6116803278688525 0.3648785425101215 0.5973360655737705 0.3623481781376518 0.5799180327868853 0.3259109311740891 0.5491803278688525 0.3102226720647773 0.5635245901639344
0 0.31983805668016196 0.39549180327868855 0.3228744939271255 0.5245901639344263 0.3299595141700405 0.5399590163934426 0.3532388663967611 0.5399590163934426 0.3658906882591093 0.5204918032786885 0.3674089068825911 0.5010245901639344 0.35020242914979755 0.39959016393442626 0.3436234817813765 0.3801229508196721 0.3340080971659919 0.3698770491803279 0.3259109311740891 0.3770491803278688
0 0.3694331983805668 0.38729508196721313 0.36791497975708504 0.5368852459016393 0.3724696356275304 0.5440573770491803 0.3932186234817814 0.5389344262295082 0.4073886639676113 0.5256147540983607 0.41346153846153844 0.5040983606557377 0.41295546558704455 0.4702868852459016 0.4048582995951417 0.3760245901639344 0.402834008097166 0.36475409836065575 0.3805668016194332 0.36065573770491804 0.37044534412955465 0.3709016393442623
0 0.40384615384615385 0.3709016393442623 0.4068825910931174 0.5256147540983607 0.41548582995951416 0.5379098360655737 0.42054655870445345 0.5379098360655737 0.43724696356275305 0.5256147540983607 0.44129554655870445 0.5092213114754098 0.4397773279352227 0.48770491803278687 0.4240890688259109 0.3760245901639344 0.4159919028340081 0.36270491803278687 0.4058704453441296 0.36475409836065575
0 0.3567813765182186 0.6659836065573771 0.3567813765182186 0.7469262295081968 0.36538461538461536 0.7469262295081968 0.375 0.7305327868852459 0.40319078947368425 0.622422131147541 0.4144736842105263 0.5727459016393442 0.37955465587044535 0.5676229508196722 0.3658906882591093 0.5717213114754098 0.3623481781376518 0.5829918032786885
0 0.6477732793522267 0.44774590163934425 0.645242914979757 0.4661885245901639 0.646255060728745 0.48565573770491804 0.6497975708502024 0.4989754098360656 0.6781376518218624 0.5040983606557377 0.6882591093117408 0.4959016393442623 0.6902834008097166 0.48975409836065575 0.6938259109311741 0.38422131147540983 0.6730769230769231 0.3801229508196721 0.6619433198380567 0.39241803278688525
0 0.38441902834008096 0.7651875 0.38825303643724696 0.6983073770491803 0.3874564777327935 0.6536608606557377 0.3837408906882591 0.6009456967213115 0.3879873481781377 0.5708227459016394 0.4097515182186235 0.5616782786885246 0.4174483805668016 0.6170829918032787 0.3917034412955465 0.746719262295082 0.3792287449392713 0.7623186475409837
0 0.41824493927125506 0.725202868852459 0.4129362348178138 0.6090143442622951 0.41001670040485827 0.5595266393442623 0.4174483805668016 0.5444651639344262 0.43894686234817815 0.5546854508196721 0.45248329959514166 0.5713606557377049 0.45354504048583 0.6213862704918033 0.4280652834008097 0.6891629098360657 0.419040991902834 0.7208995901639343 0.4185101214574899 0.7257407786885246
0 0.43735475708502025 0.6208483606557377 0.4397434210526316 0.5675952868852459 0.4495637651821862 0.5487684426229508 0.46893876518218625 0.5654436475409836 0.4633653846153846 0.7085276639344262 0.4561988866396761 0.7434918032786886 0.44929807692307694 0.7477950819672131 0.436293016194332 0.6649569672131148 0.43416953441295547 0.6160071721311475
0 0.4832712550607287 0.7192858606557377 0.467080971659919 0.6402131147540984 0.45911842105263156 0.5815809426229509 0.46495799595141696 0.5450030737704918 0.477167004048583 0.5439272540983607 0.49548026315789473 0.6025594262295082 0.496542004048583 0.663343237704918 0.49229554655870444 0.7063760245901639 0.48884514170040483 0.7187479508196721
0 0.43523127530364375 0.3685481557377049 0.43363866396761136 0.43309733606557377 0.43363866396761136 0.4815092213114754 0.42886133603238863 0.522390368852459 0.4408051619433198 0.5471342213114755 0.45991497975708506 0.5175491803278688 0.45991497975708506 0.4626823770491803 0.45142155870445344 0.4099672131147541 0.43947773279352226 0.36532069672131146 0.4354964574898786 0.3594036885245902
0 0.4511563765182186 0.3825338114754098 0.4458476720647773 0.43955225409836063 0.44929807692307694 0.5019497950819672 0.45566801619433195 0.5137838114754099 0.4625688259109311 0.5401413934426229 0.4774321862348178 0.48258504098360655 0.47690131578947365 0.41803586065573767 0.47000050607287447 0.36693442622950817 0.45911842105263156 0.34756967213114753 0.45858755060728745 0.3454180327868852
0 0.48698734817813766 0.36316905737704913 0.47610526315789475 0.4261045081967213 0.47106224696356275 0.48903995901639347 0.4750435222672065 0.5315348360655738 0.49070293522267205 0.5358381147540983 0.49627682186234817 0.5100184426229508 0.49680769230769234 0.45031045081967214 0.4840678137651822 0.3604795081967213 0.48512904858299594 0.34434221311475405
0 0.49813461538461534 0.36316905737704913 0.496542004048583 0.4449313524590164 0.49388815789473683 0.5127079918032788 0.4991963562753037 0.5331485655737704 0.526003036437247 0.5336864754098362 0.5337004048582996 0.5250799180327869 0.5281265182186234 0.4513862704918033 0.5198987854251012 0.3959815573770492 0.5177753036437247 0.33950102459016396 0.5031776315789473 0.31906045081967216 0.49574595141700406 0.35348668032786884
0 0.5334347165991903 0.36316905737704913 0.525206983805668 0.44009016393442624 0.5228183198380566 0.5019497950819672 0.5294534412955466 0.5347622950819673 0.5467054655870445 0.5390655737704918 0.5581184210526317 0.5110942622950819 0.5554640688259109 0.45730327868852455 0.5530754048582995 0.4072776639344262 0.5525445344129555 0.3610174180327869 0.5363542510121457 0.3427284836065574 0.5329038461538461 0.35563831967213116
0 0.49038461538461536 0.5543032786885246 0.4893724696356275 0.5788934426229508 0.4944331983805668 0.6618852459016393 0.5015182186234818 0.6844262295081968 0.5096153846153846 0.6956967213114754 0.513663967611336 0.6823770491803278 0.5126518218623481 0.569672131147541 0.5101214574898786 0.5522540983606558 0.4944331983805668 0.5502049180327869
0 0.4898785425101215 0.5563524590163934 0.4898785425101215 0.5758196721311475 0.4979757085020243 0.6198770491803278 0.5268218623481782 0.6967213114754098 0.5369433198380567 0.6987704918032787 0.5374493927125507 0.6567622950819673 0.527834008097166 0.5532786885245902 0.49544534412955465 0.5512295081967213
0 0.5303643724696356 0.555327868852459 0.5293522267206477 0.5737704918032787 0.542004048582996 0.6875 0.5495951417004049 0.7079918032786885 0.5541497975708503 0.7120901639344263 0.5612348178137652 0.6885245901639344 0.5495951417004049 0.5625 0.5430161943319838 0.5512295081967213
0 0.5516194331983806 0.375 0.5516194331983806 0.45594262295081966 0.5602226720647774 0.5184426229508197 0.5647773279352226 0.5225409836065574 0.5748987854251012 0.5092213114754098 0.582995951417004 0.38114754098360654 0.5647773279352226 0.3637295081967213
0 0.5495951417004049 0.548155737704918 0.5571862348178138 0.6383196721311475 0.5617408906882592 0.6557377049180327 0.5662955465587044 0.6577868852459017 0.5713562753036437 0.6465163934426229 0.569838056680162 0.5461065573770492 0.5602226720647774 0.5420081967213115
0 0.5713562753036437 0.5420081967213115 0.5830617408906883 0.6672069672131147 0.5915991902834008 0.7233606557377049 0.603744939271255 0.7254098360655737 0.6072874493927125 0.7172131147540983 0.6013755060728745 0.680654713114754 0.597165991902834 0.5440573770491803 0.5915991902834008 0.5338114754098361
0 0.5976720647773279 0.5491803278688525 0.597165991902834 0.5635245901639344 0.6062753036437247 0.6690573770491803 0.6148785425101214 0.7120901639344263 0.6219635627530364 0.7172131147540983 0.6265182186234818 0.7079918032786885 0.6285425101214575 0.680327868852459 0.6285425101214575 0.6034836065573771 0.6255060728744939 0.5522540983606558 0.6209514170040485 0.5430327868852459 0.6123481781376519 0.5368852459016393
0 0.6163967611336032 0.5502049180327869 0.6169028340080972 0.5686475409836066 0.6427125506072875 0.7079918032786885 0.6477732793522267 0.7202868852459017 0.6578947368421053 0.7254098360655737 0.6654858299595142 0.7233606557377049 0.666497975708502 0.6967213114754098 0.6584008097165992 0.6127049180327869 0.6467611336032388 0.5440573770491803 0.631578947368421 0.5368852459016393 0.618421052631579 0.5440573770491803
0 0.5804655870445344 0.4026639344262295 0.5743927125506073 0.4969262295081967 0.5789473684210527 0.514344262295082 0.5931174089068826 0.5153688524590164 0.5986842105263158 0.5092213114754098 0.6082995951417004 0.48668032786885246 0.6040293522267206 0.4800143442622951 0.600578947368421 0.44182274590163934 0.6016406882591093 0.37834938524590167 0.6045602226720649 0.36328790983606557 0.6093117408906883 0.30327868852459017 0.5989868421052631 0.31326229508196723 0.592882085020243 0.33961987704918034
0 0.6129524291497975 0.3342827868852459 0.6025743927125505 0.3858432377049181 0.5956735829959514 0.4224211065573771 0.5890384615384615 0.44877868852459013 0.5924888663967611 0.4735225409836066 0.6023092105263158 0.5041834016393443 0.616376012145749 0.5230102459016394 0.6301776315789474 0.4998801229508196 0.6283198380566801 0.47459836065573774 0.6275237854251012 0.4450133196721312 0.6280541497975709 0.40144262295081967 0.6293815789473683 0.3610993852459016 0.6309736842105264 0.3320522540983607 0.6309736842105264 0.3094600409836066 0.6184994939271254 0.3207561475409836 0.6139873481781377 0.3390450819672131
0 0.639997975708502 0.31699077868852454 0.6264620445344129 0.37293340163934424 0.6200921052631578 0.40951127049180325 0.6158451417004049 0.44608913934426225 0.6166417004048582 0.47567418032786885 0.6192955465587044 0.5004180327868852 0.6330971659919028 0.5203206967213115 0.6484913967611337 0.5117141393442622 0.6530035425101215 0.4837428278688524 0.6527378542510122 0.45361987704918033 0.6527378542510122 0.4170420081967213 0.6593734817813766 0.3810020491803279 0.6665394736842106 0.3433483606557377 0.6668051619433198 0.3196803278688524 0.6519418016194333 0.3110737704918033 0.6431831983805668 0.31483913934426233
0 0.6859063765182187 0.7235686475409836 0.6723699392712551 0.6778463114754099 0.6662656882591093 0.6396547131147541 0.6585683198380566 0.6116834016393443 0.6476862348178137 0.5907049180327869 0.6450323886639676 0.5654231557377049 0.6468901821862348 0.5422930327868852 0.6614878542510121 0.529921106557377 0.6795364372469636 0.5261557377049181 0.7039544534412955 0.5385276639344262 0.7028927125506073 0.5621956967213114 0.7002383603238866 0.6041526639344262 0.7124478744939271 0.6391168032786886 0.7151017206477732 0.6778463114754099 0.7100587044534413 0.7074313524590163 0.6951958502024292 0.7187274590163933 0.6885602226720647 0.7198032786885246
0 0.7448284412955465 0.7036659836065574 0.7342115384615384 0.6665502049180327 0.7177560728744939 0.6326618852459016 0.706077935222672 0.6014631147540984 0.6978496963562754 0.580484631147541 0.6973188259109312 0.5433688524590163 0.7039544534412955 0.5261557377049181 0.7172252024291499 0.5250799180327869 0.7291690283400809 0.5116321721311475 0.7381928137651822 0.5100184426229508 0.747747975708502 0.522390368852459 0.7554448380566802 0.5654231557377049 0.7530561740890688 0.5847879098360657 0.7610187246963562 0.609531762295082 0.7663269230769231 0.6450338114754098 0.7676538461538461 0.6724672131147541 0.7604878542510121 0.6912940573770492 0.7522601214574898 0.7031280737704918
0 0.7190354251012147 0.34071413934426226 0.705462044534413 0.37550512295081967 0.6934853238866396 0.4289057377049181 0.6942834008097166 0.5017233606557377 0.7178375506072874 0.513859631147541 0.7373992914979758 0.5057694672131148 0.7437869433198381 0.48392315573770495 0.7373992914979758 0.4450870901639344 0.7314109311740891 0.4013965163934426 0.729414979757085 0.3698422131147541 0.7226280364372469 0.3520420081967213
0 0.7545657894736841 0.24524180327868852 0.7334073886639676 0.3026875 0.7238259109311741 0.3504241803278689 0.7270197368421052 0.4013965163934426 0.7445855263157894 0.4224323770491803 0.7685384615384616 0.4224323770491803 0.7749261133603238 0.4070604508196721 0.7757246963562754 0.3577059426229508 0.7749261133603238 0.32291495901639344 0.769337044534413 0.28084221311475405 0.759756072874494 0.24605122950819672