0 0.3081983805668016 0.4456967213114754 0.30516194331983804 0.4948770491803279 0.3061740890688259 0.514344262295082 0.31376518218623484 0.5266393442622951 0.3284412955465587 0.5389344262295082 0.3410931174089069 0.5286885245901639 0.3436234817813765 0.5092213114754098 0.3441295546558704 0.41905737704918034 0.34058704453441296 0.41598360655737704 0.3295835020242915 0.3461157786885246
0 0.2889676113360324 0.5747950819672131 0.25861892712550605 0.6587346311475409 0.2790161943319838 0.7095461065573772 0.3102226720647773 0.6413934426229508 0.3269230769230769 0.6239754098360656 0.33653846153846156 0.6004098360655737 0.33704453441295545 0.5911885245901639 0.33451417004048584 0.5840163934426229 0.3102226720647773 0.5461065573770492 0.3006072874493927 0.5502049180327869
0 0.3557692307692308 0.41598360655737704 0.35020242914979755 0.44672131147540983 0.35020242914979755 0.5174180327868853 0.36538461538461536 0.5450819672131147 0.37398785425101216 0.5461065573770492 0.3775303643724696 0.5153688524590164 0.3770242914979757 0.42008196721311475 0.3729757085020243 0.4088114754098361 0.3648785425101215 0.4047131147540984
0 0.37955465587044535 0.45491803278688525 0.3810728744939271 0.5245901639344263 0.3866396761133603 0.555327868852459 0.3932186234817814 0.5614754098360656 0.3972672064777328 0.5420081967213115 0.39878542510121456 0.5174180327868853 0.38866396761133604 0.45491803278688525
0 0.3901821862348178 0.4456967213114754 0.3896761133603239 0.45594262295081966 0.4018218623481781 0.5522540983606558 0.4084008097165992 0.5563524590163934 0.4215587044534413 0.5491803278688525 0.42206477732793524 0.5133196721311475 0.41700404858299595 0.4702868852459016 0.41143724696356276 0.44672131147540983 0.4043522267206478 0.430327868852459 0.39625506072874495 0.43135245901639346
0 0.4149797570850202 0.45491803278688525 0.4190283400809717 0.5440573770491803 0.4230769230769231 0.548155737704918 0.43775303643724695 0.5440573770491803 0.44534412955465585 0.4979508196721312 0.4392712550607287 0.4426229508196721 0.43016194331983804 0.4262295081967213 0.41953441295546556 0.4375
0 0.42206477732793524 0.6639344262295082 0.41677176113360326 0.7109149590163933 0.40273937246963565 0.7980461065573771 0.4140845141700405 0.8028862704918033 0.4352226720647773 0.7141393442622951 0.45546558704453444 0.6485655737704918 0.4590080971659919 0.6331967213114754 0.458502024291498 0.6219262295081968 0.4392712550607287 0.6116803278688525 0.42813765182186236 0.6168032786885246 0.42459514170040485 0.6280737704918032
0 0.4436351214574899 0.3891577868852459 0.44512803643724697 0.48596926229508197 0.43676872469635625 0.5555532786885247 0.43796255060728745 0.5870174180327868 0.45378643724696355 0.5960932377049181 0.4705055668016195 0.5712858606557377 0.47378947368421054 0.5470819672131148 0.4699084008097166 0.4829446721311475 0.46393724696356275 0.4424047131147541 0.4564731781376518 0.4018647540983607
0 0.4457252024291498 0.6892745901639344 0.4403512145748988 0.7243698770491803 0.4376644736842106 0.7758012295081967 0.43706730769230767 0.7879026639344263 0.4519949392712551 0.7776157786885246 0.46453441295546555 0.728 0.4722965587044535 0.6983514344262295 0.46214574898785427 0.6801987704918033 0.4496062753036437 0.6856444672131147
0 0.45886184210526315 0.38431659836065574 0.46363866396761133 0.4799190573770492 0.46184716599190284 0.5416362704918032 0.4609514170040486 0.5731004098360656 0.4770733805668016 0.5803616803278688 0.4890156882591093 0.5743104508196721 0.4878213562753036 0.5259047131147541 0.47796912955465587 0.44361475409836065 0.4693112348178138 0.3788719262295082 0.46453441295546555 0.36616495901639345 0.46125 0.3619293032786885
0 0.486328947368421 0.4030747950819672 0.4893142712550607 0.4914149590163934 0.4884185222672065 0.5488975409836067 0.4911057692307692 0.5839918032786885 0.5078248987854251 0.5779415983606557 0.5126017206477732 0.5428473360655738 0.5027494939271255 0.4599518442622951 0.4943896761133603 0.40731045081967215 0.4905086032388664 0.3909733606557377
0 0.7844089068825911 0.7013852459016394 0.753955971659919 0.649953893442623 0.7366401821862348 0.6166752049180327 0.7249964574898786 0.5979180327868853 0.7211148785425101 0.5694795081967213 0.7252950404858299 0.5464866803278688 0.7393269230769232 0.5319641393442623 0.7530607287449392 0.5253084016393443 0.7650025303643725 0.5247038934426229 0.775751012145749 0.5355952868852459 0.7826174089068826 0.5779508196721312 0.7978441295546559 0.6118350409836065 0.7993365384615385 0.6753678278688524 0.7963512145748988 0.6971506147540983 0.7823188259109312 0.7044108606557377
0 0.7040971659919029 0.39158709016393445 0.7079787449392712 0.465406762295082 0.7040971659919029 0.5053411885245902 0.6975293522267206 0.5458811475409836 0.6990217611336033 0.5622182377049181 0.7085759109311741 0.5779508196721312 0.7300718623481782 0.5706895491803279 0.7390283400809716 0.559798155737705 0.741417004048583 0.5253084016393443 0.7399240890688259 0.49444979508196724 0.7324600202429149 0.4641967213114754 0.729176113360324 0.42365573770491805 0.7258917004048583 0.3988483606557377 0.7136513157894736 0.3879569672131148
0 0.6918567813765182 0.6360379098360656 0.7076801619433198 0.6771823770491803 0.7160394736842105 0.6904948770491803 0.7279817813765181 0.6953350409836067 0.7327586032388664 0.6965450819672131 0.7387297570850202 0.6735522540983606 0.730669028340081 0.656609631147541 0.717830971659919 0.6451137295081967 0.7097697368421053 0.6269610655737705 0.6972307692307692 0.6251465163934427 0.6942449392712551 0.6269610655737705
0 0.717830971659919 0.6203053278688525 0.7297732793522267 0.6553995901639343 0.7351472672064777 0.687469262295082 0.7470895748987855 0.6953350409836067 0.7530607287449392 0.6789979508196722 0.7548517206477733 0.6529795081967213 0.7366401821862348 0.603968237704918 0.7321614372469636 0.5997325819672131 0.7208162955465588 0.6124395491803278
0 0.6816857287449393 0.6437356557377049 0.6909610323886639 0.6318022540983607 0.6945435222672064 0.6336168032786885 0.6957378542510122 0.6553995901639343 0.6951406882591092 0.6838381147540984 0.6840941295546559 0.7019907786885247 0.6796158906882591 0.6965450819672131 0.6823026315789473 0.6723422131147541 0.6846912955465587 0.663266393442623 0.6837955465587044 0.6487438524590163
0 0.6664792510121458 0.641483606557377 0.6631953441295546 0.6529795081967213 0.6670764170040486 0.6699221311475411 0.6727489878542511 0.6935194672131147 0.6751376518218623 0.7171178278688525 0.6793173076923077 0.7413206967213115 0.6837955465587044 0.7618934426229508 0.6969321862348178 0.7745993852459017 0.7032019230769231 0.770969262295082 0.7037985829959513 0.7546321721311475 0.6951406882591092 0.7304293032786885 0.6861842105263158 0.7038063524590163 0.6811088056680162 0.6783924180327868 0.6787201417004048 0.6626608606557377 0.6745404858299595 0.648139344262295 0.6670764170040486 0.643298155737705
0 0.6778243927125507 0.3625440573770492 0.6679721659919028 0.3970327868852459 0.6673749999999999 0.43757274590163936 0.6625981781376519 0.48718954918032786 0.6614038461538462 0.5119969262295082 0.6515516194331983 0.5355952868852459 0.651253036437247 0.5616137295081967 0.6655835020242915 0.5779508196721312 0.6852884615384616 0.5809754098360657 0.6969321862348178 0.5725051229508197 0.7020075910931174 0.544671106557377 0.6975293522267206 0.5180481557377049 0.692752024291498 0.46661680327868854 0.6894681174089068 0.4145799180327869 0.6921553643724697 0.3873514344262295 0.6942449392712551 0.364358606557377 0.6831983805668016 0.3607284836065574
0 0.6734726720647773 0.8158360655737704 0.6617024291497975 0.7836762295081968 0.6521487854251012 0.746766393442623 0.6425951417004049 0.7165122950819672 0.636623987854251 0.6880737704918032 0.6309514170040486 0.6662909836065574 0.6255774291497976 0.6505594262295082 0.6243830971659918 0.6269610655737705 0.6327424089068826 0.6215153688524591 0.6422965587044535 0.6190952868852458 0.6518502024291498 0.6178852459016394 0.659910931174089 0.6311967213114754 0.6640910931174089 0.707436475409836 0.6703603238866397 0.7352694672131148 0.6745404858299595 0.7655235655737704 0.6784215587044534 0.7897264344262296 0.6772272267206478 0.8096946721311474
0 0.6476705465587045 0.37101434426229507 0.6414008097165992 0.4212356557377049 0.6306528340080972 0.507156762295082 0.6285627530364373 0.5374108606557377 0.6285627530364373 0.5658483606557377 0.6408036437246963 0.5846065573770493 0.6530445344129554 0.5870266393442622 0.6608066801619433 0.5634282786885245 0.6611052631578948 0.5023155737704917 0.6605080971659919 0.44362397540983606 0.6622995951417003 0.39400717213114755 0.6584185222672065 0.3673842213114754 0.6524473684210527 0.3625440573770492
0 0.6356589068825911 0.8141372950819672 0.6186411943319837 0.7542356557377049 0.6147601214574899 0.7239815573770492 0.6117747975708502 0.6852571721311476 0.6084903846153846 0.6362459016393442 0.6102818825910931 0.6247489754098361 0.623418016194332 0.6144631147540983 0.6317778340080972 0.6193032786885246 0.6389433198380566 0.6380604508196721 0.6356589068825911 0.6743657786885247 0.6326735829959514 0.7251915983606557 0.6353603238866397 0.7657315573770492 0.6401371457489878 0.7899344262295082 0.6419286437246964 0.8062715163934426 0.6380475708502024 0.8123227459016393
0 0.6249109311740891 0.38332377049180333 0.6120728744939271 0.4353606557377049 0.6043107287449392 0.4801362704918033 0.6025192307692308 0.5158360655737705 0.5989367408906883 0.5509303278688524 0.61267004048583 0.5702920081967213 0.6275981781376518 0.5787633196721312 0.6353603238866397 0.576343237704918 0.6392419028340082 0.5424590163934426 0.6374504048582996 0.45835348360655737 0.6383461538461539 0.42628483606557377 0.6353603238866397 0.40752663934426225 0.6311806680161943 0.3966362704918033
0 0.6028178137651822 0.36638217213114754 0.5968466599190283 0.39966086065573775 0.5890845141700405 0.4365706967213115 0.5866958502024291 0.49223770491803276 0.5852029352226721 0.5430635245901639 0.5849043522267207 0.576343237704918 0.608788967611336 0.582998975409836 0.6150587044534412 0.5696875 0.6141629554655871 0.5097848360655738 0.6102818825910931 0.44443647540983605 0.6123714574898785 0.4032920081967213 0.6111776315789473 0.3754579918032787
0 0.6036614372469635 0.8133422131147541 0.5941599190283401 0.7584713114754099 0.5875915991902834 0.7227715163934426 0.5837105263157895 0.6931229508196722 0.5825161943319838 0.6543975409836066 0.5843071862348178 0.6320102459016393 0.5893830971659919 0.6211188524590164 0.6004296558704454 0.6199088114754098 0.6069974696356275 0.6459272540983606 0.6117747975708502 0.6943329918032787 0.6138643724696357 0.7354774590163935 0.6135657894736842 0.7717827868852459 0.6138643724696357 0.7996157786885245 0.608788967611336 0.8153483606557377
0 0.567588056680162 0.7554456967213116 0.5634084008097167 0.712484631147541 0.5622140688259109 0.6695245901639344 0.5616174089068826 0.6241444672131147 0.5616174089068826 0.6005461065573771 0.5783365384615384 0.6041762295081967 0.5863972672064778 0.6265645491803279 0.5863972672064778 0.6598432377049179 0.579828947368421 0.7094600409836066 0.57445495951417 0.7403186475409836 0.5720668016194332 0.7481844262295081
0 0.5502768218623482 0.7360215163934426 0.5469878542510122 0.6919129098360656 0.5428081983805668 0.6410860655737706 0.5410167004048583 0.6114375000000001 0.5445996963562753 0.6017561475409836 0.5577358299595142 0.5987305327868853 0.5613188259109312 0.6132530737704918 0.5649013157894737 0.6652889344262295 0.5643041497975709 0.714905737704918 0.5628112348178138 0.7409231557377048 0.5565414979757085 0.7409231557377048
0 0.5281791497975709 0.7378985655737704 0.5242975708502025 0.6937274590163934 0.5219094129554656 0.6483473360655738 0.5207150809716599 0.6193032786885246 0.5317616396761133 0.5999405737704918 0.5395242914979756 0.6023616803278689 0.547585020242915 0.6562131147540984 0.5425096153846154 0.7136956967213115 0.5377327935222672 0.7421342213114754
0 0.520117914979757 0.7439487704918033 0.5105642712550608 0.6943329918032787 0.5031002024291498 0.6513729508196722 0.5001148785425101 0.6174887295081967 0.5042945344129555 0.6096219262295082 0.5192221659919029 0.6096219262295082 0.5257904858299595 0.6586331967213115 0.5287758097165992 0.7040143442622951 0.520117914979757 0.7360829918032787
0 0.4848881578947368 0.7802530737704918 0.4738415991902834 0.7179303278688525 0.47085627530364377 0.6652889344262295 0.4747373481781377 0.6338258196721311 0.4929493927125506 0.6326147540983607 0.5036973684210526 0.6550030737704918 0.5001148785425101 0.7112745901639344 0.48817257085020244 0.7548401639344263 0.487873987854251 0.7627059426229508
0 0.5144453441295547 0.39966086065573775 0.5129524291497976 0.4625891393442623 0.5120571862348179 0.5327776639344262 0.5066826923076924 0.5733176229508197 0.5299701417004049 0.5793688524590165 0.5398223684210527 0.5769487704918033 0.5359412955465587 0.5007090163934427 0.5314630566801619 0.4414108606557377 0.5216108299595141 0.39603073770491803
0 0.5502722672064777 0.39179508196721313 0.5389271255060729 0.472875 0.5344483805668016 0.5448790983606557 0.5377327935222672 0.5817889344262295 0.5595273279352226 0.5872346311475409 0.5663942307692308 0.5702920081967213 0.561915991902834 0.4722704918032787 0.567588056680162 0.40571209016393445 0.5568400809716599 0.3796936475409836 0.5431067813765182 0.38271926229508196
0 0.5801275303643725 0.39421516393442624 0.5726639676113361 0.4529077868852459 0.5666928137651822 0.5158360655737705 0.5601244939271255 0.5678719262295082 0.5643041497975709 0.5890502049180328 0.5849043522267207 0.5890502049180328 0.5863972672064778 0.5364077868852459 0.5896816801619433 0.42628483606557377 0.5929655870445344 0.3948206967213115 0.5858001012145748 0.38090368852459017