0 0.2950404858299595 0.41700819672131145 0.29453441295546556 0.444672131147541 0.2980769230769231 0.45491803278688525 0.3081983805668016 0.4569672131147541 0.32186234817813764 0.4672131147540984 0.3284412955465587 0.4641393442622951 0.3355263157894737 0.4426229508196721 0.33046558704453444 0.36475409836065575 0.3183198380566802 0.3524590163934426 0.3132591093117409 0.35655737704918034
0 0.33805668016194335 0.43135245901639346 0.32894736842105265 0.4661885245901639 0.3299595141700405 0.4948770491803279 0.3481781376518219 0.5215163934426229 0.36082995951417 0.5153688524590164 0.3658906882591093 0.4979508196721312 0.36791497975708504 0.4764344262295082 0.3674089068825911 0.45081967213114754 0.36285425101214575 0.42008196721311475 0.3557692307692308 0.4098360655737705 0.347165991902834 0.4067622950819672
0 0.3618421052631579 0.5163934426229508 0.36133603238866396 0.5368852459016393 0.3689271255060729 0.5512295081967213 0.3709514170040486 0.5491803278688525 0.38461538461538464 0.5594262295081968 0.4008097165991903 0.5491803278688525 0.4048582995951417 0.5327868852459017 0.40536437246963564 0.5163934426229508 0.3992914979757085 0.4293032786885246 0.38360323886639675 0.42520491803278687 0.37601214574898784 0.4344262295081967
0 0.4033400809716599 0.42827868852459017 0.4043522267206478 0.5358606557377049 0.4063765182186235 0.5522540983606558 0.41346153846153844 0.5563524590163934 0.4251012145748988 0.5440573770491803 0.42864372469635625 0.5338114754098361 0.4256072874493927 0.5010245901639344 0.4251012145748988 0.4036885245901639 0.41295546558704455 0.39651639344262296 0.4084008097165992 0.3985655737704918
0 0.4230769230769231 0.4262295081967213 0.423582995951417 0.5276639344262295 0.4215587044534413 0.548155737704918 0.4276315789473684 0.5676229508196722 0.4331983805668016 0.569672131147541 0.4509109311740891 0.5543032786885246 0.45394736842105265 0.5440573770491803 0.4509109311740891 0.4456967213114754 0.45040485829959515 0.4395491803278688 0.4458502024291498 0.4364754098360656 0.4438259109311741 0.4293032786885246 0.44129554655870445 0.39549180327868855 0.4266194331983806 0.39959016393442626
0 0.4433198380566802 0.3985655737704918 0.4433198380566802 0.4077868852459016 0.44686234817813764 0.41905737704918034 0.4509109311740891 0.5594262295081968 0.4559716599190283 0.569672131147541 0.4625506072874494 0.5706967213114754 0.47469635627530365 0.5604508196721312 0.47621457489878544 0.5461065573770492 0.4640688259109312 0.4026639344262295 0.46153846153846156 0.39344262295081966 0.4559716599190283 0.38831967213114754
0 0.47874493927125505 0.42008196721311475 0.4782388663967611 0.5676229508196722 0.48380566801619435 0.5758196721311475 0.49949392712550605 0.5778688524590164 0.5045546558704453 0.5563524590163934 0.5 0.5297131147540983 0.4898785425101215 0.3985655737704918 0.4807692307692308 0.39344262295081966
0 0.5030364372469636 0.3975409836065574 0.5025303643724697 0.5727459016393442 0.506578947368421 0.5840163934426229 0.513663967611336 0.5891393442622951 0.5258097165991903 0.5881147540983607 0.527834008097166 0.5829918032786885 0.527834008097166 0.5317622950819673 0.5217611336032388 0.4036885245901639 0.5141700404858299 0.39241803278688525
0 0.5328947368421053 0.42725409836065575 0.5288461538461539 0.5737704918032787 0.5344129554655871 0.5891393442622951 0.5521255060728745 0.5891393442622951 0.5576923076923077 0.5747950819672131 0.555161943319838 0.5194672131147541 0.5576923076923077 0.41700819672131145 0.548582995951417 0.41188524590163933 0.534919028340081 0.41188524590163933
0 0.5597165991902834 0.41700819672131145 0.5566801619433198 0.48975409836065575 0.5612348178137652 0.5081967213114754 0.5587044534412956 0.5317622950819673 0.5587044534412956 0.5758196721311475 0.5607287449392713 0.5850409836065574 0.5683198380566802 0.5901639344262295 0.5759109311740891 0.5870901639344263 0.5824898785425101 0.5758196721311475 0.5840080971659919 0.5491803278688525 0.5769230769230769 0.4108606557377049 0.5673076923076923 0.4026639344262295
0 0.5926113360323887 0.4077868852459016 0.5845141700404858 0.5491803278688525 0.5880566801619433 0.5758196721311475 0.6002024291497976 0.5788934426229508 0.6062753036437247 0.5758196721311475 0.6118421052631579 0.555327868852459 0.6093117408906883 0.47540983606557374 0.6103238866396761 0.4180327868852459 0.6077935222672065 0.4047131147540984 0.6032388663967612 0.40061475409836067 0.5986842105263158 0.39959016393442626
0 0.6093117408906883 0.4385245901639344 0.6062753036437247 0.48565573770491804 0.6062753036437247 0.5409836065573771 0.6088056680161943 0.5461065573770492 0.6082995951417004 0.5563524590163934 0.6108299595141701 0.5655737704918032 0.6189271255060729 0.5676229508196722 0.6229757085020243 0.5747950819672131 0.6336032388663968 0.5747950819672131 0.6381578947368421 0.5573770491803278 0.6346153846153846 0.4344262295081967 0.6255060728744939 0.41905737704918034 0.611336032388664 0.4108606557377049
0 0.6351214574898786 0.42725409836065575 0.6336032388663968 0.5450819672131147 0.6447368421052632 0.5645491803278688 0.6578947368421053 0.5686475409836066 0.6649797570850202 0.5594262295081968 0.666497975708502 0.5502049180327869 0.6614372469635628 0.5184426229508197 0.6629554655870445 0.4344262295081967 0.65334008097166 0.4088114754098361 0.6447368421052632 0.41188524590163933
0 0.6649797570850202 0.39241803278688525 0.6639676113360324 0.4702868852459016 0.6604251012145749 0.49385245901639346 0.6619433198380567 0.5327868852459017 0.6675101214574899 0.5491803278688525 0.6725708502024291 0.5532786885245902 0.6973684210526315 0.5461065573770492 0.7024291497975709 0.5409836065573771 0.7044534412955465 0.5327868852459017 0.7049595141700404 0.507172131147541 0.6968623481781376 0.45901639344262296 0.6968623481781376 0.4426229508196721 0.687753036437247 0.4262295081967213 0.6852226720647774 0.38729508196721313 0.6811740890688259 0.36475409836065575 0.6715587044534413 0.36475409836065575
0 0.7029352226720648 0.3524590163934426 0.7004048582995951 0.38934426229508196 0.7064777327935222 0.4334016393442623 0.7044534412955465 0.44774590163934425 0.7054655870445344 0.5061475409836066 0.7074898785425101 0.5174180327868853 0.7176113360323887 0.5245901639344263 0.7408906882591093 0.5040983606557377 0.7444331983805668 0.4774590163934426 0.7413967611336032 0.45799180327868855 0.7130566801619433 0.34938524590163933 0.7074898785425101 0.3473360655737705
0 0.7413967611336032 0.39651639344262296 0.7424089068825911 0.45491803278688525 0.7469635627530364 0.48155737704918034 0.763663967611336 0.4805327868852459 0.7844129554655871 0.44979508196721313 0.7834008097165992 0.430327868852459 0.7798582995951417 0.41700819672131145 0.7555668016194332 0.36885245901639346 0.7444331983805668 0.3760245901639344
0 0.7469635627530364 0.5307377049180327 0.7439271255060729 0.5594262295081968 0.7439271255060729 0.6004098360655737 0.75 0.6260245901639344 0.7596153846153846 0.6280737704918032 0.771255060728745 0.6188524590163934 0.7990890688259109 0.6096311475409836 0.8102226720647774 0.5952868852459017 0.8139372469635627 0.5751700819672131 0.7910561740890688 0.5791956967213114 0.8102226720647774 0.5573770491803278 0.812246963562753 0.5461065573770492 0.8097165991902834 0.5327868852459017 0.7950404858299596 0.5235655737704918 0.7732793522267206 0.5327868852459017 0.7611336032388664 0.5235655737704918 0.7520242914979757 0.5245901639344263
0 0.6897773279352226 0.5840163934426229 0.6928137651821862 0.6075819672131147 0.7044534412955465 0.6270491803278688 0.7237388663967611 0.6749036885245902 0.7399878542510121 0.7010717213114754 0.7494939271255061 0.7120901639344263 0.7606275303643725 0.701844262295082 0.7641700404858299 0.6895491803278688 0.7596153846153846 0.6536885245901639 0.7408906882591093 0.610655737704918 0.7413967611336032 0.5737704918032787 0.7368421052631579 0.5563524590163934 0.728744939271255 0.548155737704918 0.7241902834008097 0.5502049180327869 0.6968623481781376 0.569672131147541
0 0.6406882591093117 0.6147540983606558 0.638663967611336 0.6229508196721312 0.6422064777327935 0.6383196721311475 0.6589068825910931 0.6711065573770492 0.6695344129554656 0.7202868852459017 0.6842105263157895 0.7592213114754098 0.6892712550607287 0.7633196721311475 0.694331983805668 0.7592213114754098 0.6953441295546559 0.7510245901639344 0.681127024291498 0.7091547131147541 0.6784741902834008 0.674265368852459 0.6857697368421052 0.6803043032786885 0.7069929149797571 0.7433739754098361 0.7155870445344129 0.7315573770491803 0.7140688259109311 0.7161885245901639 0.7034412955465587 0.6823770491803278 0.6938259109311741 0.6280737704918032 0.6933198380566802 0.6116803278688525 0.6862348178137652 0.5881147540983607 0.6725708502024291 0.5911885245901639
0 0.6128542510121457 0.6311475409836066 0.6133603238866396 0.6495901639344263 0.6422064777327935 0.7602459016393442 0.6477732793522267 0.7735655737704918 0.6629554655870445 0.7817622950819673 0.6644736842105263 0.7663934426229508 0.6508097165991903 0.6567622950819673 0.6411943319838057 0.6219262295081968 0.6300607287449392 0.6198770491803278
0 0.5941295546558705 0.6383196721311475 0.5890688259109311 0.6577868852459017 0.6007085020242915 0.7049180327868853 0.6067813765182186 0.7756147540983607 0.6148785425101214 0.798155737704918 0.6214574898785425 0.8084016393442623 0.625 0.8084016393442623 0.6265182186234818 0.8063524590163934 0.6255060728744939 0.7141393442622951 0.6239878542510121 0.6618852459016393 0.6204453441295547 0.6362704918032787 0.617914979757085 0.6280737704918032 0.6143724696356275 0.6270491803278688
0 0.5673076923076923 0.6342213114754098 0.5668016194331984 0.6711065573770492 0.5759109311740891 0.7479508196721312 0.5875506072874493 0.7848360655737705 0.5915991902834008 0.7920081967213115 0.5986842105263158 0.7940573770491803 0.6002024291497976 0.7889344262295082 0.5986842105263158 0.7469262295081968 0.5905870445344129 0.6383196721311475 0.5850202429149798 0.6280737704918032 0.569838056680162 0.6301229508196722
0 0.5470647773279352 0.6475409836065574 0.5460526315789473 0.7202868852459017 0.5495951417004049 0.7459016393442623 0.5566801619433198 0.7581967213114754 0.5612348178137652 0.7520491803278688 0.5657894736842105 0.6659836065573771 0.5607287449392713 0.6413934426229508 0.5506072874493927 0.6383196721311475
0 0.5293522267206477 0.6485655737704918 0.5288461538461539 0.7223360655737705 0.5359311740890689 0.7438524590163934 0.5435222672064778 0.7479508196721312 0.5475708502024291 0.6639344262295082 0.5460526315789473 0.6465163934426229 0.5323886639676113 0.6372950819672131
0 0.5096153846153846 0.6506147540983607 0.5086032388663968 0.7592213114754098 0.5121457489878543 0.7776639344262295 0.5172064777327935 0.7807377049180327 0.5242914979757085 0.7172131147540983 0.5288461538461539 0.6454918032786885 0.5172064777327935 0.6372950819672131
0 0.49190283400809715 0.6280737704918032 0.4924089068825911 0.7090163934426229 0.49544534412955465 0.7438524590163934 0.4979757085020243 0.7489754098360656 0.506578947368421 0.7418032786885246 0.5091093117408907 0.6741803278688525 0.5131578947368421 0.6372950819672131 0.5096153846153846 0.6280737704918032
0 0.45799595141700405 0.7284836065573771 0.45445344129554655 0.7827868852459017 0.4569838056680162 0.7920081967213115 0.4701417004048583 0.7776639344262295 0.4797570850202429 0.742827868852459 0.49038461538461536 0.6547131147540983 0.48785425101214575 0.6342213114754098 0.48228744939271256 0.6239754098360656 0.4691295546558704 0.6270491803278688
0 0.43724696356275305 0.6342213114754098 0.43775303643724695 0.6639344262295082 0.4326923076923077 0.7469262295081968 0.43623481781376516 0.7592213114754098 0.44281376518218624 0.7633196721311475 0.4686234817813765 0.6372950819672131 0.46710526315789475 0.6311475409836066 0.4549595141700405 0.617827868852459 0.4397773279352227 0.6239754098360656
0 0.3952429149797571 0.7366803278688525 0.395748987854251 0.7510245901639344 0.39878542510121456 0.7551229508196722 0.4084008097165992 0.7520491803278688 0.41143724696356276 0.7438524590163934 0.43876518218623484 0.6301229508196722 0.43775303643724695 0.617827868852459 0.4331983805668016 0.6075819672131147 0.41143724696356276 0.6055327868852459 0.40789473684210525 0.6147540983606558 0.4068825910931174 0.6547131147540983
0 0.3026315789473684 0.6577868852459017 0.3021255060728745 0.6721311475409836 0.3102226720647773 0.7008196721311475 0.3324898785425101 0.694672131147541 0.3451417004048583 0.6844262295081968 0.35931174089068824 0.6608606557377049 0.375 0.6475409836065574 0.38309716599190285 0.6301229508196722 0.38461538461538464 0.6147540983606558 0.3790485829959514 0.5973360655737705 0.3598178137651822 0.5676229508196722 0.35374493927125505 0.5655737704918032 0.3451417004048583 0.5758196721311475 0.3390688259109312 0.5993852459016393 0.3334342105263158 0.6239344262295082
0 0.27479757085020245 0.5717213114754098 0.27479757085020245 0.5860655737704918 0.2773891700404858 0.5848606557377048 0.29695698380566804 0.5768893442622951 0.2760652834008097 0.6070819672131147 0.2909919028340081 0.625 0.298582995951417 0.6239754098360656 0.3228744939271255 0.6045081967213115 0.3375506072874494 0.6004098360655737 0.3436234817813765 0.5860655737704918 0.34210526315789475 0.5625 0.3188259109311741 0.5092213114754098 0.3142712550607287 0.5092213114754098 0.30111336032388664 0.5348360655737705 0.28643724696356276 0.548155737704918