0 0.32793522267206476 0.39959016393442626 0.3269230769230769 0.4293032786885246 0.3309716599190283 0.44364754098360654 0.3517206477732793 0.45799180327868855 0.35880566801619435 0.44979508196721313 0.36082995951417 0.42520491803278687 0.35728744939271256 0.3555327868852459 0.3517206477732793 0.3360655737704918 0.3355263157894737 0.33811475409836067 0.33653846153846156 0.3411885245901639 0.3319838056680162 0.3524590163934426
0 0.3618421052631579 0.41700819672131145 0.36133603238866396 0.4426229508196721 0.3658906882591093 0.45286885245901637 0.3851214574898785 0.4610655737704918 0.3967611336032389 0.44672131147540983 0.3977732793522267 0.41700819672131145 0.3881578947368421 0.3452868852459016 0.3810728744939271 0.3237704918032787 0.37550607287449395 0.32479508196721313 0.3674089068825911 0.3452868852459016
0 0.4266194331983806 0.3104508196721312 0.423582995951417 0.3176229508196721 0.423582995951417 0.3422131147540984 0.4271255060728745 0.444672131147541 0.4311740890688259 0.45594262295081966 0.43724696356275305 0.45901639344262296 0.4564777327935223 0.4354508196721312 0.4574898785425101 0.41598360655737704 0.4433198380566802 0.32991803278688525 0.4357287449392713 0.3125
0 0.4519230769230769 0.3094262295081967 0.4534412955465587 0.32581967213114754 0.4509109311740891 0.4395491803278688 0.45293522267206476 0.44979508196721313 0.45951417004048584 0.45799180327868855 0.4665991902834008 0.4426229508196721 0.4797570850202429 0.4334016393442623 0.48228744939271256 0.4036885245901639 0.47621457489878544 0.31864754098360654 0.46710526315789475 0.3084016393442623
0 0.4767206477732793 0.32786885245901637 0.4767206477732793 0.36577868852459017 0.48026315789473684 0.41290983606557374 0.4741902834008097 0.4385245901639344 0.4741902834008097 0.44774590163934425 0.4812753036437247 0.4661885245901639 0.48431174089068824 0.4661885245901639 0.4934210526315789 0.44979508196721313 0.4949392712550607 0.4293032786885246 0.49139676113360325 0.32479508196721313 0.4893724696356275 0.2930327868852459 0.48633603238866396 0.28790983606557374 0.4807692307692308 0.29610655737704916
0 0.49291497975708504 0.367827868852459 0.4944331983805668 0.4487704918032787 0.49949392712550605 0.46311475409836067 0.507085020242915 0.4661885245901639 0.5126518218623481 0.44364754098360654 0.5141700404858299 0.42008196721311475 0.5156882591093117 0.36475409836065575 0.5141700404858299 0.3360655737704918 0.5086032388663968 0.3350409836065574 0.4979757085020243 0.3442622950819672
0 0.520748987854251 0.33401639344262296 0.5080971659919028 0.4641393442622951 0.5222672064777328 0.4764344262295082 0.527834008097166 0.4702868852459016 0.5364372469635628 0.38422131147540983 0.5379554655870445 0.30327868852459017 0.5364372469635628 0.28688524590163933 0.5328947368421053 0.2858606557377049 0.5247975708502024 0.3094262295081967
0 0.5298582995951417 0.4385245901639344 0.527834008097166 0.4682377049180328 0.5303643724696356 0.47540983606557374 0.5404858299595142 0.48565573770491804 0.5516194331983806 0.48565573770491804 0.555668016194332 0.4805327868852459 0.5576923076923077 0.4733606557377049 0.5592105263157895 0.39959016393442626 0.5576923076923077 0.34938524590163933 0.5526315789473685 0.3350409836065574 0.548582995951417 0.33401639344262296 0.541497975708502 0.36475409836065575
0 0.5587044534412956 0.33299180327868855 0.5576923076923077 0.4713114754098361 0.5617408906882592 0.47848360655737704 0.5703441295546559 0.47950819672131145 0.5789473684210527 0.4661885245901639 0.5799595141700404 0.4375 0.569331983805668 0.32479508196721313 0.5657894736842105 0.3135245901639344 0.5607287449392713 0.3145491803278688
0 0.5759109311740891 0.367827868852459 0.5759109311740891 0.4395491803278688 0.5804655870445344 0.4641393442622951 0.5880566801619433 0.4692622950819672 0.5956477732793523 0.4569672131147541 0.6007085020242915 0.4375 0.5981781376518218 0.30635245901639346 0.5956477732793523 0.29508196721311475 0.5860323886639676 0.29405737704918034 0.5824898785425101 0.30225409836065575
0 0.583502024291498 0.3780737704918033 0.583459008097166 0.4064877049180328 0.5912085020242915 0.42532377049180325 0.6067813765182186 0.4395491803278688 0.6128542510121457 0.4262295081967213 0.6148785425101214 0.41188524590163933 0.6118421052631579 0.3760245901639344 0.6148785425101214 0.35348360655737704 0.6138663967611336 0.32479508196721313 0.611336032388664 0.30327868852459017 0.6082995951417004 0.29610655737704916 0.6027327935222672 0.29405737704918034 0.5910931174089069 0.29918032786885246 0.5926113360323887 0.32889344262295084
0 0.6143724696356275 0.32786885245901637 0.6103238866396761 0.3709016393442623 0.6067813765182186 0.38422131147540983 0.6067813765182186 0.40061475409836067 0.6128542510121457 0.4180327868852459 0.6270242914979757 0.4395491803278688 0.6310728744939271 0.4405737704918033 0.6371457489878543 0.43135245901639346 0.6442307692307693 0.35348360655737704 0.6351214574898786 0.29200819672131145 0.6229757085020243 0.29098360655737704
0 0.6371457489878543 0.3985655737704918 0.6376518218623481 0.430327868852459 0.6503036437246964 0.45184426229508196 0.6629554655870445 0.4456967213114754 0.6700404858299596 0.44774590163934425 0.6756072874493927 0.4323770491803279 0.6745951417004049 0.3770491803278688 0.6659919028340081 0.3411885245901639 0.6629554655870445 0.3094262295081967 0.6568825910931174 0.2899590163934426 0.6508097165991903 0.29508196721311475
0 0.6771255060728745 0.38422131147540983 0.6771255060728745 0.41700819672131145 0.6852226720647774 0.4323770491803279 0.6892712550607287 0.4334016393442623 0.694838056680162 0.42418032786885246 0.708502024291498 0.4375 0.7160931174089069 0.43135245901639346 0.7181174089068826 0.41188524590163933 0.7171052631578947 0.3411885245901639 0.7090080971659919 0.2858606557377049 0.7039473684210527 0.2725409836065574 0.6963562753036437 0.27151639344262296 0.6912955465587044 0.2827868852459016 0.6847165991902834 0.32581967213114754 0.6857287449392713 0.3350409836065574
0 0.7196356275303644 0.3637295081967213 0.7176113360323887 0.4415983606557377 0.7262145748987854 0.4569672131147541 0.7464574898785425 0.44672131147540983 0.75 0.4354508196721312 0.7505060728744939 0.41905737704918034 0.7439271255060729 0.30020491803278687 0.7348178137651822 0.3094262295081967
0 0.7165991902834008 0.5522540983606558 0.7176113360323887 0.617827868852459 0.7191295546558705 0.6311475409836066 0.7231781376518218 0.6372950819672131 0.7327935222672065 0.639344262295082 0.7413967611336032 0.6301229508196722 0.7520242914979757 0.6260245901639344 0.771255060728745 0.610655737704918 0.7773279352226721 0.5952868852459017 0.7773279352226721 0.5665983606557377 0.7753036437246964 0.5604508196721312 0.7692307692307693 0.5573770491803278 0.7578319838056681 0.5564959016393443 0.736336032388664 0.5420081967213115 0.7241902834008097 0.5399590163934426
0 0.6584008097165992 0.5307377049180327 0.6604251012145749 0.5604508196721312 0.6857287449392713 0.6526639344262295 0.6946148785425101 0.6586413934426228 0.694172064777328 0.6021905737704919 0.7090075910931174 0.6523698770491803 0.7186234817813765 0.6465163934426229 0.7155870445344129 0.625 0.7115384615384616 0.5399590163934426 0.7064777327935222 0.5204918032786885 0.701417004048583 0.5163934426229508 0.6847165991902834 0.5163934426229508 0.6771255060728745 0.5256147540983607 0.6644736842105263 0.5204918032786885
0 0.6027327935222672 0.5461065573770492 0.603744939271255 0.7028688524590164 0.6052631578947368 0.7161885245901639 0.6118421052631579 0.7223360655737705 0.6189271255060729 0.7161885245901639 0.6189271255060729 0.6987704918032787 0.6351214574898786 0.5625 0.6330971659919028 0.555327868852459 0.6189271255060729 0.5368852459016393 0.6072874493927125 0.5389344262295082
0 0.5718623481781376 0.5491803278688525 0.5713562753036437 0.6659836065573771 0.5728744939271255 0.6844262295081968 0.5774291497975709 0.6977459016393442 0.5840080971659919 0.6813524590163934 0.6007085020242915 0.5809426229508197 0.6012145748987854 0.5491803278688525 0.5921052631578947 0.5327868852459017
0 0.542004048582996 0.6301229508196722 0.5409919028340081 0.6649590163934426 0.5430161943319838 0.6813524590163934 0.5526315789473685 0.6885245901639344 0.5561740890688259 0.6772540983606558 0.5713562753036437 0.576844262295082 0.5758193319838056 0.5567110655737705 0.569331983805668 0.5440573770491803 0.5617408906882592 0.5245901639344263 0.555668016194332 0.5245901639344263 0.5495951417004049 0.5348360655737705
0 0.5258097165991903 0.5256147540983607 0.5253036437246964 0.6536885245901639 0.5288461538461539 0.6659836065573771 0.5334008097165992 0.6670081967213115 0.5369433198380567 0.6639344262295082 0.5384615384615384 0.6557377049180327 0.5480769230769231 0.5225409836065574 0.5450404858299596 0.514344262295082 0.5308704453441295 0.5133196721311475 0.5268218623481782 0.5174180327868853
0 0.5055668016194332 0.5204918032786885 0.5075910931174089 0.6383196721311475 0.5111336032388664 0.6547131147540983 0.5172064777327935 0.6608606557377049 0.5217611336032388 0.6506147540983607 0.521255060728745 0.5860655737704918 0.5258097165991903 0.5153688524590164 0.5131578947368421 0.5010245901639344
0 0.4883603238866397 0.5399590163934426 0.48785425101214575 0.6280737704918032 0.49038461538461536 0.6680327868852459 0.5005060728744939 0.6608606557377049 0.5060728744939271 0.6342213114754098 0.5050607287449392 0.5327868852459017 0.5015182186234818 0.5245901639344263 0.49696356275303644 0.5256147540983607
0 0.4691295546558704 0.5676229508196722 0.4772267206477733 0.6905737704918032 0.4782388663967611 0.6997950819672131 0.48228744939271256 0.7059426229508197 0.48582995951417 0.6936475409836066 0.4883603238866397 0.6629098360655737 0.48785425101214575 0.5604508196721312 0.47469635627530365 0.5604508196721312
0 0.4458502024291498 0.5932377049180327 0.44686234817813764 0.673155737704918 0.45040485829959515 0.7141393442622951 0.4509109311740891 0.7182377049180327 0.4590080971659919 0.7192622950819673 0.465080971659919 0.6741803278688525 0.46558704453441296 0.639344262295082 0.46963562753036436 0.5993852459016393 0.4681174089068826 0.5758196721311475 0.4590080971659919 0.5635245901639344 0.45546558704453444 0.5645491803278688 0.44686234817813764 0.576844262295082
0 0.42054655870445345 0.5737704918032787 0.42054655870445345 0.6188524590163934 0.4271255060728745 0.6536885245901639 0.4342105263157895 0.7213114754098361 0.4357287449392713 0.7264344262295082 0.4402834008097166 0.7264344262295082 0.4458502024291498 0.7090163934426229 0.44686234817813764 0.6854508196721312 0.44483805668016196 0.5758196721311475 0.43218623481781376 0.5635245901639344 0.4271255060728745 0.5635245901639344
0 0.3901821862348178 0.5809426229508197 0.38917004048583 0.6004098360655737 0.3992914979757085 0.7284836065573771 0.40131578947368424 0.7336065573770492 0.41143724696356276 0.7336065573770492 0.4175101214574899 0.6516393442622951 0.4180161943319838 0.5747950819672131 0.41548582995951416 0.569672131147541 0.40789473684210525 0.5686475409836066
0 0.3152834008097166 0.6413934426229508 0.3152834008097166 0.6536885245901639 0.32627176113360323 0.6505532786885246 0.344871963562753 0.6124713114754099 0.34332186234817813 0.6312879098360655 0.33299595141700405 0.6588114754098361 0.33805668016194335 0.6649590163934426 0.35020242914979755 0.6536885245901639 0.3775303643724696 0.5850409836065574 0.3800607287449393 0.5594262295081968 0.3770242914979757 0.5522540983606558 0.3638663967611336 0.5461065573770492 0.3517206477732793 0.5297131147540983 0.3415991902834008 0.5307377049180327 0.33451417004048584 0.5522540983606558 0.3284412955465587 0.6014344262295082
0 0.2687246963562753 0.5522540983606558 0.2667004048582996 0.569672131147541 0.27378542510121456 0.6004098360655737 0.27884615384615385 0.6086065573770492 0.32186234817813764 0.6127049180327869 0.32894736842105265 0.6034836065573771 0.3309716599190283 0.5799180327868853 0.32793522267206476 0.5676229508196722 0.3259109311740891 0.5348360655737705 0.3188259109311741 0.5215163934426229 0.3132591093117409 0.5204918032786885 0.2950404858299595 0.5327868852459017 0.28441295546558704 0.5276639344262295 0.28289473684210525 0.5204918032786885