0 0.29554655870445345 0.4805327868852459 0.29554655870445345 0.5 0.30313765182186236 0.5092213114754098 0.3132591093117409 0.5338114754098361 0.3228744939271255 0.5348360655737705 0.3319838056680162 0.5256147540983607 0.33704453441295545 0.5 0.34210526315789475 0.41290983606557374 0.34210526315789475 0.39651639344262296 0.3390688259109312 0.3801229508196721 0.32945344129554655 0.3780737704918033 0.32540485829959515 0.3831967213114754 0.31983805668016196 0.41905737704918034
0 0.33451417004048584 0.5163934426229508 0.3340080971659919 0.5256147540983607 0.3375506072874494 0.5399590163934426 0.3507085020242915 0.5563524590163934 0.36082995951417 0.5604508196721312 0.36639676113360325 0.5532786885245902 0.37044534412955465 0.5389344262295082 0.37196356275303644 0.5256147540983607 0.3694331983805668 0.43135245901639346 0.3709514170040486 0.4016393442622951 0.3643724696356275 0.38934426229508196 0.3547570850202429 0.38831967213114754 0.3507085020242915 0.4026639344262295 0.3481781376518219 0.42315573770491804 0.34969635627530365 0.430327868852459 0.3481781376518219 0.45286885245901637 0.3466599190283401 0.46209016393442626 0.3426113360323887 0.4692622950819672
0 0.37550607287449395 0.47848360655737704 0.36791497975708504 0.5584016393442623 0.3775303643724696 0.5778688524590164 0.3851214574898785 0.5799180327868853 0.39220647773279355 0.5881147540983607 0.3977732793522267 0.5881147540983607 0.4063765182186235 0.5655737704918032 0.40789473684210525 0.5450819672131147 0.4073886639676113 0.5368852459016393 0.4033400809716599 0.5307377049180327 0.4043522267206478 0.5245901639344263 0.4023279352226721 0.5163934426229508 0.402834008097166 0.4692622950819672 0.4073886639676113 0.4415983606557377 0.40030364372469635 0.4036885245901639 0.39068825910931176 0.4077868852459016 0.3876518218623482 0.4139344262295082 0.3825910931174089 0.4334016393442623 0.38360323886639675 0.4395491803278688 0.3805668016194332 0.4672131147540984
0 0.4048582995951417 0.43135245901639346 0.4023279352226721 0.5020491803278688 0.40384615384615385 0.548155737704918 0.42054655870445345 0.5532786885245902 0.4266194331983806 0.5440573770491803 0.42813765182186236 0.5286885245901639 0.42813765182186236 0.430327868852459 0.4215587044534413 0.39036885245901637 0.4109311740890688 0.39344262295081966 0.40789473684210525 0.4036885245901639
0 0.44686234817813764 0.430327868852459 0.4483805668016194 0.47950819672131145 0.44534412955465585 0.5368852459016393 0.4478744939271255 0.5532786885245902 0.4509109311740891 0.5584016393442623 0.4549595141700405 0.5584016393442623 0.46204453441295545 0.555327868852459 0.4686234817813765 0.5471311475409836 0.4706477732793522 0.5317622950819673 0.4686234817813765 0.4344262295081967 0.46356275303643724 0.38114754098360654 0.4509109311740891 0.3760245901639344
0 0.4706477732793522 0.4805327868852459 0.4691295546558704 0.5512295081967213 0.47469635627530365 0.5584016393442623 0.48582995951417 0.5594262295081968 0.4873481781376518 0.5348360655737705 0.48633603238866396 0.45799180327868855 0.49038461538461536 0.4026639344262295 0.4853238866396761 0.38422131147540983 0.47874493927125505 0.38831967213114754 0.4797570850202429 0.39241803278688525
0 0.4893724696356275 0.5020491803278688 0.4888663967611336 0.5215163934426229 0.4843825910931174 0.5387397540983606 0.48335121457489877 0.5611803278688524 0.4949392712550607 0.5686475409836066 0.5086032388663968 0.5717213114754098 0.5106275303643725 0.5471311475409836 0.5096153846153846 0.4405737704918033 0.513663967611336 0.41700819672131145 0.5106275303643725 0.41188524590163933 0.4964574898785425 0.41290983606557374
0 0.5182186234817814 0.45184426229508196 0.5161943319838057 0.5635245901639344 0.520242914979757 0.5686475409836066 0.5399797570850202 0.5645491803278688 0.5425101214574899 0.5573770491803278 0.5425101214574899 0.5276639344262295 0.5344129554655871 0.39959016393442626 0.52834008097166 0.3985655737704918 0.5197368421052632 0.4067622950819672 0.5217611336032388 0.41188524590163933 0.5217611336032388 0.4323770491803279
0 0.5409919028340081 0.5051229508196722 0.542004048582996 0.5625 0.5470647773279352 0.5635245901639344 0.548457995951417 0.5629180327868852 0.5501012145748988 0.5635245901639344 0.5571862348178138 0.5625 0.562246963562753 0.5420081967213115 0.5597165991902834 0.5307377049180327 0.5571862348178138 0.49077868852459017 0.5592105263157895 0.4702868852459016 0.5576923076923077 0.4661885245901639 0.5566801619433198 0.42725409836065575 0.5531376518218624 0.42315573770491804 0.5440283400809717 0.42315573770491804
0 0.6867408906882592 0.47540983606557374 0.6867408906882592 0.5184426229508197 0.6953441295546559 0.5389344262295082 0.7004048582995951 0.5389344262295082 0.7140688259109311 0.5266393442622951 0.729251012145749 0.5225409836065574 0.7343117408906883 0.5122950819672131 0.7332995951417004 0.492827868852459 0.72165991902834 0.4426229508196721 0.7226720647773279 0.430327868852459 0.708502024291498 0.3862704918032787 0.7034412955465587 0.38831967213114754 0.6912955465587044 0.41905737704918034 0.6912955465587044 0.4385245901639344
0 0.604757085020243 0.42315573770491804 0.604757085020243 0.45491803278688525 0.6072874493927125 0.4692622950819672 0.6062753036437247 0.548155737704918 0.6103238866396761 0.5604508196721312 0.6265182186234818 0.5727459016393442 0.6341093117408907 0.5727459016393442 0.6411943319838057 0.5563524590163934 0.6411943319838057 0.5399590163934426 0.6270242914979757 0.4293032786885246 0.6214574898785425 0.4098360655737705 0.6224696356275303 0.4077868852459016 0.6153846153846154 0.3985655737704918 0.6082995951417004 0.4016393442622951
0 0.5754048582995951 0.5081967213114754 0.5754048582995951 0.5563524590163934 0.5809716599190283 0.5594262295081968 0.5885627530364372 0.555327868852459 0.6012145748987854 0.5706967213114754 0.6098178137651822 0.5614754098360656 0.6108299595141701 0.5471311475409836 0.6133603238866396 0.5430327868852459 0.6088056680161943 0.4948770491803279 0.6098178137651822 0.4651639344262295 0.603744939271255 0.4344262295081967 0.604757085020243 0.4067622950819672 0.6032388663967612 0.3985655737704918 0.5926113360323887 0.39549180327868855 0.5840080971659919 0.39959016393442626
0 0.5607287449392713 0.4036885245901639 0.5581983805668016 0.4262295081967213 0.5581983805668016 0.46311475409836067 0.5602226720647774 0.4764344262295082 0.5581983805668016 0.5133196721311475 0.5597165991902834 0.5256147540983607 0.5673076923076923 0.5543032786885246 0.5814777327935222 0.5594262295081968 0.5858026315789474 0.5529231557377049 0.5880566801619433 0.5450819672131147 0.5865384615384616 0.5276639344262295 0.5880566801619433 0.48565573770491804 0.5875506072874493 0.4426229508196721 0.5855263157894737 0.4375 0.5865384615384616 0.42315573770491804 0.5819838056680162 0.41905737704918034 0.5809716599190283 0.4036885245901639
0 0.5455465587044535 0.680327868852459 0.5445344129554656 0.7592213114754098 0.548582995951417 0.7663934426229508 0.5546558704453441 0.7602459016393442 0.5647773279352226 0.7397540983606558 0.5642712550607287 0.7315573770491803 0.5713562753036437 0.6711065573770492 0.5819838056680162 0.610655737704918 0.5824898785425101 0.5922131147540983 0.5799595141700404 0.5850409836065574 0.5602226720647774 0.5665983606557377 0.5566801619433198 0.5676229508196722 0.5536437246963563 0.5747950819672131
0 0.5247975708502024 0.5737704918032787 0.5247975708502024 0.6618852459016393 0.520242914979757 0.7161885245901639 0.5222672064777328 0.735655737704918 0.5263157894736842 0.7418032786885246 0.5308704453441295 0.7387295081967213 0.5379554655870445 0.7120901639344263 0.5546558704453441 0.5819672131147541 0.541497975708502 0.5686475409836066 0.52834008097166 0.5665983606557377