0 0.7413967611336032 0.2520491803278688 0.7408906882591093 0.27049180327868855 0.75 0.2858606557377049 0.7591093117408907 0.29200819672131145 0.7591093117408907 0.30225409836065575 0.7737854251012146 0.33299180327868855 0.7788461538461539 0.33709016393442626 0.7874493927125507 0.33299180327868855 0.7950404858299596 0.30635245901639346 0.7950404858299596 0.29508196721311475 0.8011133603238867 0.27151639344262296 0.7995951417004049 0.2530737704918033 0.7955465587044535 0.24180327868852458 0.7879554655870445 0.23258196721311475 0.7631578947368421 0.22540983606557377 0.7459514170040485 0.2336065573770492 0.743421052631579 0.23770491803278687
0 0.7408906882591093 0.30225409836065575 0.7424089068825911 0.3319672131147541 0.7388663967611336 0.4026639344262295 0.7413967611336032 0.4364754098360656 0.7520242914979757 0.4456967213114754 0.7747975708502024 0.43135245901639346 0.7798582995951417 0.41290983606557374 0.7788461538461539 0.39651639344262296 0.7677125506072875 0.35348360655737704 0.763663967611336 0.3206967213114754 0.7535425101214575 0.2930327868852459 0.7439271255060729 0.29405737704918034
0 0.7758097165991903 0.5245901639344263 0.7753036437246964 0.5368852459016393 0.7808704453441295 0.5532786885245902 0.8142712550607287 0.5758196721311475 0.8304655870445344 0.5747950819672131 0.8375506072874493 0.5645491803278688 0.8405870445344129 0.5327868852459017 0.8390688259109311 0.5256147540983607 0.840080971659919 0.5081967213114754 0.8365384615384616 0.4989754098360656 0.8259109311740891 0.48770491803278687 0.8183198380566802 0.4692622950819672 0.8102226720647774 0.45799180327868855 0.8026315789473685 0.4569672131147541 0.7930161943319838 0.46209016393442626 0.7904858299595142 0.4764344262295082 0.7859311740890689 0.48258196721311475 0.7834008097165992 0.5061475409836066 0.7793522267206477 0.5102459016393442
0 0.7246963562753036 0.4723360655737705 0.7252024291497976 0.5020491803278688 0.7454453441295547 0.5922131147540983 0.7555668016194332 0.6055327868852459 0.7631578947368421 0.6045081967213115 0.7548031376518218 0.5516772540983607 0.7753036437246964 0.5993852459016393 0.7793522267206477 0.5635245901639344 0.7747975708502024 0.5307377049180327 0.7732793522267206 0.4723360655737705 0.7697368421052632 0.46209016393442626 0.7667004048582996 0.45799180327868855 0.75 0.4600409836065574 0.7439271255060729 0.4651639344262295 0.7307692307692307 0.4610655737704918
0 0.7145748987854251 0.5430327868852459 0.7135627530364372 0.5758196721311475 0.7206477732793523 0.5891393442622951 0.7236842105263158 0.569672131147541 0.7236842105263158 0.5512295081967213 0.7171052631578947 0.5327868852459017
0 0.6852226720647774 0.5389344262295082 0.6857287449392713 0.5491803278688525 0.6933198380566802 0.5676229508196722 0.6938259109311741 0.5799180327868853 0.7009109311740891 0.5952868852459017 0.7044534412955465 0.5942622950819673 0.7054655870445344 0.5799180327868853 0.6993927125506073 0.5522540983606558 0.6983805668016194 0.5368852459016393
0 0.6497975708502024 0.48770491803278687 0.6487854251012146 0.5061475409836066 0.6594129554655871 0.5665983606557377 0.6609311740890689 0.610655737704918 0.6695344129554656 0.6198770491803278 0.6771255060728745 0.6168032786885246 0.6791497975708503 0.6045081967213115 0.680161943319838 0.48975409836065575 0.6776315789473685 0.48463114754098363 0.6695344129554656 0.48463114754098363 0.6624493927125507 0.47950819672131145
0 0.618421052631579 0.5010245901639344 0.617914979757085 0.5184426229508197 0.6244939271255061 0.5543032786885246 0.6265182186234818 0.5952868852459017 0.6371457489878543 0.6198770491803278 0.6422064777327935 0.6209016393442623 0.646255060728745 0.610655737704918 0.6492914979757085 0.5256147540983607 0.6477732793522267 0.4969262295081967 0.6295546558704453 0.48360655737704916
0 0.5915991902834008 0.5010245901639344 0.5910931174089069 0.5307377049180327 0.5936234817813765 0.5737704918032787 0.5969509109311741 0.5964098360655737 0.5996963562753036 0.6270491803278688 0.6057692307692307 0.6362704918032787 0.6108299595141701 0.6372950819672131 0.6158906882591093 0.6270491803278688 0.6189271255060729 0.6004098360655737 0.6169028340080972 0.569672131147541 0.6194331983805668 0.5286885245901639 0.6169028340080972 0.5051229508196722 0.603744939271255 0.492827868852459 0.5956477732793523 0.49385245901639346
0 0.5642712550607287 0.4918032786885246 0.5718623481781376 0.5881147540983607 0.5784412955465587 0.6188524590163934 0.5845141700404858 0.6188524590163934 0.5880566801619433 0.6034836065573771 0.590080971659919 0.4979508196721312 0.5850202429149798 0.49077868852459017 0.5678137651821862 0.48770491803278687
0 0.542004048582996 0.5256147540983607 0.5425101214574899 0.5594262295081968 0.5409919028340081 0.5676229508196722 0.5465587044534413 0.5963114754098361 0.5536437246963563 0.6260245901639344 0.5607287449392713 0.6280737704918032 0.5642712550607287 0.6331967213114754 0.5678137651821862 0.6188524590163934 0.5662955465587044 0.6034836065573771 0.5688259109311741 0.5747950819672131 0.562246963562753 0.4979508196721312 0.5541497975708503 0.48975409836065575 0.5455465587044535 0.48770491803278687 0.5430161943319838 0.4989754098360656
0 0.5192307692307693 0.5020491803278688 0.5187246963562753 0.5297131147540983 0.5217611336032388 0.5911885245901639 0.5237854251012146 0.6034836065573771 0.5328947368421053 0.6127049180327869 0.5369433198380567 0.5952868852459017 0.5465587044534413 0.48975409836065575 0.5409919028340081 0.48155737704918034 0.520748987854251 0.48258196721311475
0 0.4949392712550607 0.49077868852459017 0.4944331983805668 0.5297131147540983 0.4984817813765182 0.5799180327868853 0.5010121457489879 0.5870901639344263 0.49949392712550605 0.5952868852459017 0.5075910931174089 0.6024590163934426 0.5141700404858299 0.5952868852459017 0.5182186234817814 0.5645491803278688 0.5197368421052632 0.48565573770491804 0.5146761133603239 0.48155737704918034 0.5020242914979757 0.48155737704918034
0 0.46558704453441296 0.5051229508196722 0.4645748987854251 0.5532786885245902 0.4660931174089069 0.5881147540983607 0.47115384615384615 0.6270491803278688 0.4741902834008097 0.6362704918032787 0.47874493927125505 0.639344262295082 0.48279352226720645 0.6352459016393442 0.4898785425101215 0.5973360655737705 0.4939271255060729 0.5051229508196722 0.4898785425101215 0.48770491803278687 0.48228744939271256 0.48258196721311475 0.4701417004048583 0.48975409836065575
0 0.4347165991902834 0.4887295081967213 0.4316801619433198 0.514344262295082 0.4357287449392713 0.5963114754098361 0.4392712550607287 0.6198770491803278 0.4433198380566802 0.6219262295081968 0.4524291497975709 0.5870901639344263 0.4640688259109312 0.4959016393442623 0.4509109311740891 0.4774590163934426 0.4473684210526316 0.4764344262295082
0 0.39878542510121456 0.48668032786885246 0.3982793522267207 0.5061475409836066 0.40384615384615385 0.5532786885245902 0.40384615384615385 0.6209016393442623 0.40789473684210525 0.632172131147541 0.4124493927125506 0.6331967213114754 0.4159919028340081 0.6301229508196722 0.42105263157894735 0.610655737704918 0.4256072874493927 0.5409836065573771 0.4326923076923077 0.5051229508196722 0.43370445344129555 0.48975409836065575 0.4311740890688259 0.47950819672131145 0.42054655870445345 0.4733606557377049 0.4033400809716599 0.47950819672131145
0 0.35121457489878544 0.5297131147540983 0.34868421052631576 0.5604508196721312 0.34969635627530365 0.5809426229508197 0.3522267206477733 0.5911885245901639 0.35779352226720645 0.5942622950819673 0.3618421052631579 0.5809426229508197 0.3724696356275304 0.5717213114754098 0.37398785425101216 0.5758196721311475 0.37398785425101216 0.5840163934426229 0.37196356275303644 0.5870901639344263 0.37398785425101216 0.6055327868852459 0.3765182186234818 0.617827868852459 0.3805668016194332 0.6147540983606558 0.3972672064777328 0.5092213114754098 0.3972672064777328 0.4713114754098361 0.39220647773279355 0.4641393442622951 0.3876518218623482 0.46311475409836067 0.3765182186234818 0.4682377049180328 0.3658906882591093 0.47950819672131145 0.3623481781376518 0.48565573770491804
0 0.305668016194332 0.5133196721311475 0.29706477732793524 0.555327868852459 0.2975708502024291 0.5778688524590164 0.298582995951417 0.5809426229508197 0.32506578947368425 0.5469518442622952 0.3142712550607287 0.5973360655737705 0.3233805668016194 0.5952868852459017 0.3269230769230769 0.5922131147540983 0.3309716599190283 0.5778688524590164 0.33451417004048584 0.5737704918032787 0.35779352226720645 0.5051229508196722 0.3623481781376518 0.48155737704918034 0.36133603238866396 0.4682377049180328 0.3562753036437247 0.45901639344262296 0.3426113360323887 0.4672131147540984 0.326417004048583 0.4692622950819672 0.31224696356275305 0.48565573770491804
0 0.2515182186234818 0.48975409836065575 0.2479757085020243 0.5307377049180327 0.24595141700404857 0.5327868852459017 0.24746963562753035 0.5584016393442623 0.25809716599190285 0.5655737704918032 0.26200303643724693 0.567155737704918 0.2651821862348178 0.5758196721311475 0.26619433198380565 0.5706967213114754 0.27479757085020245 0.576844262295082 0.2818825910931174 0.5758196721311475 0.2813765182186235 0.5717213114754098 0.2859311740890688 0.5676229508196722 0.2975708502024291 0.5184426229508197 0.30718623481781376 0.5010245901639344 0.3107287449392713 0.48463114754098363 0.3107287449392713 0.46311475409836067 0.3061740890688259 0.45286885245901637 0.2978238866396761 0.45286885245901637 0.291497975708502 0.4487704918032787 0.2818825910931174 0.4334016393442623 0.2727732793522267 0.43135245901639346 0.2626518218623482 0.444672131147541
0 0.2773279352226721 0.3104508196721312 0.2773279352226721 0.32991803278688525 0.28289473684210525 0.35348360655737704 0.3001012145748988 0.3709016393442623 0.30718623481781376 0.3719262295081967 0.3142712550607287 0.367827868852459 0.3269230769230769 0.3483606557377049 0.3360323886639676 0.32479508196721313 0.340080971659919 0.29815573770491804 0.33805668016194335 0.2827868852459016 0.333502024291498 0.26844262295081966 0.32894736842105265 0.26434426229508196 0.3259109311740891 0.2520491803278688 0.3102226720647773 0.23770491803278687 0.305668016194332 0.23770491803278687 0.3016194331983806 0.23975409836065573 0.2975708502024291 0.24795081967213115 0.2925101214574899 0.27459016393442626 0.2798582995951417 0.29815573770491804
0 0.3092105263157895 0.4077868852459016 0.3092105263157895 0.4375 0.3142712550607287 0.4487704918032787 0.3390688259109312 0.45389344262295084 0.34868421052631576 0.4395491803278688 0.3491902834008097 0.41905737704918034 0.3431174089068826 0.3790983606557377 0.34058704453441296 0.33299180327868855 0.3319838056680162 0.3135245901639344 0.32945344129554655 0.3135245901639344 0.3243927125506073 0.3483606557377049 0.3142712550607287 0.36475409836065575 0.31275303643724695 0.39344262295081966
0 0.3709514170040486 0.3760245901639344 0.3699392712550607 0.3801229508196721 0.37398785425101216 0.4077868852459016 0.38461538461538464 0.41188524590163933 0.3841093117408907 0.38422131147540983 0.3770242914979757 0.3729508196721312
0 0.3507085020242915 0.38422131147540983 0.35020242914979755 0.4016393442622951 0.3517206477732793 0.41188524590163933 0.354251012145749 0.4139344262295082 0.36082995951417 0.4036885245901639 0.36082995951417 0.35860655737704916 0.354251012145749 0.36065573770491804
0 0.3917004048582996 0.34938524590163933 0.38461538461538464 0.42520491803278687 0.38461538461538464 0.44979508196721313 0.3881578947368421 0.45799180327868855 0.40030364372469635 0.4641393442622951 0.41194331983805665 0.45389344262295084 0.416497975708502 0.4354508196721312 0.4159919028340081 0.41290983606557374 0.41295546558704455 0.4047131147540984 0.4109311740890688 0.38729508196721313 0.40789473684210525 0.32274590163934425 0.40384615384615385 0.30635245901639346 0.4058704453441296 0.30225409836065575 0.39625506072874495 0.3084016393442623 0.39878542510121456 0.32581967213114754
0 0.4185222672064777 0.3452868852459016 0.4200404858299595 0.4057377049180328 0.416497975708502 0.44979508196721313 0.42206477732793524 0.4600409836065574 0.4352226720647773 0.46311475409836067 0.45293522267206476 0.4344262295081967 0.45445344129554655 0.41905737704918034 0.451417004048583 0.39959016393442626 0.44483805668016196 0.39549180327868855 0.44483805668016196 0.38729508196721313 0.4423076923076923 0.382172131147541 0.4392712550607287 0.35963114754098363 0.4392712550607287 0.3432377049180328 0.4407894736842105 0.3411885245901639 0.4331983805668016 0.32172131147540983 0.4326923076923077 0.3012295081967213 0.4240890688259109 0.30225409836065575 0.42206477732793524 0.3073770491803279
0 0.451417004048583 0.29200819672131145 0.4509109311740891 0.35348360655737704 0.4534412955465587 0.4415983606557377 0.4610323886639676 0.45491803278688525 0.4701417004048583 0.4600409836065574 0.47874493927125505 0.45491803278688525 0.48380566801619435 0.44672131147540983 0.48582995951417 0.41905737704918034 0.48431174089068824 0.39549180327868855 0.4726720647773279 0.3155737704918033 0.47115384615384615 0.2786885245901639 0.4686234817813765 0.27459016393442626 0.46963562753036436 0.27049180327868855 0.46558704453441296 0.26639344262295084
0 0.4873481781376518 0.38524590163934425 0.4873481781376518 0.44672131147540983 0.49696356275303644 0.45901639344262296 0.5096153846153846 0.45901639344262296 0.513663967611336 0.44672131147540983 0.5131578947368421 0.35860655737704916 0.5156882591093117 0.32581967213114754 0.5101214574898786 0.3114754098360656 0.5111336032388664 0.29508196721311475 0.5010121457489879 0.29405737704918034 0.4944331983805668 0.30225409836065575 0.4924089068825911 0.3432377049180328
0 0.5151821862348178 0.41290983606557374 0.5151821862348178 0.45389344262295084 0.521255060728745 0.4713114754098361 0.5313765182186235 0.4774590163934426 0.5465587044534413 0.4702868852459016 0.548582995951417 0.42008196721311475 0.5460526315789473 0.38422131147540983 0.5480769230769231 0.36475409836065575 0.5445344129554656 0.33094262295081966 0.5465587044534413 0.30225409836065575 0.5450404858299596 0.29405737704918034 0.5404858299595142 0.28688524590163933 0.5323886639676113 0.28688524590163933 0.5273279352226721 0.29815573770491804 0.5197368421052632 0.3452868852459016 0.5182186234817814 0.39036885245901637
0 0.5490890688259109 0.4180327868852459 0.5480769230769231 0.46311475409836067 0.5511133603238867 0.4713114754098361 0.5597165991902834 0.47540983606557374 0.5713562753036437 0.4733606557377049 0.5809716599190283 0.4651639344262295 0.582995951417004 0.42315573770491804 0.5794534412955465 0.3104508196721312 0.5759109311740891 0.28688524590163933 0.5718623481781376 0.27151639344262296 0.569331983805668 0.2694672131147541 0.5632591093117408 0.27049180327868855 0.5602226720647774 0.2786885245901639 0.5602226720647774 0.29610655737704916 0.5576923076923077 0.3094262295081967
0 0.590080971659919 0.3145491803278688 0.583502024291498 0.45594262295081966 0.5875506072874493 0.4661885245901639 0.6007085020242915 0.4682377049180328 0.6082995951417004 0.4610655737704918 0.611336032388664 0.45081967213114754 0.6103238866396761 0.3165983606557377 0.6088056680161943 0.30225409836065575 0.604757085020243 0.29405737704918034 0.5986842105263158 0.29405737704918034 0.5931174089068826 0.30327868852459017
0 0.6133603238866396 0.4149590163934426 0.6123481781376519 0.44979508196721313 0.6138663967611336 0.45901639344262296 0.6260121457489879 0.4702868852459016 0.6356275303643725 0.4641393442622951 0.6391700404858299 0.45491803278688525 0.6406882591093117 0.30225409836065575 0.6396761133603239 0.2899590163934426 0.6346153846153846 0.2776639344262295 0.6285425101214575 0.28688524590163933 0.6260121457489879 0.30225409836065575
0 0.6401821862348178 0.4323770491803279 0.6411943319838057 0.44979508196721313 0.6573886639676113 0.4702868852459016 0.6685222672064778 0.4672131147540984 0.6730769230769231 0.45799180327868855 0.6715587044534413 0.42315573770491804 0.6685222672064778 0.4047131147540984 0.6700404858299596 0.3760245901639344 0.6680161943319838 0.36475409836065575 0.6675101214574899 0.33299180327868855 0.6654858299595142 0.32786885245901637 0.6568825910931174 0.32786885245901637 0.65334008097166 0.33401639344262296 0.6492914979757085 0.36065573770491804 0.6487854251012146 0.38985655737704916
0 0.6730769230769231 0.41598360655737704 0.6730769230769231 0.4364754098360656 0.6766194331983806 0.45901639344262296 0.6938259109311741 0.4661885245901639 0.7029352226720648 0.45389344262295084 0.7044534412955465 0.444672131147541 0.7034412955465587 0.42520491803278687 0.6933198380566802 0.36885245901639346 0.6923076923076923 0.34938524590163933 0.6862348178137652 0.3350409836065574 0.6837044534412956 0.33709016393442626 0.6776315789473685 0.3668032786885246
0 0.7004048582995951 0.3975409836065574 0.701417004048583 0.4067622950819672 0.7130566801619433 0.4098360655737705 0.7252024291497976 0.39344262295081966 0.7236842105263158 0.39036885245901637 0.7252024291497976 0.38422131147540983 0.7211538461538461 0.3780737704918033 0.7206477732793523 0.3698770491803279
0 0.7191295546558705 0.35860655737704916 0.7201417004048583 0.39651639344262296 0.7317813765182186 0.39959016393442626 0.7348178137651822 0.39651639344262296 0.7378542510121457 0.3801229508196721 0.7322874493927125 0.35348360655737704 0.7236842105263158 0.3442622950819672