0 0.2874493927125506 0.6567622950819673 0.28694331983805665 0.6629098360655737 0.2894736842105263 0.6700819672131147 0.30364372469635625 0.6823770491803278 0.3066801619433198 0.6967213114754098 0.3147773279352227 0.7049180327868853 0.32945344129554655 0.7028688524590164 0.3350202429149798 0.6967213114754098 0.34969635627530365 0.6680327868852459 0.35020242914979755 0.6557377049180327 0.35526315789473684 0.6342213114754098 0.35526315789473684 0.6065573770491803 0.35121457489878544 0.5860655737704918 0.354251012145749 0.5665983606557377 0.3476720647773279 0.5440573770491803 0.34058704453441296 0.5358606557377049 0.3299595141700405 0.5450819672131147 0.32034412955465585 0.5809426229508197 0.29706477732793524 0.6219262295081968
0 0.3633603238866397 0.5245901639344263 0.3623481781376518 0.5379098360655737 0.3689271255060729 0.5676229508196722 0.39119433198380565 0.5799180327868853 0.4043522267206478 0.5758196721311475 0.4084008097165992 0.5594262295081968 0.4063765182186235 0.45799180327868855 0.40384615384615385 0.4323770491803279 0.39979757085020245 0.41905737704918034 0.395748987854251 0.41598360655737704 0.3841093117408907 0.42315573770491804 0.3805668016194332 0.4323770491803279 0.3689271255060729 0.5030737704918032
0 0.3350202429149798 0.7346311475409836 0.3350202429149798 0.7469262295081968 0.3375506072874494 0.7520491803278688 0.3603238866396761 0.7674180327868853 0.3694331983805668 0.764344262295082 0.3770242914979757 0.7469262295081968 0.3851214574898785 0.7079918032786885 0.3952429149797571 0.6772540983606558 0.40789473684210525 0.6618852459016393 0.40941295546558704 0.6342213114754098 0.4023279352226721 0.6229508196721312 0.3841093117408907 0.6075819672131147 0.3603238866396761 0.6045081967213115 0.3562753036437247 0.6168032786885246 0.3562753036437247 0.6372950819672131 0.34868421052631576 0.6813524590163934
0 0.3841093117408907 0.742827868852459 0.3841093117408907 0.7602459016393442 0.3876518218623482 0.7674180327868853 0.39625506072874495 0.7684426229508197 0.4008097165991903 0.764344262295082 0.4190283400809717 0.6967213114754098 0.43218623481781376 0.6700819672131147 0.4331983805668016 0.6536885245901639 0.4271255060728745 0.6383196721311475 0.4200404858299595 0.6290983606557377 0.409919028340081 0.6342213114754098 0.4109311740890688 0.6424180327868853 0.4058704453441296 0.6659836065573771 0.39979757085020245 0.6762295081967213
0 0.4073886639676113 0.5122950819672131 0.40789473684210525 0.5686475409836066 0.4266194331983806 0.5870901639344263 0.4316801619433198 0.5870901639344263 0.4397773279352227 0.5758196721311475 0.43876518218623484 0.48258196721311475 0.4423076923076923 0.430327868852459 0.4382591093117409 0.42725409836065575 0.4276315789473684 0.43135245901639346 0.42054655870445345 0.4354508196721312 0.41295546558704455 0.44672131147540983
0 0.4392712550607287 0.4702868852459016 0.4402834008097166 0.5727459016393442 0.44686234817813764 0.5891393442622951 0.45293522267206476 0.5922131147540983 0.46963562753036436 0.5717213114754098 0.4726720647773279 0.5604508196721312 0.47115384615384615 0.5317622950819673 0.46558704453441296 0.5153688524590164 0.46305668016194335 0.48975409836065575 0.4610323886639676 0.4385245901639344 0.4559716599190283 0.41700819672131145 0.4423076923076923 0.43135245901639346
0 0.4625506072874494 0.4108606557377049 0.4645748987854251 0.5389344262295082 0.46204453441295545 0.5706967213114754 0.4701417004048583 0.5881147540983607 0.4817813765182186 0.5932377049180327 0.4908906882591093 0.5788934426229508 0.49190283400809715 0.5655737704918032 0.49139676113360325 0.5450819672131147 0.4883603238866397 0.5276639344262295 0.48785425101214575 0.46311475409836067 0.4782388663967611 0.39549180327868855 0.4701417004048583 0.39036885245901637
0 0.49190283400809715 0.5430327868852459 0.4924089068825911 0.5860655737704918 0.5005060728744939 0.5993852459016393 0.5106275303643725 0.5952868852459017 0.5141700404858299 0.5799180327868853 0.5126518218623481 0.5194672131147541 0.5141700404858299 0.4487704918032787 0.5131578947368421 0.4344262295081967 0.5060728744939271 0.4180327868852459 0.5 0.41905737704918034 0.4959514170040486 0.47848360655737704 0.4934210526315789 0.48975409836065575
0 0.5151821862348178 0.4364754098360656 0.5146761133603239 0.5901639344262295 0.521255060728745 0.6065573770491803 0.5374493927125507 0.6075819672131147 0.542004048582996 0.6034836065573771 0.5440283400809717 0.5952868852459017 0.5328947368421053 0.4088114754098361 0.521255060728745 0.4149590163934426 0.5172064777327935 0.42213114754098363
0 0.5480769230769231 0.4426229508196721 0.5430161943319838 0.5809426229508197 0.5470647773279352 0.6055327868852459 0.5602226720647774 0.6075819672131147 0.569331983805668 0.6004098360655737 0.5743927125506073 0.5870901639344263 0.5713562753036437 0.41188524590163933 0.562753036437247 0.39959016393442626 0.5526315789473685 0.3985655737704918
0 0.5728744939271255 0.4334016393442623 0.5743927125506073 0.5799180327868853 0.5754048582995951 0.5891393442622951 0.5804655870445344 0.5922131147540983 0.5905870445344129 0.5881147540983607 0.597165991902834 0.5758196721311475 0.5941295546558705 0.5020491803278688 0.5875506072874493 0.45799180327868855 0.5885627530364372 0.4108606557377049 0.5845141700404858 0.4047131147540984 0.5799595141700404 0.4047131147540984 0.576417004048583 0.41188524590163933
0 0.5991902834008097 0.4057377049180328 0.597165991902834 0.4077868852459016 0.5981781376518218 0.5645491803278688 0.6067813765182186 0.5819672131147541 0.6123481781376519 0.5850409836065574 0.6275303643724697 0.5635245901639344 0.6204453441295547 0.44789241803278684 0.6204453441295547 0.4077868852459016 0.6123481781376519 0.39959016393442626 0.6077935222672065 0.4047131147540984
0 0.6194331983805668 0.4293032786885246 0.618421052631579 0.5563524590163934 0.6224696356275303 0.5655737704918032 0.6422064777327935 0.5809426229508197 0.645748987854251 0.5799180327868853 0.6538461538461539 0.555327868852459 0.6427125506072875 0.4180327868852459 0.638663967611336 0.4036885245901639 0.6260121457489879 0.40061475409836067 0.6214574898785425 0.4077868852459016
0 0.646255060728745 0.4057377049180328 0.6543522267206477 0.4969262295081967 0.65334008097166 0.548155737704918 0.6604251012145749 0.5614754098360656 0.6690283400809717 0.5645491803278688 0.6821862348178138 0.5420081967213115 0.6821862348178138 0.5112704918032787 0.6766194331983806 0.4887295081967213 0.6705465587044535 0.4405737704918033 0.6659919028340081 0.42418032786885246 0.6609311740890689 0.42008196721311475 0.6568825910931174 0.4067622950819672
0 0.6811740890688259 0.3729508196721312 0.6837044534412956 0.3709016393442623 0.6867408906882592 0.3760245901639344 0.6867408906882592 0.38422131147540983 0.6745951417004049 0.42725409836065575 0.6831983805668016 0.48360655737704916 0.6831983805668016 0.5286885245901639 0.6882591093117408 0.5440573770491803 0.7009109311740891 0.5450819672131147 0.7176113360323887 0.5286885245901639 0.7257085020242915 0.5122950819672131 0.7262145748987854 0.49385245901639346 0.7135627530364372 0.45286885245901637 0.7019230769230769 0.3985655737704918 0.6892712550607287 0.3668032786885246 0.6852226720647774 0.3668032786885246
0 0.7138886639676113 0.5619938524590163 0.7118198380566801 0.5427766393442623 0.7180263157894736 0.5274016393442623 0.7337155870445343 0.49840061475409836 0.7400946356275303 0.48966495901639345 0.7523355263157895 0.502593237704918 0.7623355263157895 0.5319446721311475 0.7752661943319837 0.555704918032787 0.7876796558704453 0.5812120901639345 0.7892312753036437 0.602876024590164 0.7794038461538462 0.6109129098360655 0.7766452429149798 0.6074180327868853 0.7813006072874493 0.6301301229508196 0.7768178137651822 0.6507459016393443 0.7681973684210527 0.6514446721311475 0.7618183198380567 0.6472520491803279 0.7483704453441296 0.6283831967213115 0.7409569838056681 0.6185993852459016 0.735956983805668 0.6070686475409837 0.7352672064777328 0.5972848360655738 0.7416462550607287 0.5885502049180328 0.7419913967611336 0.5784170081967213 0.7369913967611337 0.5647899590163935 0.7318193319838057 0.5560543032786884 0.7254397773279353 0.5598975409836066 0.7216467611336032 0.5658381147540984
0 0.6864757085020243 0.6255881147540984 0.6859585020242914 0.597984631147541 0.6866482793522267 0.5913452868852459 0.6980268218623481 0.5868032786885247 0.7083714574898785 0.5721270491803279 0.7140612348178137 0.5654887295081967 0.7273365384615386 0.5752725409836066 0.7285435222672065 0.5854047131147542 0.7331983805668016 0.6060204918032787 0.7363016194331984 0.6255881147540984 0.7419913967611336 0.6427090163934426 0.7488876518218623 0.6724098360655738 0.7525080971659919 0.6867356557377049 0.7535425101214575 0.7136403688524591 0.7452672064777327 0.7248217213114755 0.7321639676113361 0.7279672131147541 0.7221644736842106 0.7237735655737705 0.7164746963562753 0.709797131147541 0.7118198380566801 0.6870850409836066 0.7026821862348178 0.666469262295082 0.695785931174089 0.6521434426229508 0.6888891700404858 0.6388657786885246 0.6875101214574899 0.6339743852459017
0 0.6545470647773279 0.6262838114754099 0.6626503036437247 0.6088135245901639 0.6698917004048582 0.6025235655737705 0.6857530364372469 0.6081147540983607 0.6866153846153846 0.6245368852459017 0.6917874493927125 0.659827868852459 0.6952358299595142 0.6835881147540984 0.7002353238866397 0.7003606557377049 0.7017874493927125 0.719577868852459 0.700925101214575 0.7415911885245902 0.6924772267206478 0.7534713114754099 0.6867879554655871 0.7492786885245902 0.681787955465587 0.7373985655737705 0.6764433198380567 0.706998975409836 0.6738572874493927 0.6958176229508197 0.6710986842105262 0.6821905737704917 0.6698917004048582 0.6727561475409837 0.6690298582995952 0.6591290983606557 0.6660986842105263 0.6517920081967213 0.6602368421052631 0.6475983606557377 0.6578228744939271 0.6444538934426229 0.6559266194331984 0.6364170081967213
0 0.640338056680162 0.7792459016393443 0.6274073886639676 0.7020245901639345 0.6248213562753037 0.6744211065573771 0.6210283400809716 0.6517090163934426 0.6212004048582995 0.6269006147540984 0.6280971659919028 0.6003452868852459 0.6393036437246963 0.6094303278688524 0.6501654858299596 0.6230573770491804 0.6560273279352227 0.6265512295081967 0.6548203441295546 0.6586977459016393 0.6567165991902835 0.7002776639344263 0.6574063765182186 0.7439549180327869 0.6543031376518219 0.7740051229508197 0.6515445344129555 0.7904272540983607 0.6470617408906882 0.7932223360655737 0.6429240890688258 0.7851864754098361 0.6406826923076924 0.7795952868852459
0 0.5942702429149798 0.7862233606557377 0.5882358299595142 0.7163401639344262 0.5899600202429149 0.6765071721311475 0.5884084008097166 0.6527469262295083 0.5885804655870446 0.6310829918032786 0.5920288461538461 0.6164077868852459 0.5975460526315789 0.611515368852459 0.6078901821862348 0.6195522540983607 0.6151315789473685 0.6338780737704918 0.6156487854251012 0.6642776639344262 0.612372975708502 0.7051588114754098 0.6104767206477733 0.7387028688524591 0.6109939271255062 0.7680543032786885 0.6118557692307692 0.7855245901639345 0.6103041497975709 0.798452868852459 0.6054767206477732 0.8012489754098361 0.5994423076923077 0.7995010245901639
0 0.5628173076923076 0.6234036885245902 0.5633345141700404 0.6698760245901639 0.5629898785425101 0.7083114754098361 0.5633345141700404 0.7415061475409837 0.5710931174089069 0.7715563524590163 0.5802307692307692 0.7876290983606558 0.5855754048582996 0.7785440573770492 0.5812651821862348 0.7586280737704919 0.5802307692307692 0.7327715163934425 0.580747975708502 0.6932868852459017 0.5810926113360324 0.6719723360655738 0.5826442307692308 0.6356331967213115 0.5804028340080971 0.6132704918032787 0.5679898785425102 0.6164159836065574
0 0.5427672064777328 0.6300030737704918 0.5460430161943319 0.6782223360655738 0.5475946356275304 0.7128145491803278 0.5489741902834008 0.7453104508196722 0.5544908906882591 0.7659252049180328 0.5631113360323887 0.7732633196721312 0.5648355263157895 0.7460092213114754 0.5603527327935223 0.7135133196721312 0.56121508097166 0.6719323770491804 0.5615597165991904 0.6411844262295082 0.5584564777327935 0.6268575819672131 0.5477672064777328 0.6265081967213114
0 0.5236108299595141 0.6276434426229509 0.54225 0.6258094262295082 0.5432844129554656 0.6673903688524591 0.5451811740890689 0.7205010245901639 0.5401811740890687 0.762780737704918 0.5324225708502024 0.7687213114754099 0.5288021255060729 0.7432131147540983 0.5293193319838057 0.7023319672131147 0.5263886639676113 0.6656434426229508 0.5251816801619433 0.660751024590164
0 0.5025961538461539 0.6286055327868852 0.5170784412955466 0.6279057377049181 0.5241472672064776 0.6341956967213115 0.5250091093117408 0.6750768442622951 0.527423076923077 0.715609631147541 0.5277677125506073 0.7484549180327869 0.5279402834008098 0.769420081967213 0.5182854251012146 0.7729139344262296 0.5143198380566801 0.7673227459016394 0.510871963562753 0.7414661885245902 0.5082854251012145 0.7005850409836065 0.5034579959514169 0.6645952868852458
0 0.46536639676113356 0.6420594262295082 0.47656578947368416 0.6287469262295082 0.48496508097165997 0.634421106557377 0.49261082995951416 0.6555911885245901 0.4985339068825911 0.7014221311475409 0.5024104251012146 0.7511823770491803 0.5024104251012146 0.7847920081967213 0.494334008097166 0.8009415983606558 0.483995951417004 0.7957038934426229 0.4794731781376518 0.7675502049180328 0.47505819838056684 0.7311034836065574 0.4697813765182186 0.6922561475409836 0.46730465587044534 0.668030737704918
0 0.4388390688259109 0.7048770491803279 0.43509463562753037 0.6793616803278689 0.4330146761133603 0.6557530737704917 0.4385617408906882 0.638047131147541 0.4534003036437247 0.6290532786885246 0.46185981781376517 0.6324262295081968 0.4662975708502024 0.6464784836065574 0.4661589068825911 0.7071260245901639 0.46574291497975706 0.7490030737704918 0.4614438259109312 0.7908801229508197 0.45825404858299595 0.8203913934426229 0.45007186234817814 0.8116782786885246 0.4452181174089069 0.7830112704918033 0.44216751012145744 0.7535000000000001 0.4396710526315789 0.7225840163934426