0 0.2894736842105263 0.3452868852459016 0.2909919028340081 0.35450819672131145 0.28643724696356276 0.42213114754098363 0.27884615384615385 0.48668032786885246 0.2818825910931174 0.4969262295081967 0.3016194331983806 0.5133196721311475 0.31123481781376516 0.5112704918032787 0.3168016194331984 0.5020491803278688 0.319331983805668 0.4774590163934426 0.3092105263157895 0.3760245901639344 0.30516194331983804 0.35655737704918034 0.2980769230769231 0.3422131147540984 0.29453441295546556 0.3401639344262295
0 0.3208502024291498 0.48155737704918034 0.3183198380566802 0.514344262295082 0.32894736842105265 0.5368852459016393 0.3481781376518219 0.5389344262295082 0.36082995951417 0.5286885245901639 0.3623481781376518 0.5 0.3557692307692308 0.44979508196721313 0.3567813765182186 0.4180327868852459 0.3532388663967611 0.3790983606557377 0.3410931174089069 0.382172131147541 0.33704453441295545 0.39651639344262296 0.3350202429149798 0.42008196721311475 0.32894736842105265 0.4293032786885246
0 0.3689271255060729 0.3719262295081967 0.3623481781376518 0.5092213114754098 0.3643724696356275 0.5204918032786885 0.3785425101214575 0.5266393442622951 0.3866396761133603 0.5194672131147541 0.39068825910931176 0.5040983606557377 0.3866396761133603 0.45389344262295084 0.3861336032388664 0.38831967213114754 0.38309716599190285 0.36475409836065575 0.375 0.3637295081967213
0 0.39119433198380565 0.48668032786885246 0.39068825910931176 0.5174180327868853 0.395748987854251 0.5286885245901639 0.40384615384615385 0.5317622950819673 0.4149797570850202 0.5245901639344263 0.42105263157894735 0.5174180327868853 0.423582995951417 0.5061475409836066 0.4240890688259109 0.48770491803278687 0.42105263157894735 0.47438524590163933 0.41194331983805665 0.3760245901639344 0.41346153846153844 0.35655737704918034 0.41143724696356276 0.3401639344262295 0.40789473684210525 0.3319672131147541 0.39625506072874495 0.3442622950819672 0.39473684210526316 0.4641393442622951
0 0.4225708502024291 0.36065573770491804 0.42206477732793524 0.5204918032786885 0.4276315789473684 0.5358606557377049 0.43623481781376516 0.5379098360655737 0.44635627530364375 0.5286885245901639 0.4524291497975709 0.514344262295082 0.4519230769230769 0.44774590163934425 0.4433198380566802 0.35860655737704916 0.43623481781376516 0.3452868852459016 0.4266194331983806 0.3432377049180328
0 0.4574898785425101 0.4385245901639344 0.4549595141700405 0.5040983606557377 0.4569838056680162 0.5194672131147541 0.4691295546558704 0.5327868852459017 0.48279352226720645 0.5286885245901639 0.4853238866396761 0.5040983606557377 0.4812753036437247 0.3770491803278688 0.46710526315789475 0.36065573770491804 0.46356275303643724 0.3698770491803279
0 0.4873481781376518 0.3790983606557377 0.4893724696356275 0.5174180327868853 0.5 0.5348360655737705 0.5232793522267206 0.5307377049180327 0.5253036437246964 0.5225409836065574 0.5253036437246964 0.48463114754098363 0.5187246963562753 0.4375 0.5151821862348178 0.33299180327868855 0.506578947368421 0.3114754098360656 0.5015182186234818 0.3094262295081967 0.49544534412955465 0.3145491803278688
0 0.527834008097166 0.48463114754098363 0.5288461538461539 0.5307377049180327 0.5425101214574899 0.5358606557377049 0.5571862348178138 0.5348360655737705 0.5637651821862348 0.5245901639344263 0.5657894736842105 0.514344262295082 0.5662955465587044 0.3831967213114754 0.5647773279352226 0.35963114754098363 0.5607287449392713 0.3442622950819672 0.5450404858299596 0.33811475409836067 0.5409919028340081 0.3411885245901639 0.5394736842105263 0.375 0.5359311740890689 0.38422131147540983
0 0.5678137651821862 0.492827868852459 0.5683198380566802 0.5194672131147541 0.5748987854251012 0.5307377049180327 0.5845141700404858 0.5327868852459017 0.5921052631578947 0.5286885245901639 0.5991902834008097 0.5122950819672131 0.5976720647773279 0.4067622950819672 0.5956477732793523 0.3719262295081967 0.5915991902834008 0.3514344262295082 0.5789473684210527 0.35963114754098363
0 0.6108299595141701 0.40061475409836067 0.6017206477732794 0.492827868852459 0.6017206477732794 0.5133196721311475 0.6103238866396761 0.5358606557377049 0.6204453441295547 0.5440573770491803 0.632085020242915 0.5286885245901639 0.6351214574898786 0.507172131147541 0.6351214574898786 0.3463114754098361 0.6270242914979757 0.32786885245901637 0.6204453441295547 0.32889344262295084
0 0.6346153846153846 0.4426229508196721 0.6341093117408907 0.5245901639344263 0.6538461538461539 0.5420081967213115 0.6584008097165992 0.5409836065573771 0.667004048582996 0.5256147540983607 0.6695344129554656 0.3780737704918033 0.6695344129554656 0.3524590163934426 0.667004048582996 0.3473360655737705 0.6578947368421053 0.3411885245901639 0.6477732793522267 0.36270491803278687 0.6427125506072875 0.3801229508196721
0 0.6644736842105263 0.32889344262295084 0.6639676113360324 0.3411885245901639 0.6705465587044535 0.3668032786885246 0.6710526315789473 0.382172131147541 0.6644736842105263 0.5122950819672131 0.6695344129554656 0.5286885245901639 0.6892712550607287 0.5317622950819673 0.6998987854251012 0.514344262295082 0.7024291497975709 0.4702868852459016 0.6892712550607287 0.44774590163934425 0.687246963562753 0.4149590163934426 0.6892712550607287 0.3719262295081967 0.6796558704453441 0.32581967213114754 0.6771255060728745 0.32274590163934425
0 0.7009109311740891 0.46209016393442626 0.7009109311740891 0.5204918032786885 0.7064777327935222 0.5235655737704918 0.7312753036437247 0.5204918032786885 0.7403846153846154 0.5061475409836066 0.7312753036437247 0.40061475409836067 0.7165991902834008 0.35860655737704916 0.7110323886639676 0.36065573770491804 0.7039473684210527 0.40061475409836067
0 0.7403846153846154 0.44672131147540983 0.7393724696356275 0.4713114754098361 0.742914979757085 0.5020491803278688 0.7454453441295547 0.5061475409836066 0.7591093117408907 0.5092213114754098 0.7717611336032388 0.5030737704918032 0.7798582995951417 0.49385245901639346 0.7813765182186235 0.4641393442622951 0.7727732793522267 0.4057377049180328 0.7722672064777328 0.367827868852459 0.7661943319838057 0.35450819672131145 0.7596153846153846 0.3524590163934426 0.7540485829959515 0.35758196721311475 0.7454453441295547 0.3760245901639344 0.7459514170040485 0.4077868852459016
0 0.7773279352226721 0.3801229508196721 0.7768218623481782 0.4036885245901639 0.7818825910931174 0.4456967213114754 0.7839068825910931 0.4774590163934426 0.7818825910931174 0.49385245901639346 0.7839068825910931 0.5010245901639344 0.7904858299595142 0.5092213114754098 0.8031376518218624 0.5133196721311475 0.8284412955465587 0.4979508196721312 0.8309716599190283 0.48463114754098363 0.8304655870445344 0.4713114754098361 0.8183198380566802 0.39959016393442626 0.8097165991902834 0.38524590163934425 0.7945344129554656 0.3709016393442623 0.7864372469635628 0.367827868852459
0 0.7155870445344129 0.555327868852459 0.7160931174089069 0.5717213114754098 0.7419028340080972 0.6485655737704918 0.7545546558704453 0.6741803278688525 0.7596153846153846 0.6782786885245902 0.77834008097166 0.6649590163934426 0.7803643724696356 0.6567622950819673 0.7661943319838057 0.6055327868852459 0.7616396761133604 0.548155737704918 0.757085020242915 0.5327868852459017 0.7277327935222672 0.5450819672131147
0 0.6659919028340081 0.5778688524590164 0.6675101214574899 0.5983606557377049 0.6766194331983806 0.6157786885245902 0.6821862348178138 0.6536885245901639 0.6953441295546559 0.694672131147541 0.7029352226720648 0.7079918032786885 0.7090080971659919 0.7090163934426229 0.6998476720647773 0.6368258196721311 0.7256644736842105 0.6855010245901639 0.7307692307692307 0.6772540983606558 0.729757085020243 0.6526639344262295 0.7241902834008097 0.632172131147541 0.7135627530364372 0.5543032786885246 0.6761133603238867 0.5665983606557377
0 0.6108299595141701 0.5819672131147541 0.6128542510121457 0.6301229508196722 0.6224696356275303 0.680327868852459 0.6346153846153846 0.7069672131147541 0.6381578947368421 0.7008196721311475 0.6411943319838057 0.6823770491803278 0.6427125506072875 0.5819672131147541 0.638663967611336 0.5737704918032787 0.6234817813765182 0.5676229508196722
0 0.5804655870445344 0.5778688524590164 0.5794534412955465 0.610655737704918 0.5824898785425101 0.6608606557377049 0.5931174089068826 0.7079918032786885 0.6032388663967612 0.7243852459016393 0.6108299595141701 0.7161885245901639 0.611336032388664 0.7110655737704918 0.6077935222672065 0.6670081967213115 0.6103238866396761 0.6075819672131147 0.6088056680161943 0.5911885245901639 0.5956477732793523 0.5665983606557377
0 0.5511133603238867 0.5645491803278688 0.555668016194332 0.6659836065573771 0.5642712550607287 0.6967213114754098 0.5688259109311741 0.6997950819672131 0.5718623481781376 0.6956967213114754 0.5754048582995951 0.6741803278688525 0.5779352226720648 0.5717213114754098 0.5728744939271255 0.5635245901639344 0.5632591093117408 0.5604508196721312
0 0.5268218623481782 0.5747950819672131 0.5253036437246964 0.6229508196721312 0.5359311740890689 0.6977459016393442 0.541497975708502 0.7079918032786885 0.5490890688259109 0.7110655737704918 0.5526315789473685 0.6967213114754098 0.5541497975708503 0.6424180327868853 0.548582995951417 0.5747950819672131 0.5445344129554656 0.5645491803278688 0.5328947368421053 0.5522540983606558 0.527834008097166 0.555327868852459
0 0.5005060728744939 0.5625 0.5060728744939271 0.6670081967213115 0.5111336032388664 0.6956967213114754 0.5177125506072875 0.6987704918032787 0.5222672064777328 0.6844262295081968 0.5237854251012146 0.6690573770491803 0.5242914979757085 0.6229508196721312 0.5293522267206477 0.5522540983606558 0.521255060728745 0.5512295081967213
0 0.4767206477732793 0.5717213114754098 0.4757085020242915 0.6065573770491803 0.4817813765182186 0.6813524590163934 0.48380566801619435 0.6834016393442623 0.4853238866396761 0.6997950819672131 0.4939271255060729 0.7079918032786885 0.49898785425101216 0.7008196721311475 0.5030364372469636 0.6639344262295082 0.49949392712550605 0.5665983606557377 0.4979757085020243 0.5594262295081968 0.4939271255060729 0.5594262295081968 0.4817813765182186 0.5635245901639344
0 0.444331983805668 0.5860655737704918 0.44129554655870445 0.7161885245901639 0.444331983805668 0.7284836065573771 0.451417004048583 0.7295081967213115 0.4564777327935223 0.7233606557377049 0.4660931174089069 0.673155737704918 0.4757085020242915 0.5758196721311475 0.4731781376518219 0.5676229508196722 0.46204453441295545 0.5604508196721312 0.4473684210526316 0.5717213114754098
0 0.4109311740890688 0.5717213114754098 0.4109311740890688 0.6147540983606558 0.41548582995951416 0.6967213114754098 0.41953441295546556 0.7264344262295082 0.4251012145748988 0.7264344262295082 0.42965587044534415 0.7213114754098361 0.4291497975708502 0.7059426229508197 0.4367408906882591 0.6209016393442623 0.4423076923076923 0.5952868852459017 0.44281376518218624 0.5819672131147541 0.4402834008097166 0.5737704918032787 0.4271255060728745 0.5584016393442623 0.41548582995951416 0.5645491803278688
0 0.37803643724696356 0.5737704918032787 0.3800607287449393 0.6977459016393442 0.3881578947368421 0.7079918032786885 0.39271255060728744 0.6936475409836066 0.4089068825910931 0.5922131147540983 0.40941295546558704 0.5717213114754098 0.4033400809716599 0.5614754098360656 0.3932186234817814 0.5594262295081968 0.3815789473684211 0.5614754098360656
0 0.2879483805668016 0.6547366803278689 0.28036437246963564 0.6772540983606558 0.2859311740890688 0.6905737704918032 0.3134716599190283 0.6339600409836066 0.2980769230769231 0.7059426229508197 0.3026315789473684 0.7069672131147541 0.3319838056680162 0.6413934426229508 0.3456477732793522 0.625 0.3527327935222672 0.5983606557377049 0.35374493927125505 0.5829918032786885 0.3507085020242915 0.5758196721311475 0.3395748987854251 0.5665983606557377 0.3299595141700405 0.548155737704918 0.3228744939271255 0.5440573770491803 0.31629554655870445 0.5471311475409836 0.3102226720647773 0.5604508196721312 0.30111336032388664 0.610655737704918
0 0.2388663967611336 0.5860655737704918 0.23785425101214575 0.6137295081967213 0.23987854251012145 0.6260245901639344 0.2540485829959514 0.6424180327868853 0.2727732793522267 0.6424180327868853 0.2899797570850202 0.5911885245901639 0.30718623481781376 0.569672131147541 0.31275303643724695 0.5532786885245902 0.31275303643724695 0.5430327868852459 0.29453441295546556 0.5092213114754098 0.27479757085020245 0.49077868852459017 0.26720647773279355 0.5030737704918032 0.25961538461538464 0.5348360655737705