0 0.28289473684210525 0.3801229508196721 0.28694331983805665 0.3985655737704918 0.30313765182186236 0.430327868852459 0.30870445344129555 0.4334016393442623 0.32135627530364375 0.42008196721311475 0.326417004048583 0.4036885245901639 0.33046558704453444 0.3780737704918033 0.33451417004048584 0.33401639344262296 0.333502024291498 0.3114754098360656 0.3259109311740891 0.29405737704918034 0.32186234817813764 0.29405737704918034 0.31275303643724695 0.3094262295081967 0.3016194331983806 0.3411885245901639 0.2894736842105263 0.35963114754098363
0 0.30718623481781376 0.44979508196721313 0.3081983805668016 0.4733606557377049 0.32186234817813764 0.4948770491803279 0.3350202429149798 0.4989754098360656 0.3431174089068826 0.492827868852459 0.347165991902834 0.48463114754098363 0.3517206477732793 0.45491803278688525 0.3522267206477733 0.4364754098360656 0.3618421052631579 0.3944672131147541 0.3684210526315789 0.38831967213114754 0.3699392712550607 0.3729508196721312 0.3699392712550607 0.36475409836065575 0.3638663967611336 0.3483606557377049 0.3582995951417004 0.3206967213114754 0.3491902834008097 0.32786885245901637 0.3431174089068826 0.3514344262295082 0.3173076923076923 0.42213114754098363 0.31123481781376516 0.43135245901639346
0 0.31781376518218624 0.5379098360655737 0.305668016194332 0.6229508196721312 0.30718623481781376 0.6301229508196722 0.31275303643724695 0.6342213114754098 0.3142712550607287 0.6413934426229508 0.3183198380566802 0.6454918032786885 0.3259109311740891 0.6403688524590164 0.3309716599190283 0.6280737704918032 0.33805668016194335 0.6229508196721312 0.3562753036437247 0.5799180327868853 0.36285425101214575 0.5747950819672131 0.3694331983805668 0.555327868852459 0.3699392712550607 0.5409836065573771 0.35931174089068824 0.5266393442622951 0.33299595141700405 0.5102459016393442 0.3269230769230769 0.5112704918032787
0 0.36082995951417 0.35655737704918034 0.35374493927125505 0.444672131147541 0.34463562753036436 0.4948770491803279 0.3466599190283401 0.5020491803278688 0.35880566801619435 0.5174180327868853 0.3810728744939271 0.5256147540983607 0.38917004048583 0.5204918032786885 0.39119433198380565 0.5133196721311475 0.3876518218623482 0.45184426229508196 0.38917004048583 0.3831967213114754 0.38714574898785425 0.36885245901639346 0.3805668016194332 0.35040983606557374 0.3765182186234818 0.3483606557377049 0.3699392712550607 0.35860655737704916 0.3648785425101215 0.3514344262295082
0 0.3937246963562753 0.4077868852459016 0.3952429149797571 0.45184426229508196 0.3937246963562753 0.47848360655737704 0.39119433198380565 0.48668032786885246 0.39119433198380565 0.5174180327868853 0.3982793522267207 0.5358606557377049 0.40789473684210525 0.5450819672131147 0.41346153846153844 0.5450819672131147 0.4180161943319838 0.5409836065573771 0.42054655870445345 0.5327868852459017 0.4240890688259109 0.507172131147541 0.40536437246963564 0.42213114754098363 0.4043522267206478 0.39139344262295084 0.3952429149797571 0.38934426229508196
0 0.3466599190283401 0.6454918032786885 0.34615384615384615 0.6618852459016393 0.3491902834008097 0.6670081967213115 0.3567813765182186 0.6649590163934426 0.3689271255060729 0.6905737704918032 0.3765182186234818 0.6854508196721312 0.402834008097166 0.6086065573770492 0.4159919028340081 0.5829918032786885 0.416497975708502 0.5717213114754098 0.41194331983805665 0.5635245901639344 0.3881578947368421 0.5430327868852459 0.3734817813765182 0.5440573770491803 0.3648785425101215 0.5665983606557377
0 0.409919028340081 0.4036885245901639 0.4104251012145749 0.4354508196721312 0.41548582995951416 0.45286885245901637 0.4144736842105263 0.45901639344262296 0.4180161943319838 0.48360655737704916 0.4175101214574899 0.4948770491803279 0.41295546558704455 0.5020491803278688 0.4089068825910931 0.5286885245901639 0.4104251012145749 0.555327868852459 0.41548582995951416 0.5614754098360656 0.4251012145748988 0.5645491803278688 0.4433198380566802 0.5532786885245902 0.44635627530364375 0.5440573770491803 0.4478744939271255 0.5204918032786885 0.4402834008097166 0.45389344262295084 0.41953441295546556 0.3831967213114754
0 0.4423076923076923 0.3801229508196721 0.4423076923076923 0.48463114754098363 0.43370445344129555 0.5440573770491803 0.4509109311740891 0.5799180327868853 0.4559716599190283 0.5758196721311475 0.4640688259109312 0.5573770491803278 0.4676113360323887 0.5286885245901639 0.4645748987854251 0.5081967213114754 0.46305668016194335 0.4415983606557377 0.45546558704453444 0.3790983606557377 0.451417004048583 0.3709016393442623 0.44686234817813764 0.3709016393442623
0 0.395748987854251 0.673155737704918 0.3952429149797571 0.7120901639344263 0.3972672064777328 0.7202868852459017 0.40384615384615385 0.7305327868852459 0.41143724696356276 0.7284836065573771 0.4215587044534413 0.7069672131147541 0.4266194331983806 0.6864754098360656 0.43218623481781376 0.6782786885245902 0.4367408906882591 0.6454918032786885 0.44483805668016196 0.6147540983606558 0.444331983805668 0.5973360655737705 0.42864372469635625 0.576844262295082 0.4185222672064777 0.5778688524590164 0.40536437246963564 0.610655737704918
0 0.4352226720647773 0.6885245901639344 0.4347165991902834 0.7448770491803278 0.44686234817813764 0.7479508196721312 0.4519230769230769 0.7366803278688525 0.4600202429149798 0.6997950819672131 0.46153846153846156 0.6752049180327869 0.4706477732793522 0.6270491803278688 0.4706477732793522 0.610655737704918 0.4600202429149798 0.5942622950819673 0.4498987854251012 0.5911885245901639 0.44534412955465585 0.5952868852459017
0 0.4691295546558704 0.5286885245901639 0.4691295546558704 0.555327868852459 0.4731781376518219 0.5676229508196722 0.4853238866396761 0.576844262295082 0.5005060728744939 0.5676229508196722 0.5015182186234818 0.5327868852459017 0.4974696356275304 0.5030737704918032 0.4944331983805668 0.4385245901639344 0.4924089068825911 0.4364754098360656 0.48582995951417 0.3985655737704918 0.48279352226720645 0.40061475409836067 0.47368421052631576 0.4395491803278688
0 0.4665991902834008 0.6495901639344263 0.46356275303643724 0.7448770491803278 0.4665991902834008 0.7602459016393442 0.472165991902834 0.7612704918032787 0.4812753036437247 0.7469262295081968 0.4873481781376518 0.7213114754098361 0.4949392712550607 0.6495901639344263 0.49544534412955465 0.6270491803278688 0.48633603238866396 0.6096311475409836 0.47621457489878544 0.610655737704918 0.4716599190283401 0.6168032786885246
0 0.5040485829959515 0.4077868852459016 0.5050607287449392 0.5061475409836066 0.5025303643724697 0.5573770491803278 0.5075910931174089 0.5737704918032787 0.5161943319838057 0.5840163934426229 0.5308704453441295 0.5860655737704918 0.5374493927125507 0.5788934426229508 0.5379554655870445 0.5706967213114754 0.5379554655870445 0.5225409836065574 0.5323886639676113 0.4661885245901639 0.527834008097166 0.4385245901639344 0.5167004048582996 0.39549180327868855 0.506578947368421 0.39344262295081966
0 0.49696356275303644 0.6311475409836066 0.4964574898785425 0.6557377049180327 0.5010121457489879 0.6905737704918032 0.5020242914979757 0.7438524590163934 0.5101214574898786 0.7612704918032787 0.5177125506072875 0.7479508196721312 0.5192307692307693 0.7377049180327869 0.521255060728745 0.6331967213114754 0.5192307692307693 0.6260245901639344 0.5106275303643725 0.6198770491803278 0.5020242914979757 0.6219262295081968
0 0.5394736842105263 0.5379098360655737 0.5394736842105263 0.5676229508196722 0.5435222672064778 0.5799180327868853 0.5597165991902834 0.5840163934426229 0.569838056680162 0.5778688524590164 0.576417004048583 0.5676229508196722 0.5799595141700404 0.5512295081967213 0.5779352226720648 0.5010245901639344 0.5840080971659919 0.4077868852459016 0.5759109311740891 0.39959016393442626 0.5637651821862348 0.4036885245901639 0.5506072874493927 0.44979508196721313
0 0.5232793522267206 0.6290983606557377 0.5227732793522267 0.6618852459016393 0.5288461538461539 0.7284836065573771 0.5344129554655871 0.7510245901639344 0.5404858299595142 0.757172131147541 0.5450404858299596 0.735655737704918 0.5425101214574899 0.6977459016393442 0.5425101214574899 0.6290983606557377 0.5404858299595142 0.6239754098360656 0.5354251012145749 0.6229508196721312
0 0.5460526315789473 0.6260245901639344 0.5475708502024291 0.6721311475409836 0.5571862348178138 0.7284836065573771 0.5642712550607287 0.7551229508196722 0.5718623481781376 0.7612704918032787 0.5754048582995951 0.735655737704918 0.5738866396761133 0.7049180327868853 0.569838056680162 0.6823770491803278 0.5718623481781376 0.6680327868852459 0.5688259109311741 0.6290983606557377 0.5652834008097166 0.6209016393442623 0.5607287449392713 0.6188524590163934
0 0.5814777327935222 0.5174180327868853 0.5824898785425101 0.5512295081967213 0.5870445344129555 0.5594262295081968 0.5941295546558705 0.5655737704918032 0.6002024291497976 0.5655737704918032 0.6118421052631579 0.5522540983606558 0.6133603238866396 0.5327868852459017 0.6077935222672065 0.4293032786885246 0.603744939271255 0.4047131147540984 0.5991902834008097 0.3975409836065574 0.5951417004048583 0.3975409836065574 0.5895748987854251 0.4098360655737705 0.5855263157894737 0.45389344262295084 0.5865384615384616 0.48770491803278687
0 0.5723684210526315 0.6280737704918032 0.5723684210526315 0.6434426229508197 0.5824898785425101 0.6956967213114754 0.5855263157894737 0.7274590163934426 0.5931174089068826 0.7551229508196722 0.5996963562753036 0.7602459016393442 0.6032388663967612 0.7397540983606558 0.5991902834008097 0.7008196721311475 0.5981781376518218 0.6229508196721312 0.5941295546558705 0.6157786885245902 0.582995951417004 0.6127049180327869 0.576417004048583 0.6188524590163934
0 0.6007085020242915 0.6219262295081968 0.6002024291497976 0.6352459016393442 0.6108299595141701 0.7038934426229508 0.6260121457489879 0.7551229508196722 0.6330971659919028 0.7663934426229508 0.6381578947368421 0.7674180327868853 0.6406882591093117 0.7520491803278688 0.6401821862348178 0.7377049180327869 0.6300607287449392 0.6670081967213115 0.6310728744939271 0.6383196721311475 0.6280364372469636 0.6137295081967213 0.6199392712550608 0.5973360655737705 0.6138663967611336 0.5911885245901639 0.6093117408906883 0.5952868852459017
0 0.6174089068825911 0.46209016393442626 0.6169028340080972 0.5061475409836066 0.6143724696356275 0.5184426229508197 0.6138663967611336 0.5409836065573771 0.6174089068825911 0.5584016393442623 0.6265182186234818 0.5758196721311475 0.6305668016194332 0.576844262295082 0.6406882591093117 0.5584016393442623 0.6437246963562753 0.5450819672131147 0.6401821862348178 0.4655368852459016 0.6396761133603239 0.39549180327868855 0.6371457489878543 0.3760245901639344 0.6305668016194332 0.3729508196721312 0.6265182186234818 0.38422131147540983
0 0.6295546558704453 0.6127049180327869 0.6290485829959515 0.6301229508196722 0.6325910931174089 0.6424180327868853 0.6700404858299596 0.7284836065573771 0.6811740890688259 0.7366803278688525 0.6816801619433198 0.7202868852459017 0.6745951417004049 0.6885245901639344 0.6659919028340081 0.6659836065573771 0.6553643724696356 0.6024590163934426 0.6503036437246964 0.5942622950819673 0.6361336032388664 0.5932377049180327 0.6330971659919028 0.5963114754098361
0 0.6568825910931174 0.5881147540983607 0.6543522267206477 0.5952868852459017 0.6568825910931174 0.617827868852459 0.6715587044534413 0.6383196721311475 0.6912955465587044 0.6926229508196722 0.7054655870445344 0.7110655737704918 0.7125506072874493 0.6844262295081968 0.7039473684210527 0.6465163934426229 0.6978744939271255 0.639344262295082 0.6968623481781376 0.6209016393442623 0.673582995951417 0.5706967213114754 0.6614372469635628 0.5788934426229508
0 0.6538365384615384 0.5589006147540984 0.6418415991902834 0.5376946721311475 0.637247975708502 0.5180399590163934 0.643372975708502 0.49217930327868853 0.6484772267206478 0.4642489754098361 0.6507742914979757 0.4285614754098361 0.6586852226720648 0.3923555327868853 0.6625136639676114 0.3773565573770492 0.6683830971659919 0.414078893442623 0.6653208502024291 0.4564907786885246 0.6676179149797571 0.5045922131147541 0.6747636639676113 0.5289016393442623 0.6747636639676113 0.545452868852459 0.6699144736842105 0.5537284836065574 0.6620030364372469 0.5625215163934426
0 0.6761133603238867 0.4067622950819672 0.6720647773279352 0.5133196721311475 0.6771255060728745 0.5399590163934426 0.687246963562753 0.5450819672131147 0.6933198380566802 0.5409836065573771 0.701417004048583 0.5204918032786885 0.6933198380566802 0.4682377049180328 0.6892712550607287 0.42315573770491804 0.6867408906882592 0.41905737704918034 0.687753036437247 0.4067622950819672 0.6857287449392713 0.39036885245901637 0.6776315789473685 0.39036885245901637
0 0.7307692307692307 0.3452868852459016 0.7241902834008097 0.36885245901639346 0.728744939271255 0.4108606557377049 0.7317813765182186 0.4180327868852459 0.7348178137651822 0.4610655737704918 0.742914979757085 0.4805327868852459 0.7520242914979757 0.48975409836065575 0.763663967611336 0.48668032786885246 0.7682186234817814 0.47848360655737704 0.7697368421052632 0.4682377049180328 0.7788461538461539 0.4569672131147541 0.7793522267206477 0.4405737704918033 0.7732793522267206 0.42213114754098363 0.7631578947368421 0.4057377049180328 0.743421052631579 0.3422131147540984
0 0.7459514170040485 0.32172131147540983 0.7459514170040485 0.3391393442622951 0.7656882591093117 0.4077868852459016 0.7788461538461539 0.42008196721311475 0.7869433198380567 0.41290983606557374 0.7975708502024291 0.38114754098360654 0.798582995951417 0.36475409836065575 0.7950404858299596 0.3473360655737705 0.7909919028340081 0.3401639344262295 0.7788461538461539 0.33094262295081966 0.757085020242915 0.29405737704918034 0.7510121457489879 0.29713114754098363
0 0.701216093117409 0.5089395491803279 0.6999397773279352 0.4768719262295082 0.7042783400809717 0.44325204918032785 0.7019812753036437 0.41894262295081963 0.7004504048582996 0.3863575819672131 0.704788967611336 0.35377254098360655 0.711169028340081 0.3449805327868853 0.7208669028340081 0.35791086065573774 0.727502024291498 0.3930819672131148 0.7320961538461539 0.43807991803278684 0.7400070850202428 0.47014754098360656 0.7433248987854251 0.4861813524590164 0.729799089068826 0.4996290983606557 0.7132105263157895 0.5172151639344262 0.7035126518218624 0.5177315573770491
0 0.7183147773279352 0.6832428278688525 0.7014711538461539 0.6387612704918033 0.6884554655870445 0.6092797131147542 0.6767160931174089 0.5839364754098361 0.6713567813765183 0.5673852459016394 0.6815647773279352 0.5472141393442623 0.6943254048582996 0.5399723360655738 0.702746963562753 0.5332489754098361 0.7147419028340081 0.5254907786885246 0.7241842105263158 0.5420409836065574 0.7252054655870446 0.5658340163934427 0.7326062753036438 0.5973842213114754 0.7415384615384615 0.6191075819672132 0.7451113360323887 0.6320379098360656 0.7435799595141701 0.6491065573770493 0.729799089068826 0.6651403688524591