0 0.3324898785425101 0.5081967213114754 0.3324898785425101 0.5297131147540983 0.3375506072874494 0.5420081967213115 0.3517206477732793 0.5522540983606558 0.36133603238866396 0.5522540983606558 0.3658906882591093 0.5450819672131147 0.36791497975708504 0.5102459016393442 0.3638663967611336 0.46209016393442626 0.35779352226720645 0.4364754098360656 0.3451417004048583 0.4364754098360656 0.3415991902834008 0.44672131147540983
0 0.2854251012145749 0.6147540983606558 0.284919028340081 0.6454918032786885 0.2889676113360324 0.6629098360655737 0.29453441295546556 0.6752049180327869 0.3066801619433198 0.6772540983606558 0.326417004048583 0.6383196721311475 0.34210526315789475 0.5973360655737705 0.34463562753036436 0.5840163934426229 0.3436234817813765 0.5676229508196722 0.340080971659919 0.5563524590163934 0.32186234817813764 0.5348360655737705 0.305668016194332 0.5348360655737705 0.3006072874493927 0.5450819672131147
0 0.32186234817813764 0.7038934426229508 0.3188259109311741 0.7274590163934426 0.33451417004048584 0.7479508196721312 0.3618421052631579 0.6936475409836066 0.3866396761133603 0.6188524590163934 0.3881578947368421 0.5932377049180327 0.36082995951417 0.5778688524590164 0.347165991902834 0.5788934426229508
0 0.3876518218623482 0.36475409836065575 0.3658906882591093 0.548155737704918 0.3729757085020243 0.5747950819672131 0.3932186234817814 0.5758196721311475 0.40789473684210525 0.5604508196721312 0.40384615384615385 0.3831967213114754 0.3967611336032389 0.35348360655737704 0.3932186234817814 0.34938524590163933
0 0.4073886639676113 0.39549180327868855 0.4023279352226721 0.4385245901639344 0.402036943319838 0.5676116803278689 0.4089944331983806 0.5800532786885245 0.4311740890688259 0.5686475409836066 0.4342105263157895 0.5573770491803278 0.4342105263157895 0.5368852459016393 0.42105263157894735 0.4036885245901639 0.4159919028340081 0.3862704918032787
0 0.4251012145748988 0.625 0.4225708502024291 0.7479508196721312 0.423582995951417 0.757172131147541 0.4331983805668016 0.7633196721311475 0.4402834008097166 0.7397540983606558 0.45799595141700405 0.6260245901639344 0.4509109311740891 0.6014344262295082 0.4311740890688259 0.6065573770491803 0.4271255060728745 0.6116803278688525
0 0.42685273279352226 0.5674569672131147 0.4311654858299595 0.5045215163934427 0.434040991902834 0.42818340163934426 0.4346158906882591 0.39904713114754103 0.451293016194332 0.44916188524590167 0.4570435222672065 0.5220040983606558 0.4587687246963563 0.5558022540983606 0.44784261133603237 0.5919323770491803 0.43375354251012144 0.5930973360655738
0 0.4525971659919028 0.7502766393442623 0.44914676113360325 0.6826793032786885 0.44857186234817814 0.6448022540983607 0.44972165991902835 0.6343125000000001 0.4586351214574899 0.6185788934426228 0.47157439271255064 0.628485655737705 0.4793375506072875 0.642470286885246 0.4747373481781377 0.6686936475409836 0.46984919028340083 0.7042407786885246 0.4669736842105263 0.7409528688524589 0.4606482793522267 0.7648452868852459 0.4551847165991903 0.7625143442622951
0 0.4586163967611336 0.42215573770491804 0.4617793522267207 0.4926670081967213 0.45890384615384616 0.5375379098360655 0.4540156882591093 0.5742499999999999 0.45717864372469635 0.6063002049180328 0.47098026315789476 0.6156239754098362 0.4856442307692308 0.6022213114754099 0.4853567813765182 0.5719190573770492 0.481044028340081 0.5346239754098361 0.47931882591093117 0.4827602459016393 0.47558046558704453 0.44837909836065576 0.46925506072874495 0.4233217213114754 0.4629291497975709 0.40817008196721316 0.4586163967611336 0.4233217213114754
0 0.48967004048582996 0.4664436475409836 0.483919028340081 0.5346239754098361 0.48248127530364376 0.5818258196721311 0.48334412955465583 0.6144579918032786 0.5028962550607288 0.6144579918032786 0.5051963562753037 0.5777459016393443 0.5017459514170041 0.5253002049180328 0.49944585020242915 0.4681915983606557 0.49657034412955464 0.4373073770491803 0.49168269230769235 0.4314795081967213
0 0.5153269230769231 0.4550215163934426 0.5054843117408907 0.5497745901639345 0.5049089068825912 0.6179549180327869 0.527049089068826 0.6185379098360656 0.5371128542510122 0.6115450819672131 0.5293491902834008 0.5637602459016393 0.5227358299595142 0.48042930327868855 0.518997975708502 0.44546516393442626 0.5149726720647774 0.46003381147540984
0 0.48073380566801616 0.6449395491803279 0.47113714574898785 0.6914456967213115 0.4708911943319838 0.7566997950819672 0.48121406882591095 0.781108606557377 0.5013684210526316 0.7666629098360656 0.5021057692307692 0.7034006147540983 0.5013684210526316 0.6625543032786886 0.49473228744939274 0.640139344262295 0.48711285425101214 0.6391424180327869
0 0.502707995951417 0.6387786885245902 0.5065298582995952 0.7263145491803279 0.5126745951417003 0.776625 0.5286503036437247 0.7741342213114754 0.527912955465587 0.7213329918032787 0.5207854251012145 0.6610604508196721 0.5114458502024292 0.6391424180327869
0 0.5206093117408906 0.6424692622950819 0.5272454453441295 0.7201772540983606 0.5346189271255061 0.7605256147540984 0.5449418016194333 0.7665030737704918 0.5419924089068826 0.6892930327868853 0.5424838056680162 0.6499415983606557 0.5407636639676113 0.6394805327868853
0 0.5391391700404858 0.46130020491803275 0.5359438259109313 0.5594303278688525 0.5337317813765182 0.6027674180327869 0.5352064777327935 0.6132274590163934 0.5629802631578947 0.6132274590163934 0.564209008097166 0.5873247950819672 0.5583102226720648 0.5400030737704918 0.5558522267206478 0.4732551229508197 0.5514281376518219 0.4334047131147541 0.5433173076923077 0.44535963114754096 0.540121963562753 0.466280737704918
0 0.5647004048582995 0.5833401639344262 0.5656837044534413 0.5295430327868852 0.5637176113360324 0.48072643442622953 0.5661751012145748 0.44436372950819675 0.568879048582996 0.4264313524590164 0.5799392712550607 0.48471209016393446 0.5853466599190283 0.5564415983606558 0.5878041497975708 0.5928043032786885 0.5811680161943319 0.6122315573770492 0.5691244939271255 0.6102387295081967 0.5656837044534413 0.6002766393442623
0 0.5440273279352227 0.7380450819672131 0.543044028340081 0.6703002049180328 0.5440273279352227 0.6429026639344262 0.5486973684210527 0.6349334016393443 0.5499261133603239 0.6533637295081968 0.5565622469635628 0.6588432377049179 0.5617236842105262 0.6678094262295082 0.5582828947368421 0.7480071721311475 0.5469767206477733 0.7495020491803279
0 0.5638987854251012 0.7407622950819672 0.5613992914979757 0.6861178278688524 0.5569752024291499 0.6432786885245902 0.5616452429149797 0.6323206967213114 0.5810622469635628 0.6323206967213114 0.5776214574898786 0.6691813524590163 0.5771295546558703 0.7209866803278688 0.5808162955465587 0.7558555327868853 0.5793415991902834 0.7668135245901639 0.5722140688259109 0.7603381147540984 0.5660693319838057 0.7434016393442623
0 0.5936487854251012 0.5956588114754099 0.6120308704453441 0.5884856557377048 0.6127682186234817 0.530702868852459 0.6110480769230769 0.46893545081967214 0.604165991902834 0.4156362704918033 0.597283906882591 0.3892356557377049 0.5852403846153846 0.4609651639344262 0.5864696356275304 0.5227325819672132 0.5862236842105263 0.5571034836065574 0.5901563765182186 0.5904774590163935 0.5935971659919029 0.5989456967213115
0 0.6076067813765182 0.5232305327868852 0.6056406882591093 0.5466424180327869 0.6083441295546559 0.5730430327868852 0.6120308704453441 0.5835040983606558 0.6191589068825911 0.5800174180327868 0.6309564777327935 0.5869907786885246 0.6393132591093117 0.5899795081967214 0.6452120445344129 0.5740399590163935 0.6402960526315788 0.5326956967213115 0.6388213562753036 0.4878637295081967 0.630219129554656 0.43406659836065575 0.6240743927125506 0.3932202868852459 0.614242914979757 0.40218647540983604 0.606132085020243 0.4495081967213115 0.6051492914979758 0.49184938524590166 0.6066239878542511 0.5162571721311475 0.6071153846153846 0.5242274590163934
0 0.6030688259109311 0.7854354508196721 0.5897965587044535 0.7455850409836066 0.5883218623481781 0.7186864754098361 0.5868471659919028 0.6902930327868853 0.5807024291497976 0.6623985655737704 0.5802105263157895 0.6494467213114754 0.5829144736842105 0.6345030737704918 0.5888132591093117 0.6260348360655738 0.5993820850202428 0.6255368852459017 0.6023314777327936 0.627031762295082 0.6055263157894737 0.6529344262295083 0.611917004048583 0.6907920081967213 0.614129048582996 0.7176905737704918 0.6156037449392713 0.7480758196721311 0.6168324898785426 0.7819487704918033 0.6153577935222672 0.7944016393442623 0.6087216599190284 0.7963944672131147
0 0.6384615384615384 0.7859334016393443 0.624451923076923 0.7575399590163935 0.6163410931174089 0.7306413934426229 0.6148663967611336 0.7012520491803279 0.6151123481781376 0.6813268442622951 0.6067555668016195 0.6658852459016393 0.6018395748987854 0.6534323770491803 0.6077383603238867 0.6384887295081967 0.6126543522267207 0.6295225409836065 0.6160951417004048 0.6225481557377048 0.6249433198380566 0.6195594262295082 0.6318254048582996 0.6235450819672131 0.633792004048583 0.639484631147541 0.6345293522267206 0.680828893442623 0.6396907894736842 0.7540532786885246 0.6396907894736842 0.7675030737704918 0.6389534412955465 0.7909149590163934
0 0.6662717611336033 0.7685163934426229 0.6484944331983805 0.695639344262295 0.6379893724696356 0.6694364754098361 0.6276867408906882 0.6493749999999999 0.6262727732793523 0.6203063524590163 0.6313228744939271 0.6100706967213114 0.6369792510121458 0.6080235655737706 0.6408178137651822 0.5977879098360656 0.6505146761133603 0.5969692622950821 0.6604134615384616 0.6067950819672131 0.6634438259109311 0.6317694672131148 0.6753628542510122 0.7136536885245901 0.6792009109311742 0.7595092213114754 0.6761705465587045 0.7799805327868852
0 0.698004048582996 0.7410563524590164 0.677161943319838 0.6784590163934426 0.6706973684210527 0.6387448770491803 0.663627024291498 0.6190932377049181 0.6543340080971659 0.6027161885245902 0.65292004048583 0.5761034836065574 0.6567586032388665 0.5699620901639344 0.6642332995951418 0.5732377049180328 0.6700915991902835 0.5703719262295082 0.6803942307692308 0.564640368852459 0.6900910931174089 0.5662776639344262 0.6961518218623481 0.5724190573770492 0.7028183198380566 0.5716004098360655 0.7014043522267206 0.5986219262295082 0.7050404858299596 0.6317848360655737 0.7100910931174089 0.667404713114754 0.7177677125506072 0.701796106557377 0.7205956477732793 0.7226772540983606 0.7175652834008097 0.7341403688524589 0.7018081983805667 0.7386444672131148
0 0.7455192307692308 0.7061772540983607 0.7267434210526316 0.6454088114754098 0.709168016194332 0.5991434426229508 0.6968451417004048 0.5762161885245901 0.6954306680161944 0.5496034836065574 0.7045217611336032 0.5434620901639344 0.7132085020242914 0.546327868852459 0.722501012145749 0.5405963114754098 0.7289655870445344 0.5356834016393442 0.7422985829959514 0.5332264344262295 0.745328947368421 0.5451004098360656 0.7459352226720648 0.5897274590163935 0.754621963562753 0.6511403688524591 0.7604802631578947 0.6957674180327869 0.7560359311740891 0.7051844262295082
0 0.6365951417004049 0.5081526639344263 0.6351462550607287 0.5387018442622951 0.6401968623481782 0.5595819672131148 0.6496918016194332 0.5657233606557377 0.6624185222672065 0.5681803278688524 0.6702975708502025 0.561219262295082 0.674741902834008 0.5337889344262294 0.6658532388663968 0.5170020491803279 0.6642368421052631 0.4895706967213115 0.663832995951417 0.4572264344262295 0.6589843117408907 0.4265194672131148 0.653126012145749 0.3908995901639344 0.6444392712550607 0.38967213114754096 0.6393886639676113 0.4203780737704918 0.6393886639676113 0.4715563524590164 0.6359544534412955 0.4948934426229508 0.6367626518218623 0.5071762295081967
0 0.6672672064777327 0.49079918032786884 0.6658532388663968 0.520686475409836 0.6692874493927126 0.5452520491803279 0.6810040485829959 0.5558975409836066 0.6955495951417003 0.5489375000000001 0.7070642712550608 0.5415676229508197 0.7096907894736841 0.5272377049180327 0.7044382591093118 0.4998063524590164 0.7020141700404858 0.472375 0.6937312753036438 0.4584549180327869 0.6900951417004049 0.437983606557377 0.6854483805668016 0.40072643442622946 0.6818122469635627 0.3765706967213115 0.6731255060728745 0.36592520491803276 0.6656508097165992 0.3806649590163934 0.6622165991902834 0.4052295081967213 0.6640349190283401 0.4404405737704918 0.6670652834008097 0.4707377049180328
0 0.7062565789473685 0.3913094262295082 0.7064585020242915 0.4637776639344262 0.7062565789473685 0.4961219262295082 0.7111047570850203 0.5202776639344262 0.715952935222672 0.5243719262295081 0.7228218623481781 0.5247807377049181 0.729084008097166 0.5104518442622951 0.7361548582995951 0.5022633196721311 0.7432252024291498 0.48588627049180333 0.7367606275303643 0.4600922131147541 0.7274681174089069 0.43266086065573767 0.7260541497975709 0.3962223360655738 0.7208016194331984 0.37001946721311474 0.7094883603238866 0.37001946721311474 0.7062565789473685 0.38926229508196725