0 0.2594594594594595 0.42905405405405406 0.2594594594594595 0.44054054054054054 0.27135135135135136 0.46959459459459457 0.27855855855855854 0.47364864864864864 0.2864864864864865 0.48243243243243245 0.29693693693693696 0.47905405405405405 0.3030630630630631 0.45472972972972975 0.30666666666666664 0.4195945945945946 0.3091891891891892 0.372972972972973 0.3081081081081081 0.34797297297297297 0.30342342342342343 0.33513513513513515 0.2983783783783784 0.3331081081081081 0.2825225225225225 0.35743243243243245
0 0.24 0.5932432432432433 0.24 0.6067567567567568 0.24432432432432433 0.6175675675675676 0.25117117117117116 0.6256756756756757 0.2673873873873874 0.6317567567567568 0.28 0.6270270270270271 0.28612612612612615 0.6074324324324324 0.3045045045045045 0.577027027027027 0.31675675675675674 0.5486486486486486 0.3153153153153153 0.5202702702702703 0.3045045045045045 0.5168918918918919 0.29477477477477476 0.497972972972973 0.28468468468468466 0.4918918918918919 0.2825225225225225 0.48783783783783785 0.2756756756756757 0.48986486486486486 0.2623423423423423 0.5209459459459459 0.2590990990990991 0.5310810810810811 0.2583783783783784 0.5391891891891892 0.24792792792792792 0.5641891891891891 0.24576576576576575 0.5743243243243243 0.24396396396396397 0.5756756756756757
0 0.3106306306306306 0.4 0.2965765765765766 0.47702702702702704 0.298018018018018 0.49324324324324326 0.3027027027027027 0.5067567567567568 0.3089189189189189 0.5067567567567568 0.3181981981981982 0.5182432432432432 0.3286486486486486 0.5182432432432432 0.3318918918918919 0.5135135135135135 0.3365765765765766 0.4972972972972973 0.33945945945945943 0.4797297297297297 0.3387387387387387 0.45 0.3362162162162162 0.4304054054054054 0.33693693693693694 0.40405405405405403 0.3354954954954955 0.4 0.3354954954954955 0.3878378378378378 0.32972972972972975 0.36486486486486486 0.3261261261261261 0.3601351351351351 0.3210810810810811 0.3635135135135135 0.31675675675675674 0.37432432432432433 0.31351351351351353 0.3932432432432432
0 0.3311711711711712 0.5195945945945946 0.3318918918918919 0.5445945945945946 0.33585585585585587 0.5533783783783783 0.33945945945945943 0.5547297297297298 0.34378378378378377 0.5608108108108109 0.3455855855855856 0.5682432432432433 0.3574774774774775 0.572972972972973 0.3636036036036036 0.5695945945945946 0.36972972972972973 0.5621621621621622 0.37405405405405406 0.552027027027027 0.37513513513513513 0.5378378378378378 0.37513513513513513 0.4921168918918919 0.3772972972972973 0.452027027027027 0.37585585585585585 0.4391891891891892 0.36396396396396397 0.4263513513513513 0.3574774774774775 0.425 0.3491891891891892 0.4466216216216216
0 0.27162954954954954 0.6454209459459459 0.2920021621621622 0.6010378378378378 0.3054627027027027 0.5826013513513514 0.31292072072072075 0.5662135135135135 0.32146990990990987 0.548118918918919 0.3278363963963964 0.539925 0.33511243243243244 0.539925 0.3422064864864865 0.541972972972973 0.34657189189189186 0.5576783783783784 0.3496645045045045 0.5696277027027027 0.3600327927927928 0.5822601351351352 0.36221549549549553 0.5839668918918919 0.36330666666666667 0.6000135135135135 0.3525747747747748 0.6140114864864865 0.3423884684684685 0.6232297297297297 0.3260172972972973 0.6443972972972972 0.31292072072072075 0.6597608108108108 0.3020068468468468 0.665222972972973 0.2940032432432433 0.6659060810810811 0.28763675675675676 0.6604432432432432 0.2845445045045045 0.6512249999999999 0.2814518918918919 0.6488351351351351 0.27544936936936937 0.6481527027027026
0 0.391305945945946 0.4174743243243243 0.3923974774774775 0.4717587837837838 0.3945801801801802 0.5018033783783784 0.39676324324324325 0.5154594594594595 0.39894594594594596 0.536627027027027 0.39621729729729727 0.5560878378378379 0.3880320720720721 0.5711101351351352 0.38221117117117115 0.5741824324324324 0.3727524324324324 0.567354054054054 0.37038774774774774 0.559502027027027 0.3696601801801802 0.536968918918919 0.37020576576576575 0.5267263513513513 0.3718428828828829 0.5117040540540541 0.37166090090090087 0.4980472972972973 0.373116036036036 0.4820013513513513 0.3763902702702703 0.4625405405405405 0.3778454054054054 0.4499081081081081 0.380756036036036 0.4277168918918919 0.38657657657657657 0.4154256756756757 0.39185189189189185 0.4147432432432433
0 0.36720720720720723 0.5986486486486486 0.3661261261261261 0.6121621621621621 0.36864864864864866 0.6297297297297297 0.36792792792792794 0.7141891891891892 0.369009009009009 0.725 0.372972972972973 0.7283783783783784 0.38054054054054054 0.725 0.38846846846846844 0.7 0.39135135135135135 0.65 0.4003603603603604 0.6074324324324324 0.40072072072072074 0.5993243243243244 0.3971171171171171 0.5912162162162162 0.38522522522522523 0.5837837837837838 0.37261261261261264 0.5905405405405405
0 0.41831315315315315 0.4272581081081081 0.42358810810810815 0.4607162162162162 0.4259527927927928 0.49724729729729733 0.4252252252252252 0.5307060810810811 0.4252252252252252 0.5542635135135134 0.42104144144144146 0.5682614864864866 0.41267423423423427 0.5795277027027027 0.4053981981981982 0.5839662162162162 0.39684900900900905 0.5754310810810811 0.39430234234234235 0.5631398648648649 0.3944843243243243 0.5522148648648649 0.39794018018018024 0.5266087837837837 0.3992136936936937 0.5061243243243243 0.4003048648648649 0.480177027027027 0.4028515315315315 0.45149797297297295 0.40576216216216215 0.4275993243243243 0.409218018018018 0.41087027027027023 0.4137654054054054 0.40540743243243244 0.41922270270270273 0.421454054054054
0 0.40080612612612615 0.7480040540540541 0.39716792792792793 0.7060101351351351 0.39698630630630627 0.6735763513513514 0.39716792792792793 0.6428493243243243 0.39625873873873874 0.6172432432432432 0.39789585585585585 0.5988067567567568 0.404443963963964 0.590954054054054 0.4109924324324324 0.5916371621621622 0.41826846846846844 0.6001722972972973 0.42645405405405407 0.6035864864864865 0.4284547747747748 0.602904054054054 0.4302738738738739 0.6134878378378378 0.4249985585585586 0.6390932432432432 0.42263387387387386 0.6711864864864865 0.419178018018018 0.7032790540540541 0.41172 0.7326405405405405 0.4079001801801802 0.7432243243243243 0.40262522522522526 0.7544912162162162
0 0.42521657657657663 0.4361837837837838 0.42448900900900904 0.4730567567567568 0.41957765765765764 0.5153918918918918 0.41957765765765764 0.5536297297297297 0.41994162162162163 0.5846986486486486 0.4288544144144144 0.6004033783783783 0.43631243243243245 0.5997209459459459 0.4450436036036036 0.5737729729729729 0.4457711711711712 0.5481675675675676 0.4426789189189189 0.4932 0.4412237837837838 0.44710945945945946 0.44195135135135133 0.41262635135135134 0.4375855855855856 0.3873621621621622 0.4319466666666667 0.3825824324324324 0.43030990990990986 0.39282432432432435 0.42849081081081075 0.3996527027027027
0 0.4606018018018018 0.42374189189189193 0.46642270270270275 0.5032912162162162 0.4702425225225225 0.5521135135135136 0.4718796396396396 0.6036668918918919 0.45005153153153155 0.5985452702702703 0.4451405405405406 0.5828405405405406 0.44532216216216214 0.5562101351351352 0.44877837837837836 0.5207033783783783 0.44914198198198196 0.47188108108108107 0.44968792792792794 0.4326189189189189 0.4553268468468468 0.4169141891891892 0.4609657657657658 0.42476621621621624
0 0.4464814414414415 0.6116972972972973 0.45030126126126124 0.6506182432432432 0.4473906306306306 0.717877027027027 0.43756828828828825 0.7663574324324325 0.43083783783783786 0.7868418918918919 0.42410774774774773 0.7868418918918919 0.42010594594594597 0.7711371621621621 0.4175592792792793 0.7366547297297298 0.4191963963963964 0.6997817567567567 0.42156108108108115 0.6711033783783783 0.4253809009009009 0.639352027027027 0.4284731531531531 0.6171601351351351 0.43356648648648644 0.5983824324324324 0.43847783783783784 0.5946270270270271 0.4430252252252252 0.6052108108108109
0 0.47112108108108114 0.7868412162162163 0.4643574774774775 0.7584763513513514 0.46417549549549547 0.7147749999999999 0.46544900900900904 0.6806337837837838 0.4659945945945946 0.6615148648648649 0.4659945945945946 0.6396641891891892 0.4685412612612613 0.6263493243243243 0.47418018018018016 0.6225939189189189 0.4814562162162162 0.625325 0.48509405405405404 0.6294222972972973 0.4856396396396397 0.6468344594594595 0.4827293693693694 0.673122972972973 0.4796371171171171 0.7140925675675676 0.477818018018018 0.7431121621621621 0.47690846846846846 0.7659871621621622 0.47672648648648647 0.7820337837837839
0 0.48888504504504504 0.42561959459459464 0.48857873873873875 0.4714513513513514 0.49057945945945947 0.5120797297297297 0.4909434234234234 0.5554391891891891 0.49258054054054057 0.5820689189189189 0.49076144144144146 0.5981155405405405 0.48675963963963964 0.6056263513513513 0.47748288288288293 0.6052851351351352 0.471661981981982 0.6042608108108108 0.4694792792792793 0.6011885135135135 0.46620504504504506 0.5848006756756756 0.4652954954954955 0.5677297297297297 0.4674781981981982 0.5387094594594595 0.471661981981982 0.5137864864864865 0.47184396396396394 0.4632574324324324 0.47293513513513513 0.4342371621621622 0.47966558558558553 0.40828986486486485
0 0.49013585585585584 0.6381304054054054 0.4974742342342342 0.6400398648648649 0.5007484684684684 0.6554033783783784 0.5020216216216216 0.6980797297297296 0.5014760360360361 0.7451952702702702 0.5002025225225225 0.772508108108108 0.4932904504504505 0.7895783783783784 0.4898342342342342 0.7769466216216216 0.48910666666666663 0.7465608108108108 0.4885610810810811 0.7151506756756757 0.4847412612612612 0.6902277027027027 0.48237657657657657 0.6625729729729729 0.4825581981981982 0.640722972972973
0 0.511903063063063 0.4096689189189189 0.5171888288288289 0.49996824324324324 0.5190079279279279 0.5405966216216216 0.5193715315315316 0.5740547297297297 0.5193715315315316 0.5976121621621622 0.5150061261261262 0.6044405405405405 0.5070025225225225 0.606147972972973 0.49918090090090095 0.6037581081081081 0.4949971171171171 0.5931743243243244 0.49263243243243243 0.5784932432432432 0.49481513513513514 0.5351337837837838 0.4999084684684685 0.48289797297297293 0.5026371171171171 0.4292959459459459 0.5039102702702704 0.40368986486486486
0 0.5124421621621622 0.7755236486486488 0.5064392792792792 0.7331885135135134 0.5040745945945946 0.6976810810810811 0.5042565765765765 0.6690027027027027 0.503710990990991 0.6461283783783783 0.503165045045045 0.6355445945945946 0.5129877477477477 0.6399824324324325 0.5178990990990991 0.644420945945946 0.5193542342342342 0.6771966216216216 0.5208093693693694 0.719872972972973 0.5204454054054054 0.7645979729729729 0.52281009009009 0.790204054054054
0 0.5399109909909909 0.772052027027027 0.5390014414414415 0.7071831081081081 0.5384554954954954 0.6522162162162162 0.5375463063063063 0.6317310810810811 0.5304522522522523 0.6225128378378378 0.5202655855855857 0.623195945945946 0.5188104504504505 0.6382182432432433 0.519538018018018 0.6675797297297298 0.5229942342342342 0.701379054054054 0.5257228828828829 0.7348378378378378 0.5269960360360361 0.766247972972973 0.5311798198198198 0.7812695945945946 0.5370003603603604 0.7826358108108108
0 0.5305581981981982 0.4145891891891892 0.5332868468468469 0.48355405405405405 0.5367427027027027 0.5378391891891892 0.5423816216216216 0.5808567567567567 0.5380162162162162 0.5921236486486486 0.5272839639639639 0.5938304054054054 0.5229185585585585 0.5904162162162162 0.5212814414414415 0.5665175675675675 0.521827027027027 0.528620945945946 0.521463063063063 0.4804817567567568 0.5203718918918918 0.4466817567567568 0.5187347747747748 0.4190277027027027 0.5252832432432433 0.4067364864864865 0.5312857657657658 0.4152716216216216
0 0.547430990990991 0.4124837837837838 0.543145945945946 0.4709797297297297 0.543327927927928 0.5286783783783784 0.5436915315315315 0.5631608108108108 0.5469657657657657 0.58945 0.5582436036036036 0.5983263513513514 0.5669747747747748 0.5788662162162163 0.5671567567567567 0.5532601351351352 0.5622454054054054 0.4856601351351352 0.5609718918918919 0.43888716216216217 0.5611538738738738 0.41157364864864865 0.5598807207207207 0.3945033783783784 0.5524227027027027 0.3917722972972973 0.5480572972972972 0.3999655405405405
0 0.5588183783783783 0.5961385135135135 0.5509967567567567 0.6248168918918919 0.5511787387387387 0.6569094594594594 0.5546345945945946 0.7012932432432433 0.5630021621621621 0.7518222972972972 0.5731884684684685 0.7825493243243243 0.5782818018018018 0.796206081081081 0.5828291891891892 0.7719655405405406 0.5835567567567567 0.7320202702702704 0.5833747747747747 0.6968547297297297 0.5788273873873874 0.6548614864864866 0.57428 0.6237925675675675 0.5684590990990991 0.6009182432432433 0.5624562162162162 0.5971621621621621
0 0.566821981981982 0.39507364864864863 0.5617286486486487 0.4565283783783784 0.5584544144144145 0.500229054054054 0.5582727927927928 0.5418810810810811 0.5630021621621621 0.5668040540540541 0.5746436036036036 0.5801195945945946 0.5839203603603603 0.5814851351351351 0.5899232432432433 0.5647560810810811 0.5882861261261261 0.5388087837837838 0.5846479279279279 0.497497972972973 0.5821016216216217 0.44765135135135137 0.5813740540540541 0.41419324324324325 0.5782818018018018 0.39575675675675676 0.5724609009009008 0.3926837837837838
0 0.606727927927928 0.7441513513513514 0.6003261261261261 0.6440817567567567 0.5979614414414415 0.600381081081081 0.5903214414414415 0.5802378378378378 0.5808627027027027 0.5857 0.5779524324324324 0.5966256756756757 0.5704944144144144 0.59765 0.566129009009009 0.6044777027027026 0.565947027027027 0.6184756756756757 0.5721315315315315 0.645106081081081 0.5795895495495496 0.6826614864864865 0.5877751351351351 0.7219236486486486 0.5952327927927927 0.7533337837837838 0.6003261261261261 0.7625520270270271 0.6050554954954955 0.7570891891891892
0 0.6224900900900902 0.7244486486486487 0.6113034234234234 0.6684493243243242 0.6069380180180179 0.6370391891891892 0.6011171171171171 0.6168959459459459 0.5940230630630631 0.606654054054054 0.5907488288288288 0.5902662162162162 0.5916583783783784 0.5813891891891892 0.5969333333333333 0.5783162162162162 0.6012990990990991 0.569781081081081 0.6080291891891891 0.5694398648648649 0.6136681081081081 0.5725121621621622 0.6205805405405406 0.5731952702702703 0.6245823423423423 0.5854864864864865 0.6244003603603604 0.6080195945945946 0.6265830630630631 0.6431851351351351 0.6296753153153153 0.6848371621621622 0.6327675675675676 0.7114675675675676 0.6358598198198198 0.7322932432432433 0.6247639639639639 0.7302452702702702
0 0.5851798198198198 0.4001871621621622 0.5831787387387387 0.49066148648648644 0.5857254054054054 0.527875 0.5960936936936937 0.5592851351351351 0.6055524324324324 0.562358108108108 0.6124645045045045 0.5521155405405406 0.6166482882882883 0.5357277027027026 0.6113733333333333 0.5097804054054054 0.6048248648648649 0.4855398648648649 0.6015506306306306 0.45788581081081087 0.6008230630630631 0.422379054054054 0.5997315315315316 0.39506554054054055 0.5926374774774774 0.38516486486486484 0.5884536936936937 0.39506554054054055
0 0.7021135135135135 0.6603128378378379 0.681194954954955 0.6292439189189188 0.6648241441441441 0.6056864864864865 0.6473618018018018 0.5817878378378378 0.6400857657657658 0.5643756756756756 0.6388126126126126 0.5442324324324325 0.6451790990990991 0.5384283783783784 0.6528187387387387 0.5421837837837838 0.6564565765765765 0.529552027027027 0.661367927927928 0.5176020270270271 0.6695535135135136 0.511797972972973 0.6817405405405406 0.5141878378378378 0.6904720720720721 0.545597972972973 0.7022954954954954 0.5834945945945946 0.715756036036036 0.6135391891891891 0.7206670270270271 0.633 0.7097531531531531 0.6487047297297297 0.7024771171171171 0.6613371621621622
0 0.6132681081081081 0.3773175675675675 0.6261827027027027 0.425797972972973 0.636550990990991 0.4636945945945946 0.645646126126126 0.48588648648648647 0.6500115315315315 0.5036398648648648 0.6501935135135135 0.5217351351351351 0.644372972972973 0.5343675675675675 0.631276036036036 0.5493891891891892 0.6190886486486487 0.5510966216216217 0.6121765765765765 0.5456337837837838 0.6069016216216216 0.5323189189189189 0.6045369369369369 0.5022743243243243 0.6028998198198199 0.4671087837837838 0.6032634234234234 0.4387716216216216 0.59908 0.40941013513513513 0.5996255855855855 0.3790243243243243 0.6076291891891892 0.36912364864864866
0 0.7289297297297297 0.6038486486486486 0.7109218018018018 0.5758533783783784 0.6992803603603603 0.5499060810810811 0.6860014414414415 0.5283966216216216 0.6801809009009009 0.5133743243243243 0.6794533333333334 0.4986939189189189 0.6832731531531532 0.49084121621621624 0.6932774774774775 0.49186554054054055 0.6961881081081082 0.48776891891891894 0.7007354954954955 0.4751364864864865 0.7101942342342342 0.47138108108108107 0.7161967567567568 0.46386959459459465 0.7232908108108108 0.4631871621621622 0.7280205405405406 0.4758189189189189 0.7332954954954954 0.5000594594594594 0.739843963963964 0.5372736486486486 0.7469380180180181 0.5642452702702703 0.7498482882882883 0.5813155405405406 0.7427542342342343 0.5953135135135135 0.7331135135135135 0.6031662162162162
0 0.6395135135135136 0.34957702702702703 0.6386043243243243 0.4359547297297297 0.6416965765765766 0.4827277027027027 0.6502457657657658 0.5076513513513513 0.660614054054054 0.5114067567567567 0.6686176576576577 0.5021885135135136 0.6755297297297297 0.49536013513513516 0.6835333333333333 0.49399459459459455 0.6853524324324325 0.4724858108108108 0.6840789189189189 0.4520006756756757 0.6760753153153153 0.41888378378378377 0.66406990990991 0.377572972972973 0.6566122522522523 0.35094256756756753 0.647881081081081 0.3441141891891892
0 0.681536936936937 0.3252277027027027 0.698343063063063 0.3612033783783784 0.7118036036036036 0.3874918918918919 0.7207167567567567 0.42231621621621623 0.723809009009009 0.4428006756756757 0.7125311711711712 0.45577432432432435 0.7056190990990991 0.4690891891891892 0.698343063063063 0.47591756756756753 0.6877927927927928 0.4738695945945946 0.6810627027027027 0.4663581081081081 0.6754237837837838 0.45270202702702705 0.6726951351351351 0.4383621621621621 0.6719675675675676 0.41582905405405407 0.6699664864864865 0.39978243243243244 0.6670562162162161 0.37656689189189185 0.6670562162162161 0.36188581081081084 0.6677837837837838 0.34242567567567567 0.6699664864864865 0.3325243243243243 0.6759693693693694 0.33047567567567565 0.6812443243243244 0.32603783783783785