0 0.2859311740890688 0.6465163934426229 0.284919028340081 0.6608606557377049 0.28643724696356276 0.6670081967213115 0.29959514170040485 0.6813524590163934 0.3016194331983806 0.6905737704918032 0.31123481781376516 0.6885245901639344 0.3183198380566802 0.673155737704918 0.3309716599190283 0.6229508196721312 0.3350202429149798 0.5993852459016393 0.333502024291498 0.5840163934426229 0.3259109311740891 0.569672131147541 0.3208502024291498 0.5737704918032787 0.3132591093117409 0.5645491803278688 0.3026315789473684 0.5604508196721312 0.2980769230769231 0.5676229508196722 0.29453441295546556 0.5809426229508197
0 0.33704453441295545 0.4415983606557377 0.33704453441295545 0.5051229508196722 0.3340080971659919 0.5204918032786885 0.3355263157894737 0.5471311475409836 0.3410931174089069 0.5604508196721312 0.3522267206477733 0.5563524590163934 0.3648785425101215 0.5584016393442623 0.3734817813765182 0.5430327868852459 0.37449392712550605 0.5235655737704918 0.36639676113360325 0.48975409836065575 0.36639676113360325 0.4610655737704918 0.36285425101214575 0.4426229508196721 0.3557692307692308 0.4262295081967213 0.34868421052631576 0.430327868852459 0.3456477732793522 0.42725409836065575
0 0.32135627530364375 0.6772540983606558 0.3228744939271255 0.7079918032786885 0.33451417004048584 0.7182377049180327 0.3355263157894737 0.7274590163934426 0.34058704453441296 0.7346311475409836 0.3456477732793522 0.735655737704918 0.3532388663967611 0.7202868852459017 0.3648785425101215 0.6690573770491803 0.37601214574898784 0.6383196721311475 0.3775303643724696 0.6290983606557377 0.37449392712550605 0.6075819672131147 0.36538461538461536 0.5963114754098361 0.3603238866396761 0.5973360655737705 0.34969635627530365 0.5850409836065574 0.34058704453441296 0.5860655737704918 0.33704453441295545 0.5932377049180327 0.3274291497975709 0.6577868852459017
0 0.37550607287449395 0.5204918032786885 0.37196356275303644 0.5604508196721312 0.3765182186234818 0.576844262295082 0.4023279352226721 0.5758196721311475 0.41194331983805665 0.5625 0.4144736842105263 0.5286885245901639 0.4063765182186235 0.5 0.40384615384615385 0.44672131147540983 0.39979757085020245 0.43135245901639346 0.38714574898785425 0.4354508196721312
0 0.37550607287449395 0.6168032786885246 0.3724696356275304 0.6782786885245902 0.36133603238866396 0.7397540983606558 0.3648785425101215 0.7520491803278688 0.3724696356275304 0.7459016393442623 0.3815789473684211 0.7448770491803278 0.3825910931174089 0.7674180327868853 0.38866396761133604 0.7756147540983607 0.40131578947368424 0.7510245901639344 0.4089068825910931 0.6834016393442623 0.4180161943319838 0.6536885245901639 0.4215587044534413 0.6301229508196722 0.41143724696356276 0.6147540983606558 0.38866396761133604 0.6034836065573771 0.3800607287449393 0.6065573770491803
0 0.4109311740890688 0.5061475409836066 0.40789473684210525 0.5758196721311475 0.4144736842105263 0.5850409836065574 0.41953441295546556 0.5809426229508197 0.4311740890688259 0.5819672131147541 0.4357287449392713 0.5645491803278688 0.43370445344129555 0.514344262295082 0.4407894736842105 0.4180327868852459 0.4271255060728745 0.41700819672131145 0.4225708502024291 0.42315573770491804
0 0.4407894736842105 0.42725409836065575 0.4418016194331984 0.47950819672131145 0.4331983805668016 0.5286885245901639 0.43370445344129555 0.576844262295082 0.4392712550607287 0.5911885245901639 0.4433198380566802 0.5911885245901639 0.44888663967611336 0.576844262295082 0.4564777327935223 0.5788934426229508 0.4605263157894737 0.5747950819672131 0.4640688259109312 0.5563524590163934 0.4640688259109312 0.5286885245901639 0.4519230769230769 0.42315573770491804 0.4458502024291498 0.41905737704918034
0 0.4166902834008097 0.7761331967213114 0.4154787449392712 0.7231424180327869 0.4156644736842105 0.6870706967213115 0.4149220647773279 0.659265368852459 0.4152935222672065 0.6389754098360656 0.42048987854251013 0.6220665983606557 0.43032591093117406 0.6149272540983607 0.437748987854251 0.6277028688524591 0.44220344129554656 0.6385993852459017 0.43552226720647774 0.6874467213114754 0.42995445344129557 0.7516987704918033 0.42253137651821865 0.7855163934426229
0 0.4586933198380567 0.7817786885245901 0.4557241902834008 0.7216588114754099 0.4521978744939271 0.6818299180327869 0.4438466599190284 0.6547766393442623 0.44143421052631576 0.6371157786885246 0.44904301619433196 0.6149477459016393 0.45331174089068826 0.6089354508196722 0.4624053643724696 0.6213350409836066 0.4687150809716599 0.6348616803278688 0.47001417004048585 0.6600368852459016 0.47186993927125503 0.6976116803278689 0.47168471659919026 0.736313524590164 0.47038562753036434 0.7701301229508197 0.4624053643724696 0.7847848360655738
0 0.4627044534412955 0.4086649590163935 0.46066295546558705 0.46540266393442625 0.45899240890688264 0.5089887295081967 0.4563942307692308 0.5360430327868853 0.45917813765182186 0.5653504098360657 0.47068471659919026 0.5811321721311475 0.47755111336032385 0.5664784836065574 0.48274746963562754 0.5570840163934426 0.4859023279352227 0.5454364754098361 0.48052074898785424 0.5127459016393443 0.4768087044534413 0.475547131147541 0.4747672064777328 0.4379733606557377 0.47012753036437244 0.41392520491803275
0 0.4884164979757085 0.41418032786885245 0.4856325910931174 0.48632377049180325 0.48359109311740894 0.5208924180327869 0.48266346153846157 0.5535819672131148 0.48618927125506073 0.566733606557377 0.4954686234817814 0.5693637295081967 0.500294028340081 0.5362981557377049 0.4993658906882591 0.5051116803278688 0.4975101214574899 0.4130532786885246
0 0.47763815789473685 0.7570297131147541 0.47186184210526316 0.6851834016393443 0.4707484817813765 0.6464815573770492 0.4709342105263158 0.6269426229508196 0.47575961538461536 0.6092827868852458 0.4798421052631579 0.5965071721311476 0.48262601214574896 0.5976342213114755 0.4859665991902834 0.6115368852459017 0.48912145748987856 0.6261915983606557 0.4904205465587045 0.6964559426229509 0.491162955465587 0.7475573770491803
0 0.4988041497975708 0.7487694672131148 0.49544483805668016 0.6780870901639344 0.49154757085020245 0.6247315573770492 0.49191852226720645 0.6112049180327869 0.502496963562753 0.5995563524590164 0.5071366396761133 0.6085737704918033 0.5075075910931174 0.6514088114754099 0.5075075910931174 0.7160379098360655 0.5080647773279352 0.7468483606557377
0 0.5119711538461539 0.7368750000000001 0.5116002024291498 0.6613504098360655 0.509372975708502 0.6354241803278688 0.5091872469635628 0.6091219262295082 0.5112287449392713 0.5989764344262295 0.5190232793522267 0.5993524590163934 0.5240344129554656 0.6057397540983607 0.5234772267206478 0.6436905737704918 0.5242196356275304 0.6775071721311475 0.5214362348178138 0.7199672131147541 0.51957995951417 0.7402571721311475 0.5136411943319839 0.7466444672131147
0 0.5277515182186234 0.7320358606557377 0.5258223684210527 0.6695450819672131 0.5234645748987854 0.628969262295082 0.5227145748987855 0.6035819672131147 0.5330025303643725 0.598156762295082 0.5377181174089068 0.600109631147541 0.5366467611336032 0.6315727459016393 0.5337530364372469 0.6682428278688525 0.5354676113360324 0.7201024590163935 0.5343957489878542 0.7331209016393442
0 0.5426771255060728 0.750671106557377 0.542538967611336 0.690593237704918 0.5397788461538462 0.6436475409836067 0.5392267206477732 0.6165430327868853 0.5389504048582996 0.6048073770491803 0.5457135627530364 0.5964241803278688 0.5542702429149798 0.598938524590164 0.5566163967611336 0.6263227459016394 0.553165991902834 0.6900338114754098 0.5462651821862349 0.7453616803278688 0.5469554655870446 0.7545829918032786 0.5430910931174089 0.7537448770491803
0 0.5088972672064778 0.4208135245901639 0.5044807692307692 0.4996137295081967 0.5029625506072875 0.5359395491803278 0.5088972672064778 0.5599702868852459 0.5174539473684211 0.5613678278688524 0.5269772267206477 0.5521465163934426 0.5246305668016195 0.5172172131147541 0.5238026315789475 0.4769795081967213 0.5215946356275304 0.43757889344262296 0.517867914979757 0.41075409836065574 0.5124853238866397 0.4124303278688524
0 0.5415101214574898 0.4403862704918033 0.5339195344129555 0.5080092213114754 0.5308830971659919 0.5421004098360656 0.5377839068825911 0.5630573770491804 0.5524134615384615 0.5641752049180327 0.55682995951417 0.5393053278688524 0.5557257085020243 0.49739036885245896 0.5551735829959513 0.4593883196721312 0.5575202429149798 0.4208258196721312 0.5499291497975709 0.41663422131147543 0.5427525303643725 0.4308862704918033
0 0.560783906882591 0.4266793032786885 0.5613942307692308 0.48547745901639344 0.559323886639676 0.5100676229508196 0.5560116396761134 0.5466731557377049 0.5663628542510122 0.5687489754098362 0.5794741902834007 0.5603657786885247 0.5814063765182186 0.5360553278688525 0.5767140688259109 0.4972141393442623 0.5721594129554656 0.4402090163934426 0.5721594129554656 0.4170163934426229 0.5652586032388665 0.4084969262295082
0 0.5940414979757085 0.43027766393442624 0.5865885627530364 0.4671629098360656 0.5830000000000001 0.499297131147541 0.5806538461538462 0.5238872950819672 0.5781695344129555 0.5373002049180328 0.5781695344129555 0.5468012295081968 0.5857606275303644 0.5758616803278689 0.593627024291498 0.5755829918032787 0.6001138663967611 0.5674795081967213 0.6037024291497975 0.5509928278688525 0.6031503036437247 0.533108606557377 0.6032884615384615 0.5121516393442623 0.6066007085020243 0.4713545081967213 0.6030121457489878 0.4383811475409836 0.602046052631579 0.4182622950819672
0 0.5577601214574899 0.6079579918032787 0.5642469635627531 0.5917510245901639 0.5690774291497976 0.5911915983606558 0.5747363360323887 0.6143842213114754 0.5791528340080971 0.6289149590163935 0.5747363360323887 0.683125 0.5715617408906882 0.7149805327868852 0.5660409919028341 0.7468360655737706 0.5581740890688259 0.7549395491803279 0.5538957489878543 0.7448801229508197 0.5563800607287449 0.7077151639344262 0.5576224696356276 0.6727858606557378 0.556794028340081 0.6409303278688525 0.556794028340081 0.620811475409836
0 0.5774291497975709 0.6198770491803278 0.576417004048583 0.6352459016393442 0.583502024291498 0.7602459016393442 0.5870445344129555 0.7653688524590164 0.5951417004048583 0.7653688524590164 0.597165991902834 0.7551229508196722 0.5991902834008097 0.6618852459016393 0.603744939271255 0.6280737704918032 0.5915991902834008 0.6034836065573771 0.5875506072874493 0.6034836065573771
0 0.6022267206477733 0.48770491803278687 0.5996963562753036 0.548155737704918 0.6012145748987854 0.5604508196721312 0.6032388663967612 0.5676229508196722 0.6108299595141701 0.5676229508196722 0.6234817813765182 0.5860655737704918 0.6310728744939271 0.569672131147541 0.6366396761133604 0.5051229508196722 0.6346153846153846 0.4344262295081967 0.6239878542510121 0.42520491803278687 0.6077935222672065 0.42418032786885246
0 0.6103238866396761 0.6362704918032787 0.6098178137651822 0.6475409836065574 0.6229757085020243 0.6936475409836066 0.6346153846153846 0.7827868852459017 0.6427125506072875 0.7940573770491803 0.6477732793522267 0.7817622950819673 0.6482793522267206 0.7561475409836066 0.6346153846153846 0.6260245901639344 0.6224696356275303 0.6168032786885246 0.6118421052631579 0.6301229508196722
0 0.6305668016194332 0.48565573770491804 0.6270242914979757 0.5676229508196722 0.6300607287449392 0.5737704918032787 0.646255060728745 0.5850409836065574 0.6497975708502024 0.5829918032786885 0.6553643724696356 0.5676229508196722 0.6508097165991903 0.5420081967213115 0.6543522267206477 0.4774590163934426 0.6503036437246964 0.4672131147540984 0.646255060728745 0.44364754098360654 0.6432186234817814 0.4395491803278688 0.6381578947368421 0.4385245901639344 0.6341093117408907 0.45491803278688525 0.6336032388663968 0.4682377049180328 0.631578947368421 0.4702868852459016
0 0.6336032388663968 0.6147540983606558 0.632085020242915 0.6229508196721312 0.6401821862348178 0.673155737704918 0.6442307692307693 0.6864754098360656 0.6487854251012146 0.7418032786885246 0.6548582995951417 0.7612704918032787 0.6584008097165992 0.7674180327868853 0.6624493927125507 0.7674180327868853 0.6685222672064778 0.7592213114754098 0.6705465587044535 0.7479508196721312 0.6892712550607287 0.742827868852459 0.6923076923076923 0.7336065573770492 0.6918016194331984 0.7079918032786885 0.6882591093117408 0.6997950819672131 0.680668016194332 0.6608606557377049 0.6821862348178138 0.6383196721311475 0.6781376518218624 0.6034836065573771 0.6614372469635628 0.5952868852459017 0.6482793522267206 0.6086065573770492 0.6391700404858299 0.6086065573770492
0 0.6523279352226721 0.5133196721311475 0.6508097165991903 0.5420081967213115 0.6543522267206477 0.5594262295081968 0.6644736842105263 0.5686475409836066 0.6740890688259109 0.5635245901639344 0.6862348178137652 0.5717213114754098 0.6892712550607287 0.5655737704918032 0.6923076923076923 0.5399590163934426 0.6882591093117408 0.5102459016393442 0.6882591093117408 0.492827868852459 0.6862348178137652 0.4887295081967213 0.687753036437247 0.48155737704918034 0.6821862348178138 0.44774590163934425 0.6826923076923077 0.430327868852459 0.6776315789473685 0.4139344262295082 0.6720647773279352 0.4139344262295082 0.6675101214574899 0.42008196721311475
0 0.6933198380566802 0.45081967213114754 0.694331983805668 0.47438524590163933 0.6882591093117408 0.5153688524590164 0.6907894736842105 0.5379098360655737 0.7009109311740891 0.5522540983606558 0.7074898785425101 0.5471311475409836 0.7236842105263158 0.548155737704918 0.7267206477732794 0.5327868852459017 0.7176113360323887 0.4702868852459016 0.7191295546558705 0.4344262295081967 0.7171052631578947 0.42315573770491804 0.708502024291498 0.41188524590163933 0.7034412955465587 0.41188524590163933 0.6973684210526315 0.42725409836065575
0 0.6791497975708503 0.6055327868852459 0.6781376518218624 0.6188524590163934 0.6837044534412956 0.6413934426229508 0.6892712550607287 0.6516393442622951 0.6968623481781376 0.7038934426229508 0.708502024291498 0.7346311475409836 0.7160931174089069 0.7284836065573771 0.7277327935222672 0.7049180327868853 0.7348178137651822 0.6997950819672131 0.736336032388664 0.6895491803278688 0.7241902834008097 0.5963114754098361 0.7201417004048583 0.5799180327868853 0.7049595141700404 0.5788934426229508 0.6953441295546559 0.5891393442622951 0.6887651821862348 0.5911885245901639
0 0.7246963562753036 0.5758196721311475 0.7241902834008097 0.5901639344262295 0.7272267206477733 0.6116803278688525 0.743421052631579 0.6834016393442623 0.7464574898785425 0.6875 0.7530364372469636 0.6864754098360656 0.7672064777327935 0.6741803278688525 0.7692307692307693 0.6659836065573771 0.7687246963562753 0.6127049180327869 0.771255060728745 0.5881147540983607 0.7692307692307693 0.5727459016393442 0.7626518218623481 0.5625 0.7464574898785425 0.5676229508196722 0.7348178137651822 0.5635245901639344
0 0.7226720647773279 0.48668032786885246 0.7226720647773279 0.5194672131147541 0.7277327935222672 0.5348360655737705 0.7489878542510121 0.5348360655737705 0.7555668016194332 0.5256147540983607 0.7560728744939271 0.5112704918032787 0.7439271255060729 0.4262295081967213 0.7338056680161943 0.42725409836065575 0.7272267206477733 0.4385245901639344 0.7252024291497976 0.44672131147540983 0.7272267206477733 0.45901639344262296