0 0.34210526315789475 0.5010245901639344 0.3395748987854251 0.5225409836065574 0.34615384615384615 0.5430327868852459 0.3633603238866397 0.5604508196721312 0.3694331983805668 0.5594262295081968 0.37449392712550605 0.5522540983606558 0.3790485829959514 0.4733606557377049 0.37550607287449395 0.4057377049180328 0.3689271255060729 0.4057377049180328 0.3643724696356275 0.4139344262295082 0.3638663967611336 0.42725409836065575
0 0.347165991902834 0.6547131147540983 0.34615384615384615 0.6741803278688525 0.3507085020242915 0.6987704918032787 0.34969635627530365 0.7049180327868853 0.35374493927125505 0.7120901639344263 0.35931174089068824 0.7120901639344263 0.3724696356275304 0.694672131147541 0.4008097165991903 0.6311475409836066 0.4058704453441296 0.6137295081967213 0.4063765182186235 0.6024590163934426 0.38866396761133604 0.5778688524590164 0.375 0.5758196721311475 0.3557692307692308 0.6065573770491803 0.35374493927125505 0.632172131147541
0 0.37803643724696356 0.5266393442622951 0.37601214574898784 0.5532786885245902 0.3841093117408907 0.5727459016393442 0.4089068825910931 0.5665983606557377 0.4175101214574899 0.5604508196721312 0.4200404858299595 0.5491803278688525 0.42105263157894735 0.5215163934426229 0.41548582995951416 0.5153688524590164 0.41346153846153844 0.4487704918032787 0.40941295546558704 0.4375 0.39878542510121456 0.4354508196721312 0.3901821862348178 0.4415983606557377 0.3861336032388664 0.45799180327868855 0.3856275303643725 0.5
0 0.42054655870445345 0.48565573770491804 0.4190283400809717 0.5563524590163934 0.42054655870445345 0.5758196721311475 0.42459514170040485 0.5850409836065574 0.4357287449392713 0.5891393442622951 0.4458502024291498 0.5747950819672131 0.44635627530364375 0.5635245901639344 0.4423076923076923 0.5430327868852459 0.4352226720647773 0.4395491803278688 0.4266194331983806 0.4385245901639344 0.42206477732793524 0.4426229508196721
0 0.4645748987854251 0.4395491803278688 0.46356275303643724 0.5174180327868853 0.465080971659919 0.5245901639344263 0.4625506072874494 0.5870901639344263 0.46963562753036436 0.5963114754098361 0.4868421052631579 0.5942622950819673 0.4908906882591093 0.5778688524590164 0.4908906882591093 0.5635245901639344 0.48431174089068824 0.5261270491803278 0.4832995951417004 0.4702868852459016 0.4797570850202429 0.4395491803278688 0.4767206477732793 0.4364754098360656
0 0.4610323886639676 0.6506147540983607 0.4625506072874494 0.673155737704918 0.458502024291498 0.6875 0.458502024291498 0.7131147540983607 0.46204453441295545 0.742827868852459 0.46710526315789475 0.75 0.47115384615384615 0.7448770491803278 0.4777327935222672 0.7213114754098361 0.4782388663967611 0.694672131147541 0.4898785425101215 0.6424180327868853 0.49038461538461536 0.6301229508196722 0.47874493927125505 0.6137295081967213 0.4701417004048583 0.6096311475409836 0.465080971659919 0.6198770491803278
0 0.4893724696356275 0.4385245901639344 0.4893724696356275 0.5952868852459017 0.507085020242915 0.5983606557377049 0.5116396761133604 0.5891393442622951 0.5075910931174089 0.44774590163934425 0.5005060728744939 0.42418032786885246 0.4944331983805668 0.42725409836065575 0.4944331983805668 0.4323770491803279
0 0.4848178137651822 0.7079918032786885 0.48380566801619435 0.7551229508196722 0.4853238866396761 0.7704918032786885 0.49190283400809715 0.7766393442622951 0.49949392712550605 0.7704918032786885 0.5035425101214575 0.7551229508196722 0.5080971659919028 0.6772540983606558 0.5131578947368421 0.6383196721311475 0.5106275303643725 0.6260245901639344 0.4984817813765182 0.6198770491803278 0.4939271255060729 0.6198770491803278 0.4908906882591093 0.6260245901639344 0.4873481781376518 0.6547131147540983
0 0.5086032388663968 0.45081967213114754 0.5121457489878543 0.5963114754098361 0.5151821862348178 0.6065573770491803 0.5197368421052632 0.6096311475409836 0.5389676113360324 0.6034836065573771 0.5389676113360324 0.5747950819672131 0.5268218623481782 0.46209016393442626 0.5242914979757085 0.45491803278688525 0.5253036437246964 0.45081967213114754 0.513663967611336 0.43135245901639346
0 0.5080971659919028 0.6311475409836066 0.5111336032388664 0.7223360655737705 0.513663967611336 0.7489754098360656 0.5172064777327935 0.757172131147541 0.5247975708502024 0.7397540983606558 0.5258097165991903 0.7079918032786885 0.5242914979757085 0.6956967213114754 0.5298582995951417 0.6311475409836066 0.5101214574898786 0.6270491803278688
0 0.5354251012145749 0.6290983606557377 0.5253036437246964 0.6301229508196722 0.5293522267206477 0.7213114754098361 0.5323886639676113 0.7284836065573771 0.5379554655870445 0.7284836065573771 0.5404858299595142 0.7202868852459017 0.5475708502024291 0.6311475409836066
0 0.5364372469635628 0.44364754098360654 0.5399797570850202 0.5963114754098361 0.5475708502024291 0.6065573770491803 0.5602226720647774 0.6065573770491803 0.5657894736842105 0.5881147540983607 0.5597165991902834 0.4918032786885246 0.562246963562753 0.4672131147540984 0.5607287449392713 0.4077868852459016 0.5526315789473685 0.39959016393442626 0.5475708502024291 0.4036885245901639
0 0.5440283400809717 0.6577868852459017 0.5425101214574899 0.7090163934426229 0.5445344129554656 0.7469262295081968 0.548582995951417 0.7602459016393442 0.5526315789473685 0.7612704918032787 0.5561740890688259 0.7551229508196722 0.5607287449392713 0.6741803278688525 0.5668016194331984 0.6342213114754098 0.5470647773279352 0.6290983606557377
0 0.5602226720647774 0.6721311475409836 0.5561740890688259 0.757172131147541 0.562246963562753 0.7786885245901639 0.5647773279352226 0.7797131147540983 0.5683198380566802 0.7745901639344263 0.5723684210526315 0.7561475409836066 0.5789473684210527 0.6762295081967213 0.5794534412955465 0.6588114754098361 0.5759109311740891 0.6372950819672131 0.5683198380566802 0.6290983606557377 0.5642712550607287 0.6311475409836066
0 0.5774291497975709 0.6434426229508197 0.5759109311740891 0.6567622950819673 0.5860323886639676 0.7879098360655737 0.5870445344129555 0.7940573770491803 0.5921052631578947 0.7991803278688525 0.5986842105263158 0.7899590163934426 0.603744939271255 0.7366803278688525 0.6022267206477733 0.7008196721311475 0.59665991902834 0.6495901639344263 0.597165991902834 0.6362704918032787 0.5931174089068826 0.625 0.5905870445344129 0.6239754098360656 0.582995951417004 0.6311475409836066
0 0.5991902834008097 0.6413934426229508 0.5986842105263158 0.6598360655737705 0.6072874493927125 0.7172131147540983 0.6093117408906883 0.7540983606557377 0.6148785425101214 0.7797131147540983 0.6199392712550608 0.7807377049180327 0.6239878542510121 0.7674180327868853 0.6239878542510121 0.639344262295082 0.6214574898785425 0.6301229508196722 0.6169028340080972 0.6280737704918032
0 0.562753036437247 0.4385245901639344 0.562246963562753 0.5122950819672131 0.5566801619433198 0.5778688524590164 0.5597165991902834 0.5922131147540983 0.5668016194331984 0.5952868852459017 0.5794534412955465 0.5881147540983607 0.5845141700404858 0.5799180327868853 0.5824898785425101 0.492827868852459 0.5784412955465587 0.42315573770491804 0.5728744939271255 0.42008196721311475 0.5657894736842105 0.42213114754098363
0 0.583502024291498 0.4385245901639344 0.5840080971659919 0.47848360655737704 0.5865384615384616 0.5030737704918032 0.583502024291498 0.5717213114754098 0.5870445344129555 0.5809426229508197 0.5910931174089069 0.5850409836065574 0.6002024291497976 0.5860655737704918 0.6098178137651822 0.5727459016393442 0.6098178137651822 0.5471311475409836 0.59665991902834 0.4395491803278688 0.5915991902834008 0.42827868852459017
0 0.5946356275303644 0.42725409836065575 0.5905870445344129 0.5799180327868853 0.5946356275303644 0.5860655737704918 0.6072874493927125 0.5819672131147541 0.6143724696356275 0.5932377049180327 0.6224696356275303 0.5942622950819673 0.6280364372469636 0.5788934426229508 0.6234817813765182 0.4487704918032787 0.6148785425101214 0.4149590163934426 0.5996963562753036 0.41700819672131145
0 0.645748987854251 0.5440573770491803 0.646255060728745 0.5727459016393442 0.6543522267206477 0.5850409836065574 0.6644736842105263 0.5860655737704918 0.6745951417004049 0.5788934426229508 0.6811740890688259 0.5829918032786885 0.687753036437247 0.5686475409836066 0.6897773279352226 0.5614754098360656 0.6897773279352226 0.5512295081967213 0.6791497975708503 0.4569672131147541 0.6756072874493927 0.44672131147540983 0.6578947368421053 0.44672131147540983 0.6503036437246964 0.48155737704918034 0.6497975708502024 0.5235655737704918
0 0.6255060728744939 0.48565573770491804 0.6244939271255061 0.5092213114754098 0.6255060728744939 0.5245901639344263 0.6270242914979757 0.5327868852459017 0.6295546558704453 0.5368852459016393 0.6346153846153846 0.5389344262295082 0.6427125506072875 0.5389344262295082 0.645242914979757 0.5368852459016393 0.6472672064777328 0.5327868852459017 0.6482793522267206 0.5133196721311475 0.6467611336032388 0.49385245901639346 0.6427125506072875 0.48258196721311475 0.6391700404858299 0.47438524590163933 0.6366396761133604 0.4713114754098361 0.6341093117408907 0.4692622950819672 0.6295546558704453 0.4692622950819672 0.6265182186234818 0.47438524590163933
0 0.6852226720647774 0.4149590163934426 0.6852226720647774 0.45901639344262296 0.687246963562753 0.4805327868852459 0.6862348178137652 0.5245901639344263 0.6882591093117408 0.5471311475409836 0.6923076923076923 0.555327868852459 0.7034412955465587 0.555327868852459 0.7206477732793523 0.5389344262295082 0.7267206477732794 0.5215163934426229 0.7262145748987854 0.5092213114754098 0.7100202429149798 0.46209016393442626 0.7059716599190283 0.42008196721311475 0.6988866396761133 0.4098360655737705 0.6933198380566802 0.4067622950819672
0 0.7155870445344129 0.5532786885245902 0.7125506072874493 0.5635245901639344 0.715080971659919 0.5788934426229508 0.722165991902834 0.5952868852459017 0.7489878542510121 0.6413934426229508 0.7515182186234818 0.6454918032786885 0.7591093117408907 0.6465163934426229 0.7672064777327935 0.639344262295082 0.7697368421052632 0.6280737704918032 0.7682186234817814 0.6014344262295082 0.7575910931174089 0.5635245901639344 0.7505060728744939 0.5256147540983607 0.7479757085020243 0.5225409836065574 0.7383603238866396 0.5245901639344263
0 0.6776315789473685 0.6014344262295082 0.6776315789473685 0.6127049180327869 0.6811740890688259 0.625 0.7125506072874493 0.6793032786885246 0.7241902834008097 0.6936475409836066 0.729251012145749 0.6926229508196722 0.7353238866396761 0.680327868852459 0.7312753036437247 0.6383196721311475 0.7201417004048583 0.5911885245901639 0.7145748987854251 0.5799180327868853 0.7125506072874493 0.5686475409836066 0.707995951417004 0.5676229508196722 0.7029352226720648 0.5717213114754098