0 0.34058704453441296 0.5010245901639344 0.34058704453441296 0.5204918032786885 0.34615384615384615 0.5327868852459017 0.3603238866396761 0.5471311475409836 0.3694331983805668 0.5491803278688525 0.375 0.5440573770491803 0.3775303643724696 0.5286885245901639 0.3815789473684211 0.444672131147541 0.3805668016194332 0.4026639344262295 0.3765182186234818 0.3862704918032787 0.3643724696356275 0.39241803278688525 0.3547570850202429 0.41905737704918034 0.3522267206477733 0.46311475409836067
0 0.39625506072874495 0.39959016393442626 0.37601214574898784 0.5450819672131147 0.3805668016194332 0.5717213114754098 0.38461538461538464 0.5778688524590164 0.3876518218623482 0.5747950819672131 0.3977732793522267 0.5840163934426229 0.40789473684210525 0.5840163934426229 0.4139676113360324 0.5717213114754098 0.41548582995951416 0.5625 0.41548582995951416 0.5327868852459017 0.4124493927125506 0.514344262295082 0.4104251012145749 0.41188524590163933 0.40789473684210525 0.39549180327868855 0.3992914979757085 0.39549180327868855
0 0.4149797570850202 0.5122950819672131 0.4159919028340081 0.5491803278688525 0.41143724696356276 0.5870901639344263 0.4200404858299595 0.6004098360655737 0.43623481781376516 0.5850409836065574 0.4402834008097166 0.5665983606557377 0.4392712550607287 0.4733606557377049 0.4316801619433198 0.41905737704918034 0.4251012145748988 0.4108606557377049 0.4225708502024291 0.41188524590163933 0.42105263157894735 0.42315573770491804 0.41953441295546556 0.4385245901639344 0.42105263157894735 0.4723360655737705
0 0.4418016194331984 0.4713114754098361 0.4347165991902834 0.5717213114754098 0.4367408906882591 0.5993852459016393 0.4392712550607287 0.6086065573770492 0.44281376518218624 0.610655737704918 0.4493927125506073 0.6014344262295082 0.45951417004048584 0.5952868852459017 0.46356275303643724 0.576844262295082 0.45799595141700405 0.4385245901639344 0.45546558704453444 0.41905737704918034 0.4519230769230769 0.41290983606557374 0.44635627530364375 0.41905737704918034
0 0.45951417004048584 0.39959016393442626 0.4625506072874494 0.5922131147540983 0.4706477732793522 0.6157786885245902 0.47520242914979755 0.6157786885245902 0.4782388663967611 0.6127049180327869 0.4873481781376518 0.5840163934426229 0.4868421052631579 0.5522540983606558 0.47469635627530365 0.4057377049180328 0.46710526315789475 0.3801229508196721 0.46204453441295545 0.38114754098360654
0 0.4908906882591093 0.48565573770491804 0.49139676113360325 0.5881147540983607 0.4964574898785425 0.6075819672131147 0.506578947368421 0.6116803278688525 0.5111336032388664 0.6065573770491803 0.5116396761133604 0.5942622950819673 0.5075910931174089 0.5430327868852459 0.5055668016194332 0.4610655737704918 0.5020242914979757 0.4364754098360656 0.4944331983805668 0.4385245901639344
0 0.5146761133603239 0.4077868852459016 0.5111336032388664 0.4487704918032787 0.5126518218623481 0.6045081967213115 0.520748987854251 0.6157786885245902 0.5344129554655871 0.6157786885245902 0.5404858299595142 0.6096311475409836 0.5328947368421053 0.4036885245901639 0.5298582995951417 0.39139344262295084 0.520748987854251 0.39036885245901637
0 0.5399797570850202 0.5645491803278688 0.5399797570850202 0.6075819672131147 0.542004048582996 0.6127049180327869 0.5536437246963563 0.6168032786885246 0.5637651821862348 0.6116803278688525 0.5662955465587044 0.6065573770491803 0.5678137651821862 0.5778688524590164 0.5662955465587044 0.44672131147540983 0.562753036437247 0.430327868852459 0.5511133603238867 0.4344262295081967
0 0.5738866396761133 0.45081967213114754 0.5703441295546559 0.5891393442622951 0.5723684210526315 0.6045081967213115 0.5809716599190283 0.6086065573770492 0.5875506072874493 0.6045081967213115 0.5931174089068826 0.5840163934426229 0.5910931174089069 0.5092213114754098 0.5865384615384616 0.4385245901639344 0.583502024291498 0.4334016393442623 0.5789473684210527 0.4364754098360656
0 0.6032388663967612 0.4262295081967213 0.5946356275303644 0.5717213114754098 0.5981781376518218 0.5901639344262295 0.6072874493927125 0.6065573770491803 0.6108299595141701 0.6075819672131147 0.617914979757085 0.5932377049180327 0.6148785425101214 0.5706967213114754 0.6194331983805668 0.5532786885245902 0.6219635627530364 0.514344262295082 0.6204453441295547 0.38422131147540983 0.6148785425101214 0.382172131147541 0.6062753036437247 0.38831967213114754
0 0.6158906882591093 0.5543032786885246 0.6158906882591093 0.5778688524590164 0.6346153846153846 0.6004098360655737 0.6391700404858299 0.6004098360655737 0.6472672064777328 0.5819672131147541 0.6422064777327935 0.5348360655737705 0.638663967611336 0.4149590163934426 0.6351214574898786 0.39549180327868855 0.6310728744939271 0.39651639344262296 0.6285425101214575 0.4047131147540984 0.6255060728744939 0.48463114754098363
0 0.6604251012145749 0.5307377049180327 0.6614372469635628 0.5573770491803278 0.6690283400809717 0.5758196721311475 0.6730769230769231 0.5788934426229508 0.694838056680162 0.576844262295082 0.7034412955465587 0.5584016393442623 0.701417004048583 0.48463114754098363 0.6968623481781376 0.4774590163934426 0.6923076923076923 0.44808709016393444 0.6928137651821862 0.4036885245901639 0.6862348178137652 0.39549180327868855 0.6725708502024291 0.39651639344262296 0.6725708502024291 0.42827868852459017
0 0.7029352226720648 0.4918032786885246 0.7039473684210527 0.5245901639344263 0.7074898785425101 0.5368852459016393 0.7125506072874493 0.5440573770491803 0.7302631578947368 0.5379098360655737 0.7419028340080972 0.5389344262295082 0.7454453441295547 0.5327868852459017 0.7479757085020243 0.5174180327868853 0.7439271255060729 0.48463114754098363 0.7479757085020243 0.35655737704918034 0.7439271255060729 0.3452868852459016 0.736336032388664 0.3473360655737705 0.7338056680161943 0.3637295081967213 0.7186234817813765 0.38422131147540983 0.7120445344129555 0.4139344262295082
0 0.687246963562753 0.5963114754098361 0.6857287449392713 0.610655737704918 0.6882591093117408 0.6209016393442623 0.7044534412955465 0.6536885245901639 0.7246963562753036 0.7120901639344263 0.7393724696356275 0.7305327868852459 0.7474696356275303 0.7284836065573771 0.7474696356275303 0.7172131147540983 0.7233061740890688 0.6587131147540983 0.7264347165991902 0.6510266393442623 0.7355976720647773 0.6654959016393442 0.7525303643724697 0.7120901639344263 0.7596153846153846 0.7131147540983607 0.7606275303643725 0.7038934426229508 0.7530364372469636 0.6690573770491803 0.736336032388664 0.617827868852459 0.7327935222672065 0.5932377049180327 0.7257085020242915 0.5717213114754098 0.7155870445344129 0.5655737704918032
0 0.6229757085020243 0.6342213114754098 0.6229757085020243 0.6465163934426229 0.6371457489878543 0.7079918032786885 0.6427125506072875 0.7561475409836066 0.6497975708502024 0.7827868852459017 0.652834008097166 0.7838114754098361 0.6589068825910931 0.7469262295081968 0.6594129554655871 0.7151639344262295 0.6518218623481782 0.6280737704918032 0.6472672064777328 0.617827868852459 0.6376518218623481 0.6168032786885246
0 0.6032388663967612 0.6526639344262295 0.6017206477732794 0.6567622950819673 0.6027327935222672 0.673155737704918 0.6067813765182186 0.6864754098360656 0.6093117408906883 0.7131147540983607 0.6189271255060729 0.7612704918032787 0.6270242914979757 0.7889344262295082 0.6351214574898786 0.7971311475409836 0.6376518218623481 0.7858606557377049 0.6336032388663968 0.7592213114754098 0.6275303643724697 0.6629098360655737 0.6204453441295547 0.6383196721311475 0.6153846153846154 0.6331967213114754 0.6108299595141701 0.6342213114754098
0 0.5784412955465587 0.6465163934426229 0.5794534412955465 0.6844262295081968 0.5850202429149798 0.7141393442622951 0.5946356275303644 0.8084016393442623 0.5981781376518218 0.8237704918032787 0.603744939271255 0.8340163934426229 0.611336032388664 0.819672131147541 0.611336032388664 0.8022540983606558 0.6077935222672065 0.7305327868852459 0.6007085020242915 0.6526639344262295 0.5875506072874493 0.6362704918032787
0 0.5566801619433198 0.6506147540983607 0.5652834008097166 0.7561475409836066 0.569838056680162 0.7827868852459017 0.5769230769230769 0.8002049180327869 0.5809716599190283 0.7858606557377049 0.5774291497975709 0.6485655737704918 0.5723684210526315 0.6413934426229508 0.5637651821862348 0.6413934426229508 0.5602226720647774 0.6424180327868853
0 0.5409919028340081 0.6331967213114754 0.5389676113360324 0.6372950819672131 0.5399797570850202 0.6823770491803278 0.5450976720647773 0.7009088114754098 0.5475708502024291 0.7489754098360656 0.5531376518218624 0.7797131147540983 0.5602226720647774 0.7817622950819673 0.562246963562753 0.7797131147540983 0.5637651821862348 0.7540983606557377 0.5571862348178138 0.6413934426229508 0.5470647773279352 0.632172131147541
0 0.5222672064777328 0.6424180327868853 0.5247975708502024 0.7438524590163934 0.5288461538461539 0.7745901639344263 0.5374493927125507 0.7756147540983607 0.5404858299595142 0.7674180327868853 0.541497975708502 0.7540983606557377 0.5389676113360324 0.6383196721311475 0.5379554655870445 0.6342213114754098 0.5318825910931174 0.6342213114754098
0 0.5035425101214575 0.6495901639344263 0.5045546558704453 0.7459016393442623 0.5075910931174089 0.7653688524590164 0.5172064777327935 0.7776639344262295 0.521255060728745 0.7653688524590164 0.5227732793522267 0.7479508196721312 0.520748987854251 0.6424180327868853 0.5177125506072875 0.6362704918032787 0.5116396761133604 0.6372950819672131 0.5060728744939271 0.6413934426229508
0 0.4782388663967611 0.6834016393442623 0.4782388663967611 0.8278688524590164 0.4883603238866397 0.8381147540983607 0.4908906882591093 0.8350409836065574 0.4949392712550607 0.7920081967213115 0.5040485829959515 0.6629098360655737 0.5025303643724697 0.6516393442622951 0.4939271255060729 0.6383196721311475 0.48582995951417 0.6413934426229508 0.479251012145749 0.6567622950819673
0 0.4534412955465587 0.6577868852459017 0.4524291497975709 0.6823770491803278 0.4564777327935223 0.7192622950819673 0.4559716599190283 0.7848360655737705 0.458502024291498 0.8032786885245902 0.46305668016194335 0.8063524590163934 0.4660931174089069 0.8022540983606558 0.47115384615384615 0.7725409836065574 0.4782388663967611 0.6659836065573771 0.465080971659919 0.6434426229508197 0.4559716599190283 0.6506147540983607
0 0.4271255060728745 0.6516393442622951 0.42864372469635625 0.6875 0.4266194331983806 0.7715163934426229 0.4352226720647773 0.8227459016393442 0.4433198380566802 0.8032786885245902 0.444331983805668 0.764344262295082 0.4462408906882591 0.6976475409836066 0.45445344129554655 0.6608606557377049 0.4534412955465587 0.6495901639344263 0.444331983805668 0.6383196721311475 0.4311740890688259 0.6424180327868853
0 0.32793522267206476 0.6967213114754098 0.32540485829959515 0.7315573770491803 0.3336411943319838 0.7303299180327869 0.3435733805668016 0.7018217213114754 0.3588173076923077 0.6789221311475411 0.3585865384615385 0.6924754098360656 0.3382606275303644 0.7434149590163934 0.3410931174089069 0.7520491803278688 0.3481781376518219 0.7479508196721312 0.3684210526315789 0.7120901639344263 0.3881578947368421 0.6659836065573771 0.3977732793522267 0.6516393442622951 0.4023279352226721 0.6372950819672131 0.4033400809716599 0.6219262295081968 0.3901821862348178 0.6065573770491803 0.38866396761133604 0.5963114754098361 0.38461538461538464 0.5901639344262295 0.3689271255060729 0.5911885245901639 0.333502024291498 0.6741803278688525
0 0.2889676113360324 0.6577868852459017 0.28846153846153844 0.6649590163934426 0.2975708502024291 0.6967213114754098 0.3061740890688259 0.6967213114754098 0.3233805668016194 0.6844262295081968 0.32945344129554655 0.6772540983606558 0.3623481781376518 0.6065573770491803 0.36538461538461536 0.5901639344262295 0.347165991902834 0.5543032786885246 0.3415991902834008 0.5379098360655737 0.3375506072874494 0.5379098360655737 0.3299595141700405 0.5522540983606558 0.3142712550607287 0.6024590163934426 0.2980769230769231 0.6280737704918032