0 0.307669028340081 0.3926075819672131 0.29234665991902836 0.4778043032786885 0.3033471659919028 0.4905440573770492 0.313169028340081 0.49771106557377054 0.32141953441295545 0.5056731557377049 0.33084868421052627 0.48815573770491805 0.33163461538461536 0.4467510245901639 0.3261341093117409 0.37509016393442624 0.3182768218623482 0.350406762295082
0 0.24156224696356277 0.6074149590163934 0.2637419028340081 0.5605512295081967 0.27365182186234815 0.5151219262295083 0.28285425101214573 0.49790676229508196 0.29724696356275304 0.5170348360655738 0.31824696356275306 0.5318586065573772 0.32273026315789477 0.5576823770491803 0.3149438259109312 0.572984631147541 0.2998426113360324 0.593547131147541 0.28922469635627535 0.6279774590163933 0.26397773279352227 0.6561905737704918 0.25406781376518217 0.6533217213114755 0.2465172064777328 0.6337151639344262
0 0.2875475708502024 0.669078893442623 0.30267408906882587 0.6222387295081967 0.31093218623481783 0.5806352459016394 0.32037044534412956 0.5447704918032787 0.3331118421052632 0.5371188524590164 0.3489210526315789 0.5543340163934426 0.3687408906882591 0.5696372950819673 0.3593026315789474 0.604545081967213 0.34207844129554654 0.6514088114754099 0.3246179149797571 0.7020983606557377 0.3085728744939271 0.7068801229508196 0.3248537449392712 0.6538002049180328 0.3248537449392712 0.6375409836065574 0.3114043522267207 0.6466270491803278 0.3019660931174089 0.6705368852459016 0.293 0.6824918032786885
0 0.3370172064777328 0.709125 0.3570733805668016 0.6512633196721311 0.3608481781376518 0.619701844262295 0.3577808704453441 0.5919661885245902 0.3608481781376518 0.5694907786885246 0.36839878542510124 0.5671004098360656 0.37476973684210524 0.5685348360655738 0.3797246963562753 0.5618401639344263 0.3863314777327935 0.5599272540983606 0.3922302631578948 0.5623176229508197 0.3952975708502024 0.5733165983606557 0.39954453441295545 0.5776209016393443 0.40945495951417005 0.5733165983606557 0.41488157894736843 0.5761854508196721 0.4177130566801619 0.5862284836065573 0.4129939271255061 0.6034436475409837 0.40709514170040484 0.6268750000000001 0.40119635627530364 0.6464815573770492 0.3948254048582996 0.6675225409836065 0.3917580971659919 0.693345286885246 0.387746963562753 0.7162981557377048 0.38373582995951416 0.7335133196721312 0.3768932186234818 0.7425993852459016 0.37123026315789476 0.7449907786885246 0.3646234817813765 0.7430778688524591 0.343623987854251 0.7229928278688524
0 0.40243724696356276 0.7420143442622951 0.4035374493927125 0.6730266393442623 0.40589726720647773 0.6443350409836065 0.4056609311740891 0.6189897540983607 0.40990840080971663 0.5864723360655738 0.4158071862348178 0.5773872950819672 0.4271330971659919 0.5836034836065573 0.43303188259109315 0.5845594262295082 0.44058198380566804 0.5816905737704918 0.44600910931174087 0.5816905737704918 0.44270597165991904 0.6103821721311475 0.4360991902834008 0.6452909836065573 0.4325597165991903 0.6663319672131148 0.42571710526315787 0.6883288934426229 0.4205263157894737 0.7141516393442623 0.4165151821862348 0.7323237704918033 0.41250354251012145 0.7452346311475411 0.4077849190283401 0.7509733606557377 0.4037737854251012 0.7504948770491803 0.4018861336032388 0.7394969262295082 0.40094230769230765 0.7361495901639344
0 0.341752024291498 0.3896536885245902 0.33821305668016194 0.4456034836065574 0.3377408906882591 0.4690348360655738 0.33656123481781375 0.49055430327868854 0.3353815789473685 0.504422131147541 0.3396285425101215 0.5135071721311475 0.3577970647773279 0.5206803278688524 0.3740779352226721 0.5197243852459016 0.3769094129554656 0.5144641393442623 0.37856072874493923 0.4977274590163934 0.3754934210526316 0.47572950819672133 0.3745495951417004 0.4570799180327869 0.37502176113360325 0.4154764344262295 0.37266194331983804 0.38917520491803276 0.3615723684210526 0.36956967213114755 0.3504822874493927 0.3681352459016394 0.3445835020242915 0.3786547131147541
0 0.3861113360323887 0.4106946721311476 0.37856072874493923 0.4829026639344262 0.3752575910931174 0.49916188524590166 0.37572925101214577 0.520202868852459 0.3778527327935222 0.5340696721311475 0.3802125506072874 0.5402868852459017 0.39578542510121456 0.5407653688524591 0.41230212550607287 0.5278534836065574 0.4158415991902834 0.49055430327868854 0.4099428137651822 0.4207366803278689 0.408290991902834 0.3805676229508197 0.39201012145748987 0.38869774590163936
0 0.4134817813765182 0.44273360655737704 0.41182995951417 0.46951331967213117 0.40663917004048583 0.5001178278688525 0.4038076923076923 0.5221147540983606 0.4052236842105263 0.5455471311475409 0.4151336032388664 0.5493729508196721 0.4233917004048583 0.5426772540983607 0.4318861336032389 0.538373975409836 0.4443917004048583 0.5235502049180328 0.44769483805668014 0.5053780737704918 0.4366052631578947 0.39300102459016395 0.4207965587044535 0.3738729508196721 0.41560526315789476 0.3915665983606557 0.41371761133603235 0.40399999999999997 0.41324595141700404 0.4207366803278689
0 0.4610480769230769 0.39597540983606555 0.46811639676113365 0.5210665983606557 0.4607029352226721 0.5451762295081967 0.45035829959514173 0.5615983606557378 0.44363461538461535 0.5588032786885246 0.4377727732793522 0.5402848360655738 0.435876012145749 0.5308504098360656 0.4353588056680162 0.5119815573770492 0.4377727732793522 0.46201536885245903 0.43949696356275303 0.41728995901639343 0.444669028340081 0.37990266393442623 0.45742712550607284 0.3813002049180328
0 0.43637044534412955 0.7336188524590164 0.43309463562753037 0.6840020491803279 0.4301634615384616 0.6371803278688525 0.4320602226720648 0.610625 0.4360253036437247 0.586515368852459 0.44274949392712554 0.5763821721311475 0.4491285425101214 0.5770809426229508 0.45240435222672065 0.5882622950819673 0.4610247975708502 0.5868647540983606 0.4655075910931174 0.5868647540983606 0.46843825910931175 0.5997930327868852 0.4605075910931174 0.642421106557377 0.4508527327935223 0.7084610655737704 0.4487839068825911 0.7392100409836067 0.442922064777328 0.7444508196721311
0 0.4712024291497976 0.7668770491803278 0.45958957489878544 0.6603647540983606 0.4575207489878543 0.6194825819672132 0.4561417004048583 0.6027110655737705 0.4576933198380567 0.5901321721311475 0.46958957489878544 0.5866372950819672 0.48062348178137654 0.5978186475409836 0.4854509109311741 0.6117961065573772 0.48614068825910933 0.672594262295082 0.4863132591093118 0.7326936475409837 0.4837272267206478 0.7693821721311476 0.475623987854251 0.7742735655737705
0 0.4766255060728745 0.39552459016393443 0.47559109311740894 0.45632274590163935 0.47645344129554656 0.4776372950819672 0.47369483805668017 0.5024456967213115 0.4705915991902834 0.5202663934426229 0.4723152834008097 0.5461229508196721 0.4800738866396761 0.5594006147540984 0.4914529352226721 0.5594006147540984 0.4969696356275303 0.543327868852459 0.4964524291497976 0.5020963114754098 0.4923147773279352 0.4559733606557377 0.48852176113360324 0.4143934426229508 0.48593572874493923 0.3850420081967213 0.48334969635627534 0.37455942622950816 0.4785222672064777 0.3881864754098361 0.4766255060728745 0.3976209016393442
0 0.5036128542510121 0.35899590163934425 0.5030956477732793 0.41839651639344266 0.5017165991902834 0.4564836065573771 0.5006821862348177 0.48513524590163937 0.49688917004048583 0.5228719262295082 0.4967165991902834 0.5396444672131148 0.49826821862348175 0.561656762295082 0.5024063765182186 0.5700430327868852 0.5237849190283401 0.5696936475409836 0.528956983805668 0.5651516393442623 0.5308537449392713 0.5361495901639345 0.5255091093117409 0.49946106557377046 0.522577935222672 0.4631219262295082 0.5220607287449394 0.43377151639344264 0.5198193319838057 0.40581762295081963 0.5165435222672065 0.37891290983606557 0.5125784412955465 0.3565502049180328 0.5061993927125507 0.3541045081967213
0 0.5443016194331983 0.3768165983606558 0.5372327935222672 0.4508924180327869 0.533956983805668 0.4830389344262295 0.5303365384615384 0.5256670081967214 0.5286123481781376 0.549077868852459 0.5301639676113361 0.5724887295081967 0.547922064777328 0.5745860655737706 0.5598183198380567 0.5641034836065575 0.558783906882591 0.5169323770491804 0.5567150809716599 0.45368749999999997 0.5568871457489879 0.40442008196721313 0.5555080971659919 0.36877971311475405 0.5511978744939271 0.3607428278688524
0 0.5699331983805669 0.37868852459016394 0.5652783400809717 0.4318002049180328 0.5656229757085021 0.46988627049180326 0.5626923076923077 0.5062254098360656 0.5606234817813764 0.5292868852459016 0.5597611336032389 0.5464088114754098 0.5620025303643725 0.5593370901639344 0.5770020242914979 0.5631803278688524 0.5801052631578948 0.5614334016393442 0.583209008097166 0.5383719262295082 0.5809676113360324 0.5051772540983607 0.5799331983805669 0.449969262295082 0.5790708502024291 0.4129313524590164 0.5766573886639675 0.3772909836065574 0.5721745951417004 0.37274897540983604
0 0.5949630566801619 0.35762499999999997 0.5949630566801619 0.4166762295081967 0.5927216599190284 0.4750286885245901 0.5901356275303643 0.5120665983606557 0.5944458502024291 0.5550450819672131 0.604789979757085 0.5718176229508197 0.6137555668016194 0.5718176229508197 0.6222034412955465 0.5323329918032788 0.617376012145749 0.4648954918032787 0.6128932186234818 0.4075911885245902 0.6066867408906883 0.3625174180327869 0.5980662955465587 0.3558780737704918
0 0.6234423076923077 0.3743012295081967 0.6179251012145749 0.42741290983606556 0.6137874493927126 0.4675952868852459 0.6110288461538461 0.4913555327868852 0.6094772267206477 0.5105737704918033 0.6130976720647773 0.5399241803278688 0.6325799595141701 0.5483104508196721 0.6427520242914979 0.541671106557377 0.6463724696356276 0.5179108606557377 0.6408557692307691 0.48821106557377053 0.6399934210526316 0.45641393442622946 0.6410278340080972 0.39247131147540987 0.6379245951417004 0.36486680327868853 0.6260283400809716 0.36451741803278687
0 0.6495334008097167 0.3712612704918033 0.6477586032388664 0.4098084016393443 0.6429311740890689 0.45837704918032784 0.6413795546558705 0.4751485655737705 0.6398274291497975 0.4929692622950819 0.6389655870445344 0.5058975409836065 0.6394827935222672 0.5170788934426229 0.6420688259109312 0.5300071721311476 0.6479306680161943 0.5355983606557377 0.6548274291497976 0.5422366803278688 0.667412955465587 0.5373452868852459 0.6696543522267207 0.531404713114754 0.6701715587044534 0.5024036885245902 0.6668957489878543 0.47410040983606555 0.6636199392712551 0.4395081967213115 0.6622408906882591 0.41225409836065574 0.6610339068825911 0.38639754098360657 0.6582753036437247 0.3612397540983606 0.6532753036437248 0.36054098360655734
0 0.6783087044534413 0.38347643442622953 0.6746882591093117 0.4372868852459016 0.6710678137651822 0.4641915983606557 0.6721022267206478 0.4883012295081967 0.6683092105263158 0.5187008196721311 0.6846877530364373 0.5019282786885246 0.692790991902834 0.49878381147540984 0.6989979757085021 0.504375 0.7022737854251012 0.4816629098360656 0.7014114372469635 0.4491670081967213 0.6979635627530364 0.41422540983606554 0.6971012145748988 0.38417520491803275 0.6907221659919028 0.35936680327868853 0.6803775303643724 0.3771875
0 0.7040177125506072 0.37785040983606555 0.7085005060728745 0.4180338114754098 0.7050521255060729 0.4547223360655738 0.7043623481781376 0.4693975409836066 0.703673076923077 0.4924590163934426 0.7041902834008097 0.5078340163934426 0.7072935222672065 0.5176168032786885 0.717638157894737 0.5235573770491804 0.7295344129554655 0.5169180327868852 0.7372925101214576 0.5039897540983607 0.7393613360323887 0.48372438524590167 0.7381548582995952 0.46485553278688524 0.7360855263157895 0.44843340163934425 0.7353962550607288 0.4232745901639344 0.7338446356275303 0.3872848360655738 0.7326376518218624 0.3743565573770492 0.72746508097166 0.3631752049180328 0.7185 0.36387397540983607 0.7131553643724696 0.3698145491803279 0.7072935222672065 0.3743565573770492
0 0.7362580971659919 0.39217725409836063 0.7376376518218623 0.4047561475409836 0.7367753036437247 0.4337571721311475 0.7366027327935223 0.456469262295082 0.7417753036437247 0.47848258196721316 0.7507403846153846 0.48372438524590167 0.7652226720647773 0.479530737704918 0.7731533400809717 0.4585655737704918 0.7766017206477733 0.4383002049180328 0.7764291497975708 0.42502254098360653 0.769878036437247 0.40335860655737704 0.7674640688259109 0.38798360655737707 0.7657398785425101 0.3698145491803279 0.7647054655870446 0.3439579918032787 0.7581538461538462 0.33417418032786883 0.7476371457489878 0.3331260245901639 0.7407408906882591 0.34255942622950825 0.73746508097166 0.3572356557377049 0.7359134615384615 0.372609631147541
0 0.5035607287449393 0.7398688524590163 0.4908026315789474 0.6794190573770492 0.48631983805668016 0.6374897540983607 0.4833891700404858 0.5976557377049181 0.48080263157894737 0.5794866803278688 0.48821659919028343 0.5721485655737705 0.5011472672064777 0.577390368852459 0.5026988866396761 0.5801854508196721 0.5056295546558705 0.6004518442622951 0.5058021255060728 0.6329477459016393 0.5059746963562753 0.6525143442622952 0.5075263157894737 0.6710338114754099 0.5097672064777328 0.691998975409836 0.5106295546558705 0.7091198770491803 0.5113193319838056 0.7283381147540983 0.507870951417004 0.7423145491803279
0 0.5060728744939271 0.6024590163934426 0.5055668016194332 0.6362704918032787 0.5116396761133604 0.7049180327868853 0.520242914979757 0.7418032786885246 0.520748987854251 0.7520491803278688 0.5253036437246964 0.7540983606557377 0.527834008097166 0.7264344262295082 0.5247975708502024 0.6936475409836066 0.5217611336032388 0.6065573770491803 0.5141700404858299 0.5983606557377049
0 0.5197348178137652 0.6016362704918032 0.5279326923076922 0.6665102459016393 0.5332024291497975 0.7143739754098362 0.5441325910931174 0.7155604508196721 0.5415951417004049 0.6823329918032787 0.5423760121457489 0.6261618852459017 0.5417904858299595 0.5960983606557377 0.5244190283400809 0.5937243852459017
0 0.5382768218623482 0.5936895491803279 0.5452869433198381 0.6756649590163935 0.5530946356275304 0.7369784836065574 0.5595354251012146 0.7512192622950821 0.5605111336032388 0.5957602459016393
0 0.5599564777327934 0.6027325819672131 0.5685445344129555 0.7115143442622951 0.5771325910931174 0.7672899590163934 0.5888431174089069 0.7933975409836066 0.5964554655870445 0.7613565573770491 0.591575910931174 0.6810553278688525 0.5874772267206477 0.6185553278688525 0.5839635627530364 0.5952161885245902 0.5734240890688259 0.5829538934426229 0.5658117408906883 0.5916567622950819
0 0.608752024291498 0.7577961065573771 0.5964554655870445 0.6964825819672131 0.592746963562753 0.6517827868852459 0.5882575910931174 0.6138084016393442 0.5890384615384615 0.5924477459016394 0.5980167004048583 0.5857223360655738 0.6146072874493926 0.5892827868852459 0.6175349190283401 0.6086659836065573 0.6167545546558705 0.6525737704918033 0.6177302631578947 0.7186342213114754 0.6198775303643724 0.7601690573770491
0 0.6455086032388665 0.7659098360655738 0.6310652834008097 0.7089477459016393 0.6250146761133604 0.6646434426229508 0.617793016194332 0.6333934426229508 0.612327935222672 0.6148012295081968 0.6101806680161944 0.5954190573770493 0.6193542510121458 0.5843422131147541 0.6291133603238867 0.5811782786885246 0.6388724696356275 0.5882981557377049 0.642580971659919 0.6128237704918033 0.6455086032388665 0.6602920081967214 0.6478507085020243 0.7022223360655738 0.6515592105263158 0.7437581967213115 0.6539013157894736 0.7659098360655738
0 0.674746963562753 0.7587469262295082 0.6593274291497975 0.697828893442623 0.657961032388664 0.6562940573770492 0.642542004048583 0.6084303278688524 0.6394190283400809 0.5771803278688524 0.6515202429149798 0.5653125 0.6616695344129555 0.5649170081967213 0.6716239878542509 0.5613575819672131 0.677869939271255 0.5605665983606558 0.68840991902834 0.5755973360655738 0.6930941295546559 0.6021014344262294 0.6923132591093117 0.6341424180327869 0.6968026315789474 0.6693483606557377 0.7020723684210527 0.7033668032786885 0.7071472672064778 0.7239364754098361 0.7026578947368421 0.7409467213114754 0.6872388663967611 0.7488575819672131
0 0.7231467611336033 0.7079354508196721 0.7088982793522267 0.6640276639344262 0.6979681174089069 0.6264477459016393 0.6897702429149798 0.6118114754098362 0.6856715587044534 0.5944067622950819 0.6854762145748988 0.5667172131147541 0.6948451417004048 0.5572233606557377 0.6999200404858299 0.5651342213114754 0.7073365384615384 0.5540584016393443 0.7157297570850202 0.5489159836065574 0.7237322874493928 0.5489159836065574 0.7280263157894736 0.5592008196721311 0.7307586032388664 0.5785840163934426 0.7350526315789473 0.5987581967213115 0.7393466599190284 0.6272397540983607 0.7485202429149798 0.6545338114754099 0.7555470647773279 0.6723340163934426 0.7600359311740891 0.7000245901639345 0.7563274291497976 0.7083309426229508 0.7440308704453441 0.7111004098360656 0.7336862348178137 0.7146608606557378 0.7299777327935222 0.7158473360655738
0 0.7731022267206478 0.6683360655737706 0.7578780364372469 0.6382725409836065 0.751241902834008 0.6173073770491803 0.7438248987854251 0.6018801229508196 0.7352368421052632 0.5880358606557377 0.7326998987854251 0.5761680327868853 0.7295769230769231 0.5627192622950821 0.7268441295546558 0.5484784836065575 0.7266492914979756 0.5338422131147541 0.7293815789473684 0.5211834016393443 0.7348466599190283 0.5207879098360656 0.7405070850202429 0.523952868852459 0.7459721659919029 0.5211834016393443 0.751241902834008 0.5144590163934426 0.7574878542510122 0.5112950819672131 0.7697844129554656 0.5168329918032787 0.7736877530364372 0.5385891393442623 0.7809099190283401 0.5587633196721311 0.7869605263157895 0.5840799180327869 0.7934013157894737 0.6062315573770491 0.7978906882591094 0.6224497950819672 0.7990617408906883 0.6402510245901639 0.7935966599190283 0.6525133196721311 0.7840328947368421 0.6580512295081967 0.7729073886639677 0.6703145491803278