0 0.6818018018018018 0.31824324324324327 0.683963963963964 0.3256756756756757 0.6789189189189189 0.32972972972972975 0.6807207207207208 0.33378378378378376 0.6940540540540541 0.34594594594594597 0.7041441441441442 0.3662162162162162 0.7145945945945946 0.37027027027027026 0.7178378378378378 0.3675675675675676 0.7297297297297297 0.3452702702702703 0.7308108108108108 0.33783783783783783 0.7293693693693694 0.33378378378378376 0.7354954954954955 0.30945945945945946 0.7347747747747748 0.30202702702702705 0.7297297297297297 0.28986486486486485 0.7156756756756757 0.2831081081081081 0.7102702702702702 0.2864864864864865 0.6962162162162162 0.30675675675675673 0.6918918918918919 0.30608108108108106
0 0.6789189189189189 0.3236486486486487 0.6785585585585585 0.3310810810810811 0.6753153153153153 0.33378378378378376 0.6875675675675675 0.4540540540540541 0.6926126126126126 0.4689189189189189 0.7091891891891892 0.4668918918918919 0.7243243243243244 0.43243243243243246 0.7246846846846847 0.4155405405405405 0.7228828828828829 0.4081081081081081 0.7085884684684685 0.3806304054054054 0.6893693693693693 0.3202702702702703 0.6814414414414415 0.3202702702702703
0 0.6500900900900901 0.39594594594594595 0.6515315315315315 0.4060810810810811 0.6508108108108108 0.4263513513513513 0.6446846846846847 0.4608108108108108 0.645045045045045 0.48445945945945945 0.6472072072072073 0.4972972972972973 0.6533333333333333 0.5101351351351351 0.6594594594594595 0.5135135135135135 0.6814414414414415 0.5060810810810811 0.6864864864864865 0.4939189189189189 0.6897297297297297 0.4743243243243243 0.6897297297297297 0.4648648648648649 0.6868468468468468 0.44391891891891894 0.6807207207207208 0.422972972972973 0.6818018018018018 0.40337837837837837 0.6778378378378378 0.3844594594594595 0.670990990990991 0.36486486486486486 0.6576576576576577 0.36486486486486486
0 0.7563963963963964 0.525 0.7560360360360361 0.5337837837837838 0.7589189189189189 0.5540540540540541 0.7643243243243243 0.5641891891891891 0.7758558558558558 0.5709459459459459 0.7902702702702703 0.5662162162162162 0.7956756756756757 0.5608108108108109 0.8032432432432433 0.5425675675675675 0.8068468468468468 0.529054054054054 0.8068468468468468 0.5202702702702703 0.8054054054054054 0.5121621621621621 0.7891891891891892 0.4756756756756757 0.7812612612612613 0.46824324324324323 0.7744144144144144 0.46756756756756757 0.7672072072072073 0.4743243243243243 0.7657657657657657 0.4783783783783784
0 0.7023423423423424 0.5263513513513514 0.7030630630630631 0.5412162162162162 0.7077477477477477 0.5554054054054054 0.7322331531531531 0.5827405405405406 0.7560360360360361 0.6425675675675676 0.7632432432432432 0.65 0.772972972972973 0.6452702702702703 0.7758558558558558 0.6385135135135135 0.7472036036036035 0.5777898648648648 0.7812612612612613 0.6229729729729729 0.7834234234234234 0.6222972972972973 0.774054054054054 0.5756756756756757 0.7589452252252252 0.5546885135135134 0.7499099099099099 0.49527027027027026 0.7423423423423423 0.4817567567567568 0.7351351351351352 0.4783783783783784 0.7279279279279279 0.4837837837837838 0.7124324324324325 0.5074324324324324 0.7066666666666667 0.5121621621621621
0 0.7632432432432432 0.6027027027027027 0.7614414414414414 0.6101351351351352 0.7639639639639639 0.6175675675675676 0.7675675675675676 0.606081081081081
0 0.652972972972973 0.572972972972973 0.6558558558558558 0.5925675675675676 0.6645045045045045 0.6074324324324324 0.6756756756756757 0.6337837837837837 0.6944144144144144 0.6972972972972973 0.7073873873873874 0.7175675675675676 0.7153153153153153 0.7175675675675676 0.7153153153153153 0.7047297297297297 0.7106306306306306 0.6891891891891891 0.6949535135135135 0.6360952702702704 0.7017052252252252 0.6316945945945946 0.7243243243243244 0.6858108108108109 0.7357556756756757 0.7103513513513513 0.7392781981981982 0.6971499999999999 0.7300900900900901 0.672972972972973 0.7286486486486486 0.6621621621621622 0.7221621621621621 0.6418918918918919 0.7077477477477477 0.5682432432432433 0.7084684684684684 0.5628378378378378 0.7027027027027027 0.5385135135135135 0.6969369369369369 0.5317567567567567 0.6897297297297297 0.5385135135135135 0.6774774774774774 0.5398648648648648 0.6738738738738739 0.5445945945945946 0.6745945945945946 0.5506756756756757 0.6627027027027027 0.5581081081081081 0.654054054054054 0.5689189189189189
0 0.6201801801801802 0.5986486486486486 0.6201801801801802 0.6135135135135135 0.6333106306306306 0.6451743243243243 0.6605405405405406 0.7520270270270271 0.6655855855855856 0.7594594594594595 0.6735135135135135 0.7621621621621621 0.676036036036036 0.7554054054054054 0.6771171171171171 0.7439189189189189 0.6735135135135135 0.7162162162162162 0.6594594594594595 0.6608108108108108 0.6601801801801802 0.654054054054054 0.6536936936936937 0.6189189189189189 0.6547747747747747 0.597972972972973 0.652972972972973 0.5912162162162162 0.6500900900900901 0.5858108108108108 0.6342342342342342 0.5783783783783784 0.6306306306306306 0.581081081081081
0 0.5963963963963964 0.6229729729729729 0.5942342342342343 0.6358108108108108 0.6028828828828828 0.6885135135135135 0.6025225225225225 0.7243243243243244 0.6050450450450451 0.7385135135135135 0.6057657657657658 0.7614864864864865 0.6129729729729729 0.7804054054054054 0.6190990990990991 0.7817567567567567 0.6227027027027027 0.7756756756756756 0.6234234234234234 0.6959459459459459 0.6273873873873874 0.6324324324324324 0.6216216216216216 0.6114864864864865 0.6187387387387387 0.6067567567567568 0.6079279279279279 0.606081081081081
0 0.5581981981981982 0.7162162162162162 0.5574774774774774 0.7560810810810811 0.5682882882882883 0.772972972972973 0.5722522522522523 0.7736486486486487 0.5765765765765766 0.7695945945945946 0.585945945945946 0.7385135135135135 0.5938738738738739 0.6932432432432433 0.5981981981981982 0.6587837837837838 0.5953153153153153 0.629054054054054 0.5827027027027027 0.6256756756756757 0.5711711711711712 0.6452702702702703 0.563963963963964 0.6804054054054054 0.5603603603603604 0.6878378378378378
0 0.5365765765765765 0.6337837837837837 0.5376576576576576 0.6587837837837838 0.5423423423423424 0.6898648648648649 0.5445045045045045 0.7594594594594595 0.5531531531531532 0.7608108108108108 0.5556756756756757 0.7581081081081081 0.5571171171171171 0.7520270270270271 0.5625225225225226 0.677027027027027 0.5625225225225226 0.6371621621621621 0.5585585585585585 0.6277027027027027 0.5491891891891892 0.6236486486486487 0.5423423423423424 0.6263513513513513
0 0.5145945945945946 0.6385135135135135 0.5135135135135135 0.6506756756756756 0.518918918918919 0.6871621621621622 0.5210810810810811 0.7452702702702703 0.525045045045045 0.7614864864864865 0.5297297297297298 0.7608108108108108 0.5333333333333333 0.7560810810810811 0.5354954954954955 0.7364864864864865 0.5372972972972972 0.6371621621621621 0.5336936936936937 0.6297297297297297 0.5221621621621622 0.6297297297297297 0.5181981981981982 0.6317567567567568
0 0.48576576576576574 0.6371621621621621 0.49585585585585584 0.7054054054054054 0.4972972972972973 0.7331081081081081 0.5012612612612612 0.7520270270270271 0.5005405405405405 0.7554054054054054 0.5048648648648648 0.7675675675675676 0.5084684684684685 0.7682432432432432 0.5127927927927928 0.7527027027027027 0.5131531531531531 0.6405405405405405 0.5102702702702703 0.6310810810810811 0.5037837837837837 0.6283783783783784 0.49261261261261263 0.6297297297297297
0 0.46522522522522525 0.6459459459459459 0.4634234234234234 0.6709459459459459 0.4727927927927928 0.7398648648648649 0.4781981981981982 0.7608108108108108 0.4818018018018018 0.7682432432432432 0.49405405405405406 0.7641891891891892 0.49585585585585584 0.7560810810810811 0.49585585585585584 0.7391891891891892 0.489009009009009 0.6533783783783784 0.4828828828828829 0.6412162162162162 0.4789189189189189 0.6391891891891892 0.46702702702702703 0.6412162162162162
0 0.4343218018018018 0.6445689189189189 0.43454018018018015 0.6784506756756756 0.4343218018018018 0.7238351351351352 0.4341037837837838 0.7561358108108107 0.4343218018018018 0.7720810810810811 0.43497657657657657 0.7794412162162163 0.4415225225225225 0.7868006756756756 0.45265045045045044 0.7728993243243244 0.45919639639639637 0.7058445945945947 0.4646515315315315 0.649420945945946 0.458541981981982 0.6257067567567568 0.45505081081081084 0.6273425675675676 0.4489412612612612 0.6150763513513513 0.4341037837837838 0.6244804054054054
0 0.3917117117117117 0.6310810810810811 0.3917117117117117 0.6466216216216216 0.3971171171171171 0.706081081081081 0.3981981981981982 0.7520270270270271 0.40072072072072074 0.7614864864864865 0.40612612612612614 0.7655405405405405 0.4118918918918919 0.7648648648648648 0.41549549549549547 0.7135135135135136 0.42162162162162165 0.6790540540540541 0.4237837837837838 0.6554054054054054 0.42774774774774776 0.6391891891891892 0.42774774774774776 0.6304054054054054 0.4212612612612613 0.6162162162162163 0.4118918918918919 0.6054054054054054 0.40756756756756757 0.6054054054054054 0.39747747747747747 0.6108108108108108
0 0.33513513513513515 0.7277027027027027 0.33369369369369367 0.7445945945945946 0.3354954954954955 0.7486486486486487 0.34234234234234234 0.7506756756756757 0.3488288288288288 0.7432432432432432 0.38774774774774773 0.6378378378378379 0.390990990990991 0.6344594594594595 0.39423423423423426 0.6243243243243243 0.3956756756756757 0.6108108108108108 0.3924324324324324 0.5972972972972973 0.38666666666666666 0.5945945945945946 0.3816216216216216 0.5878378378378378 0.36504504504504504 0.5871621621621622 0.35963963963963963 0.5918918918918918 0.3563963963963964 0.6067567567567568 0.3563963963963964 0.620945945945946 0.33765765765765765 0.7087837837837838
0 0.3030630630630631 0.5601351351351351 0.30126126126126124 0.5898648648648649 0.2951351351351351 0.6331081081081081 0.289009009009009 0.6513513513513514 0.2818018018018018 0.6844594594594594 0.27591063063063065 0.7170939189189189 0.2828828828828829 0.7243243243243244 0.28468468468468466 0.7168918918918918 0.29225225225225226 0.7047297297297297 0.31191315315315316 0.643906081081081 0.3193318918918919 0.6467682432432432 0.2983783783783784 0.7108108108108108 0.2972972972972973 0.7168918918918918 0.29873873873873874 0.7290540540540541 0.3127927927927928 0.7168918918918918 0.3210810810810811 0.7013513513513514 0.3300900900900901 0.6756756756756757 0.3354954954954955 0.6452702702702703 0.3466666666666667 0.6189189189189189 0.35567567567567565 0.6054054054054054 0.36036036036036034 0.5885135135135136 0.3589189189189189 0.5756756756756757 0.35315315315315315 0.5675675675675675 0.3441441441441441 0.5648648648648649 0.33153153153153153 0.5513513513513514 0.31963963963963965 0.5445945945945946 0.31027027027027027 0.5432432432432432 0.3052252252252252 0.552027027027027
0 0.22918918918918918 0.6283783783783784 0.2281081081081081 0.6466216216216216 0.230990990990991 0.654054054054054 0.2371171171171171 0.6587837837837838 0.24396396396396397 0.677027027027027 0.24864864864864866 0.6743243243243243 0.277547027027027 0.6056108108108108 0.3005405405405405 0.5777027027027027 0.30414414414414415 0.5540540540540541 0.3081081081081081 0.5445945945945946 0.3063063063063063 0.5310810810810811 0.2983783783783784 0.5216216216216216 0.28936936936936936 0.5175675675675676 0.28468468468468466 0.5054054054054054 0.27783783783783783 0.497972972972973 0.270990990990991 0.49527027027027026 0.26198198198198197 0.5027027027027027 0.2572972972972973 0.5128378378378379 0.2526126126126126 0.5385135135135135 0.2500900900900901 0.5445945945945946 0.24900900900900902 0.5635135135135135 0.2454054054054054 0.5777027027027027 0.2363963963963964 0.5912162162162162
0 0.21153153153153154 0.5216216216216216 0.20936936936936937 0.5344594594594595 0.21045045045045044 0.55 0.21225225225225225 0.5601351351351351 0.21513513513513513 0.5628378378378378 0.2209009009009009 0.5918918918918918 0.22918918918918918 0.5925675675675676 0.23783783783783785 0.5891891891891892 0.24612612612612614 0.5797297297297297 0.2508108108108108 0.5675675675675675 0.2518918918918919 0.5364864864864864 0.2436036036036036 0.504054054054054 0.23207207207207206 0.49527027027027026 0.22414414414414413 0.4939189189189189 0.21513513513513513 0.5087837837837837
0 0.27603603603603605 0.31216216216216214 0.27315315315315314 0.3216216216216216 0.27387387387387385 0.33378378378378376 0.28936936936936936 0.3777027027027027 0.2911711711711712 0.3804054054054054 0.29765765765765767 0.3810810810810811 0.30882882882882884 0.3695945945945946 0.3131531531531532 0.3567567567567568 0.31963963963963965 0.3256756756756757 0.31747747747747745 0.31148648648648647 0.31135135135135134 0.3027027027027027 0.3117117117117117 0.2945945945945946 0.31027027027027027 0.29121621621621624 0.3055855855855856 0.2918918918918919 0.298018018018018 0.2864864864864865 0.28864864864864864 0.2945945945945946
0 0.2857657657657658 0.43243243243243246 0.2857657657657658 0.44324324324324327 0.29153153153153155 0.45878378378378376 0.30666666666666664 0.4817567567567568 0.31423423423423424 0.48783783783783785 0.32360360360360363 0.4831081081081081 0.3279279279279279 0.4581081081081081 0.32900900900900903 0.4222972972972973 0.3318918918918919 0.4 0.338018018018018 0.372972972972973 0.33837837837837836 0.3567567567567568 0.33369369369369367 0.33513513513513515 0.3264864864864865 0.3290540540540541 0.32036036036036036 0.3344594594594595 0.3145945945945946 0.3601351351351351 0.3045045045045045 0.3858108108108108 0.30342342342342343 0.39256756756756755 0.28936936936936936 0.4168918918918919
0 0.3279279279279279 0.46216216216216216 0.32576576576576577 0.4804054054054054 0.32684684684684684 0.4891891891891892 0.3318918918918919 0.5006756756756757 0.33765765765765765 0.5074324324324324 0.3574774774774775 0.5222972972972973 0.36504504504504504 0.5168918918918919 0.37189189189189187 0.5047297297297297 0.37333333333333335 0.4939189189189189 0.37333333333333335 0.46959459459459457 0.3661261261261261 0.4189189189189189 0.3661261261261261 0.3885135135135135 0.3621621621621622 0.37567567567567567 0.3574774774774775 0.37094594594594593 0.3488288288288288 0.372972972972973
0 0.3708108108108108 0.43513513513513513 0.37189189189189187 0.5033783783783784 0.3682882882882883 0.5128378378378379 0.3682882882882883 0.5351351351351351 0.369009009009009 0.5391891891891892 0.37657657657657656 0.5506756756756757 0.38414414414414416 0.5527027027027027 0.39315315315315313 0.5452702702702703 0.39963963963963967 0.5344594594594595 0.4025225225225225 0.529054054054054 0.40396396396396395 0.518918918918919 0.3935135135135135 0.39594594594594595 0.3924324324324324 0.3878378378378378 0.38738738738738737 0.3804054054054054 0.3837837837837838 0.37972972972972974 0.3790990990990991 0.3891891891891892
0 0.3981981981981982 0.4243243243243243 0.39603603603603604 0.43986486486486487 0.39747747747747747 0.44594594594594594 0.3978378378378378 0.4668918918918919 0.4028828828828829 0.5 0.40324324324324323 0.5182432432432432 0.40072072072072074 0.5304054054054054 0.39747747747747747 0.5331081081081082 0.3971171171171171 0.5445945945945946 0.4028828828828829 0.5601351351351351 0.4158558558558559 0.5621621621621622 0.4198198198198198 0.5567567567567567 0.4212612612612613 0.5506756756756757 0.4291891891891892 0.5418918918918919 0.4320720720720721 0.5297297297297298 0.4317117117117117 0.5047297297297297 0.4284684684684685 0.4864864864864865 0.42486486486486486 0.42567567567567566 0.42558558558558557 0.40878378378378377 0.4227027027027027 0.3993243243243243 0.4237837837837838 0.3952702702702703 0.4198198198198198 0.3858108108108108 0.4165765765765766 0.3939189189189189 0.4064864864864865 0.40337837837837837
0 0.4327927927927928 0.4804054054054054 0.43243243243243246 0.5351351351351351 0.4306306306306306 0.543918918918919 0.430990990990991 0.5527027027027027 0.43567567567567567 0.5716216216216217 0.43891891891891893 0.577027027027027 0.44324324324324327 0.577027027027027 0.45585585585585586 0.5587837837837838 0.4594594594594595 0.527027027027027 0.461981981981982 0.4743243243243243 0.4616216216216216 0.44256756756756754 0.4587387387387387 0.4155405405405405 0.4526126126126126 0.3810810810810811 0.44756756756756755 0.372972972972973 0.44288288288288286 0.377027027027027
0 0.4572972972972973 0.5432432432432432 0.45693693693693693 0.5587837837837838 0.4627027027027027 0.5722972972972973 0.4688288288288288 0.5777027027027027 0.47927927927927927 0.5756756756756757 0.4864864864864865 0.5101351351351351 0.48936936936936937 0.4506756756756757 0.48576576576576574 0.4114864864864865 0.4836036036036036 0.40743243243243243 0.47855855855855856 0.4060810810810811 0.47315315315315315 0.4114864864864865 0.46378378378378377 0.46621621621621623
0 0.4875675675675676 0.4114864864864865 0.4875675675675676 0.43513513513513513 0.4883257657657658 0.4816560810810811 0.4810810810810811 0.5554054054054054 0.48144144144144146 0.5797297297297297 0.4897297297297297 0.597972972972973 0.501981981981982 0.6013513513513513 0.5127927927927928 0.5918918918918918 0.5149549549549549 0.5756756756756757 0.5135135135135135 0.5331081081081082 0.5149549549549549 0.4966216216216216 0.5117117117117117 0.4277027027027027 0.5095495495495496 0.4027027027027027 0.5027027027027027 0.3716216216216216 0.4990990990990991 0.3722972972972973 0.49333333333333335 0.3804054054054054 0.4918918918918919 0.3898648648648649 0.4897297297297297 0.39256756756756755
0 0.5131531531531531 0.4614864864864865 0.5127927927927928 0.5466216216216216 0.5142342342342342 0.5885135135135136 0.5210810810810811 0.5966216216216216 0.5300900900900901 0.5972972972972973 0.5351351351351351 0.5912162162162162 0.5387387387387388 0.5797297297297297 0.5412612612612613 0.5608108108108109 0.5401801801801802 0.543918918918919 0.5383783783783784 0.5378378378378378 0.5398198198198199 0.44932432432432434 0.538018018018018 0.41486486486486485 0.532972972972973 0.40202702702702703 0.5254054054054054 0.3945945945945946 0.5214414414414414 0.4 0.5181981981981982 0.4114864864864865
0 0.5376576576576576 0.4783783783783784 0.5354954954954955 0.5391891891891892 0.5409009009009009 0.5594594594594594 0.5488288288288288 0.5689189189189189 0.5567567567567567 0.5533783783783783 0.5603603603603604 0.5263513513513514 0.5567567567567567 0.5054054054054054 0.5563963963963964 0.4608108108108108 0.5646846846846847 0.3810810810810811 0.5643243243243243 0.3587837837837838 0.5603603603603604 0.3472972972972973 0.5563963963963964 0.3493243243243243 0.5517117117117117 0.3668918918918919
0 0.6133333333333333 0.3885135135135135 0.6129729729729729 0.3966216216216216 0.618018018018018 0.4081081081081081 0.6212612612612612 0.42162162162162165 0.6223423423423423 0.43648648648648647 0.6172972972972973 0.49594594594594593 0.6187387387387387 0.5209459459459459 0.621981981981982 0.529054054054054 0.6342342342342342 0.5432432432432432 0.6425225225225225 0.5459459459459459 0.6500900900900901 0.5304054054054054 0.6515315315315315 0.5135135135135135 0.6392792792792793 0.4155405405405405 0.6353153153153153 0.40405405405405403 0.6209009009009009 0.37972972972972974 0.618018018018018 0.37972972972972974
0 0.5899099099099099 0.3858108108108108 0.5906306306306306 0.46756756756756757 0.5902702702702702 0.48243243243243245 0.5866666666666667 0.5101351351351351 0.5866666666666667 0.5263513513513514 0.5891891891891892 0.5405405405405406 0.5917117117117117 0.5452702702702703 0.5942342342342343 0.5452702702702703 0.6054054054054054 0.5601351351351351 0.6118918918918919 0.5641891891891891 0.6190990990990991 0.5547297297297298 0.623063063063063 0.5364864864864864 0.6190990990990991 0.5067567567567568 0.6187387387387387 0.4918918918918919 0.6216216216216216 0.4635135135135135 0.6190990990990991 0.4189189189189189 0.6126126126126126 0.39594594594594595 0.6097297297297297 0.3912162162162162 0.5935135135135136 0.3810810810810811 0.590990990990991 0.3810810810810811
0 0.5542342342342342 0.46216216216216216 0.5463063063063063 0.5405405405405406 0.5488288288288288 0.5675675675675675 0.5527927927927928 0.5777027027027027 0.5567567567567567 0.581081081081081 0.5603603603603604 0.5797297297297297 0.5682882882882883 0.5560810810810811 0.5812612612612612 0.48986486486486486 0.5805405405405405 0.4412162162162162 0.5758558558558559 0.4155405405405405 0.5726126126126126 0.40878378378378377 0.5668468468468468 0.40675675675675677 0.5603603603603604 0.41824324324324325