0 0.2768218623481781 0.44672131147540983 0.27530364372469635 0.48975409836065575 0.2808704453441296 0.5645491803278688 0.2854251012145749 0.5829918032786885 0.3061740890688259 0.5911885245901639 0.3309716599190283 0.5717213114754098 0.3340080971659919 0.5614754098360656 0.3324898785425101 0.548155737704918 0.3117408906882591 0.46311475409836067 0.3026315789473684 0.4456967213114754 0.2950404858299595 0.4395491803278688 0.2793522267206478 0.4385245901639344
0 0.31781376518218624 0.4180327868852459 0.3173076923076923 0.4702868852459016 0.3355263157894737 0.5686475409836066 0.3582995951417004 0.5819672131147541 0.3851214574898785 0.5604508196721312 0.3861336032388664 0.5430327868852459 0.3633603238866397 0.4395491803278688 0.35728744939271256 0.42827868852459017 0.3259109311740891 0.3985655737704918 0.3208502024291498 0.4036885245901639
0 0.3775303643724696 0.38422131147540983 0.37601214574898784 0.41700819672131145 0.3851214574898785 0.5327868852459017 0.39068825910931176 0.5512295081967213 0.3972672064777328 0.5594262295081968 0.4048582995951417 0.5604508196721312 0.4190283400809717 0.5368852459016393 0.41953441295546556 0.5133196721311475 0.39878542510121456 0.4036885245901639 0.3881578947368421 0.3770491803278688 0.3805668016194332 0.3770491803278688
0 0.40384615384615385 0.3760245901639344 0.40384615384615385 0.42418032786885246 0.4104251012145749 0.49077868852459017 0.4185222672064777 0.5389344262295082 0.4240890688259109 0.5399590163934426 0.44281376518218624 0.5286885245901639 0.44635627530364375 0.5215163934426229 0.44686234817813764 0.5122950819672131 0.44129554655870445 0.36270491803278687 0.4291497975708502 0.35758196721311475 0.41548582995951416 0.35963114754098363
0 0.43724696356275305 0.36475409836065575 0.43876518218623484 0.4405737704918033 0.444331983805668 0.5092213114754098 0.44888663967611336 0.5215163934426229 0.45951417004048584 0.5266393442622951 0.4640688259109312 0.5215163934426229 0.4716599190283401 0.4979508196721312 0.47115384615384615 0.4887295081967213 0.4524291497975709 0.38114754098360654 0.4433198380566802 0.35963114754098363 0.4392712550607287 0.35963114754098363
0 0.4949392712550607 0.3452868852459016 0.4934210526315789 0.34938524590163933 0.5055668016194332 0.48565573770491804 0.5131578947368421 0.4948770491803279 0.5334008097165992 0.4887295081967213 0.5379554655870445 0.4805327868852459 0.5379554655870445 0.4692622950819672 0.5334008097165992 0.3719262295081967 0.5303643724696356 0.35655737704918034 0.5182186234817814 0.3452868852459016
0 0.7383603238866396 0.45901639344262296 0.7398785425101214 0.4774590163934426 0.763663967611336 0.4989754098360656 0.771255060728745 0.5 0.7823886639676113 0.492827868852459 0.7894736842105263 0.46311475409836067 0.7950404858299596 0.4036885245901639 0.7945344129554656 0.38422131147540983 0.7808704453441295 0.3719262295081967 0.7661943319838057 0.3719262295081967 0.7505060728744939 0.4077868852459016
0 0.7272267206477733 0.5327868852459017 0.7272267206477733 0.5502049180327869 0.7302631578947368 0.5625 0.7753036437246964 0.6331967213114754 0.7909919028340081 0.6055327868852459 0.7950404858299596 0.5891393442622951 0.7945344129554656 0.5809426229508197 0.7692307692307693 0.5081967213114754 0.7631578947368421 0.5010245901639344 0.7515182186234818 0.5010245901639344 0.7327935222672065 0.5204918032786885
0 0.6882591093117408 0.5512295081967213 0.6887651821862348 0.5747950819672131 0.7201417004048583 0.6383196721311475 0.7408906882591093 0.6362704918032787 0.7489878542510121 0.6219262295081968 0.7474696356275303 0.6096311475409836 0.7252024291497976 0.5563524590163934 0.7115384615384616 0.5327868852459017 0.707995951417004 0.5307377049180327 0.6928137651821862 0.5409836065573771
0 0.687753036437247 0.5512295081967213 0.6887651821862348 0.5747950819672131 0.7206477732793523 0.6454918032786885 0.7246963562753036 0.6444672131147541 0.729757085020243 0.6301229508196722 0.7368421052631579 0.5922131147540983 0.7262145748987854 0.5297131147540983 0.7211538461538461 0.5215163934426229 0.7125506072874493 0.5215163934426229 0.6923076923076923 0.5409836065573771
0 0.5931174089068826 0.5133196721311475 0.5910931174089069 0.5307377049180327 0.5915991902834008 0.6127049180327869 0.5956477732793523 0.6577868852459017 0.5996963562753036 0.673155737704918 0.6088056680161943 0.6670081967213115 0.6158906882591093 0.6485655737704918 0.618421052631579 0.5665983606557377 0.6153846153846154 0.5327868852459017 0.6082995951417004 0.5051229508196722 0.6022267206477733 0.4969262295081967
0 0.6163967611336032 0.5286885245901639 0.6189271255060729 0.6813524590163934 0.6224696356275303 0.6915983606557377 0.6305668016194332 0.694672131147541 0.6351214574898786 0.6823770491803278 0.6411943319838057 0.6147540983606558 0.6411943319838057 0.5327868852459017 0.631578947368421 0.5092213114754098 0.6260121457489879 0.5092213114754098
0 0.6432186234817814 0.4733606557377049 0.6437246963562753 0.48975409836065575 0.6472672064777328 0.4969262295081967 0.6573886639676113 0.5040983606557377 0.667004048582996 0.5040983606557377 0.6715587044534413 0.4969262295081967 0.6902834008097166 0.36577868852459017 0.6892712550607287 0.3555327868852459 0.6756072874493927 0.35348360655737704
0 0.6214574898785425 0.35655737704918034 0.6123481781376519 0.48155737704918034 0.617914979757085 0.4959016393442623 0.6270242914979757 0.5051229508196722 0.6351214574898786 0.4969262295081967 0.6406882591093117 0.4774590163934426 0.638663967611336 0.34938524590163933 0.6265182186234818 0.3483606557377049
0 0.5733805668016194 0.45799180327868855 0.5733805668016194 0.47540983606557374 0.5814777327935222 0.48770491803278687 0.5885627530364372 0.48975409836065575 0.5956477732793523 0.4805327868852459 0.603744939271255 0.3801229508196721 0.604251012145749 0.3637295081967213 0.6017206477732794 0.3524590163934426 0.5951417004048583 0.35040983606557374 0.5870445344129555 0.36065573770491804
0 0.542004048582996 0.4600409836065574 0.541497975708502 0.48360655737704916 0.5450404858299596 0.49077868852459017 0.5602226720647774 0.4887295081967213 0.5708502024291497 0.47848360655737704 0.5718623481781376 0.3760245901639344 0.5683198380566802 0.35348360655737704 0.5541497975708503 0.3555327868852459 0.548582995951417 0.36168032786885246
0 0.5592105263157895 0.514344262295082 0.5566801619433198 0.5204918032786885 0.5576923076923077 0.5358606557377049 0.5799595141700404 0.6956967213114754 0.5880566801619433 0.6772540983606558 0.5875506072874493 0.6147540983606558 0.5804655870445344 0.5245901639344263 0.5784412955465587 0.5133196721311475 0.5723684210526315 0.507172131147541 0.5642712550607287 0.507172131147541
0 0.5298582995951417 0.5163934426229508 0.5409919028340081 0.632172131147541 0.5536437246963563 0.673155737704918 0.5607287449392713 0.6752049180327869 0.5662955465587044 0.6342213114754098 0.5662955465587044 0.6147540983606558 0.5546558704453441 0.5286885245901639 0.5475708502024291 0.5102459016393442 0.5369433198380567 0.5102459016393442
0 0.5126518218623481 0.5122950819672131 0.5121457489878543 0.5471311475409836 0.520748987854251 0.6137295081967213 0.5237854251012146 0.625 0.5339068825910931 0.632172131147541 0.5364372469635628 0.6065573770491803 0.5334008097165992 0.4969262295081967 0.527834008097166 0.49385245901639346 0.5167004048582996 0.4979508196721312 0.513663967611336 0.5020491803278688
0 0.4893724696356275 0.5297131147540983 0.4888663967611336 0.5502049180327869 0.4974696356275304 0.610655737704918 0.5030364372469636 0.6372950819672131 0.5101214574898786 0.6454918032786885 0.513663967611336 0.6352459016393442 0.5080971659919028 0.5225409836065574 0.5035425101214575 0.5163934426229508
0 0.4660931174089069 0.5440573770491803 0.46710526315789475 0.5952868852459017 0.47368421052631576 0.6659836065573771 0.48431174089068824 0.6967213114754098 0.49544534412955465 0.6967213114754098 0.5010121457489879 0.6772540983606558 0.5030364372469636 0.6424180327868853 0.48785425101214575 0.5450819672131147 0.48431174089068824 0.5327868852459017 0.47520242914979755 0.5276639344262295 0.47115384615384615 0.5297131147540983
0 0.4367408906882591 0.5389344262295082 0.4316801619433198 0.5604508196721312 0.43370445344129555 0.5809426229508197 0.4509109311740891 0.6741803278688525 0.4660931174089069 0.7049180327868853 0.47469635627530365 0.7049180327868853 0.4706477732793522 0.6362704918032787 0.4605263157894737 0.5665983606557377 0.45546558704453444 0.548155737704918 0.44281376518218624 0.5348360655737705
0 0.41143724696356276 0.5788934426229508 0.4104251012145749 0.6014344262295082 0.4144736842105263 0.6465163934426229 0.4276315789473684 0.7202868852459017 0.4493927125506073 0.7274590163934426 0.4534412955465587 0.7161885245901639 0.4534412955465587 0.7008196721311475 0.43623481781376516 0.5584016393442623 0.41700404858299595 0.5665983606557377
0 0.48854554655870447 0.3442786885245902 0.5024645748987854 0.45510348360655734 0.5054473684210526 0.489358606557377 0.4791002024291498 0.4964108606557377 0.4691578947368421 0.4772684426229508 0.4656781376518218 0.4117807377049181 0.45523836032388665 0.34629405737704916 0.4656781376518218 0.3291670081967213