0 0.2281081081081081 0.6027027027027027 0.2273873873873874 0.6155405405405405 0.2317117117117117 0.6229729729729729 0.24396396396396397 0.6222972972972973 0.2554954954954955 0.6162162162162163 0.3037837837837838 0.5682432432432433 0.31027027027027027 0.5527027027027027 0.310990990990991 0.5344594594594595 0.29081081081081084 0.49864864864864866 0.28684684684684686 0.4945945945945946 0.27531531531531533 0.4972972972972973 0.23315315315315316 0.5594594594594594
0 0.37045045045045044 0.5837837837837838 0.36324324324324325 0.7040540540540541 0.3643243243243243 0.7141891891891892 0.369009009009009 0.7216216216216216 0.3769369369369369 0.7182432432432433 0.3809009009009009 0.7054054054054054 0.4025225225225225 0.5790540540540541 0.4028828828828829 0.5594594594594594 0.4003603603603604 0.5567567567567567 0.38882882882882885 0.5567567567567567 0.37801801801801804 0.5628378378378378 0.3715315315315315 0.575
0 0.3491891891891892 0.37027027027027026 0.3463063063063063 0.4972972972972973 0.3491891891891892 0.5121621621621621 0.3589189189189189 0.5216216216216216 0.369009009009009 0.5128378378378379 0.37657657657657656 0.4972972972972973 0.37765765765765763 0.4702702702702703 0.3621621621621622 0.3398648648648649 0.3567567567567568 0.33783783783783783 0.3527927927927928 0.34121621621621623 0.34954954954954953 0.3554054054054054
0 0.39387387387387385 0.5574324324324325 0.3971171171171171 0.697972972972973 0.39963963963963967 0.7121621621621622 0.4082882882882883 0.7277027027027027 0.412972972972973 0.720945945945946 0.4190990990990991 0.6695945945945946 0.4245045045045045 0.572972972972973 0.421981981981982 0.5662162162162162 0.41225225225225226 0.5560810810810811
0 0.37585585585585585 0.3891891891891892 0.37513513513513513 0.40405405405405403 0.38054054054054054 0.46283783783783783 0.3837837837837838 0.46621621621621623 0.4003603603603604 0.4635135135135135 0.38882882882882885 0.3844594594594595 0.3827027027027027 0.3675675675675676 0.3790990990990991 0.3689189189189189
0 0.4079279279279279 0.36486486486486486 0.40324324324324323 0.49864864864864866 0.40612612612612614 0.5195945945945946 0.41081081081081083 0.529054054054054 0.42342342342342343 0.5317567567567567 0.4284684684684685 0.529054054054054 0.4306306306306306 0.5243243243243243 0.4353153153153153 0.5020270270270271 0.4281081081081081 0.40743243243243243 0.4198198198198198 0.3662162162162162 0.41225225225225226 0.3527027027027027 0.41009009009009006 0.35405405405405405
0 0.43783783783783786 0.3601351351351351 0.43783783783783786 0.4243243243243243 0.4418018018018018 0.5074324324324324 0.44684684684684683 0.5256756756756756 0.45513513513513515 0.5304054054054054 0.46306306306306305 0.5256756756756756 0.46774774774774774 0.5128378378378379 0.4666666666666667 0.4466216216216216 0.4601801801801802 0.3918918918918919 0.45225225225225224 0.3439189189189189 0.44288288288288286 0.33716216216216216 0.43963963963963965 0.3418918918918919
0 0.42414414414414414 0.5905405405405405 0.4227027027027027 0.720945945945946 0.42882882882882883 0.727027027027027 0.4353153153153153 0.7236486486486486 0.443963963963964 0.6844594594594594 0.45297297297297295 0.6148648648648649 0.4526126126126126 0.5628378378378378 0.44288288288288286 0.5527027027027027 0.4317117117117117 0.5527027027027027 0.42486486486486486 0.5702702702702702
0 0.45297297297297295 0.5567567567567567 0.4515315315315315 0.5635135135135135 0.45297297297297295 0.6817567567567567 0.45693693693693693 0.7047297297297297 0.45981981981981984 0.7114864864864865 0.46306306306306305 0.7108108108108108 0.4663063063063063 0.7054054054054054 0.47603603603603606 0.5756756756756757 0.4745945945945946 0.5581081081081081 0.46702702702702703 0.5506756756756757 0.4590990990990991 0.5513513513513514
0 0.4609009009009009 0.3601351351351351 0.4641441441441441 0.5135135135135135 0.46702702702702703 0.525 0.4745945945945946 0.5364864864864864 0.4807207207207207 0.5391891891891892 0.4908108108108108 0.5378378378378378 0.5012612612612612 0.529054054054054 0.5012612612612612 0.5121621621621621 0.48252252252252253 0.3689189189189189 0.4745945945945946 0.34324324324324323 0.4655855855855856 0.34256756756756757 0.46126126126126127 0.3452702702702703
0 0.4717117117117117 0.5682432432432433 0.470990990990991 0.5972972972972973 0.47387387387387386 0.6810810810810811 0.47855855855855856 0.6925675675675675 0.4828828828828829 0.6925675675675675 0.48936936936936937 0.6810810810810811 0.49117117117117115 0.6506756756756756 0.48936936936936937 0.5945945945945946 0.4861261261261261 0.5675675675675675 0.4735135135135135 0.5560810810810811
0 0.49945945945945946 0.49324324324324326 0.4983783783783784 0.5344594594594595 0.5138738738738738 0.5385135135135135 0.5214414414414414 0.5344594594594595 0.5257657657657657 0.5283783783783784 0.5282882882882883 0.5135135135135135 0.5282882882882883 0.3837837837837838 0.5264864864864864 0.3398648648648649 0.5210810810810811 0.3236486486486487 0.5135135135135135 0.3256756756756757 0.5055855855855856 0.35202702702702704
0 0.48792792792792794 0.5709459459459459 0.4908108108108108 0.6601351351351351 0.492972972972973 0.6777027027027027 0.4954954954954955 0.6898648648648649 0.5037837837837837 0.6952702702702702 0.5073873873873874 0.6898648648648649 0.5120720720720721 0.5641891891891891 0.505945945945946 0.5608108108108109 0.4900900900900901 0.5635135135135135
0 0.5300900900900901 0.43108108108108106 0.5297297297297298 0.5168918918918919 0.5351351351351351 0.5297297297297298 0.5452252252252252 0.5297297297297298 0.5535135135135135 0.497972972972973 0.556036036036036 0.44324324324324327 0.556036036036036 0.3952702702702703 0.5542342342342342 0.3641891891891892 0.5527927927927928 0.3608108108108108 0.5473873873873873 0.3614864864864865
0 0.5066666666666667 0.5716216216216217 0.5070270270270271 0.6655405405405406 0.5106306306306306 0.6891891891891891 0.5135135135135135 0.6966216216216217 0.5210810810810811 0.6993243243243243 0.5232432432432432 0.6972972972972973 0.5257657657657657 0.675 0.5304504504504505 0.5709459459459459 0.5264864864864864 0.5621621621621622 0.5167567567567568 0.5601351351351351 0.5073873873873874 0.5635135135135135
0 0.5308108108108108 0.5702702702702702 0.5300900900900901 0.5932432432432433 0.5398198198198199 0.7121621621621622 0.5416216216216216 0.7168918918918918 0.5527927927927928 0.720945945945946 0.5567567567567567 0.7101351351351352 0.5578378378378378 0.6736486486486486 0.5581981981981982 0.6412162162162162 0.5553153153153153 0.5709459459459459 0.5535135135135135 0.5641891891891891 0.5409009009009009 0.5560810810810811 0.5326126126126126 0.5648648648648649
0 0.5625225225225226 0.4155405405405405 0.5553153153153153 0.5006756756756757 0.5621621621621622 0.5236486486486487 0.5682882882882883 0.5310810810810811 0.5758558558558559 0.5351351351351351 0.5852252252252252 0.5216216216216216 0.5884684684684685 0.5054054054054054 0.585945945945946 0.36283783783783785 0.5837837837837838 0.3358108108108108 0.5798198198198198 0.3358108108108108 0.5704504504504504 0.36486486486486486
0 0.556036036036036 0.5736486486486486 0.563963963963964 0.6777027027027027 0.5722522522522523 0.7243243243243244 0.5798198198198198 0.7263513513513513 0.5812612612612612 0.720945945945946 0.5855855855855856 0.575 0.5812612612612612 0.5608108108108109 0.5722522522522523 0.5540540540540541 0.5581981981981982 0.5682432432432433
0 0.5809009009009009 0.5560810810810811 0.5805405405405405 0.5662162162162162 0.5978378378378378 0.7047297297297297 0.6003603603603603 0.7128378378378378 0.6111711711711711 0.722972972972973 0.6187387387387387 0.720945945945946 0.6205405405405405 0.7047297297297297 0.6129729729729729 0.5540540540540541 0.6079279279279279 0.5459459459459459 0.5884684684684685 0.5405405405405406 0.5827027027027027 0.5445945945945946