0 0.3520156882591093 0.4032172131147541 0.3494635627530364 0.4611454918032787 0.34742155870445346 0.49735143442622953 0.3795779352226721 0.5164887295081967 0.3890202429149797 0.5092469262295082 0.3879994939271255 0.47407684426229507 0.3846821862348178 0.4171823770491803 0.3775364372469635 0.3814938524590164 0.3680936234817814 0.36287397540983607 0.3532914979757085 0.3747694672131147
0 0.30863056680161943 0.6199323770491802 0.3275156882591093 0.5826926229508197 0.3377236842105263 0.5506249999999999 0.348952935222672 0.5413155737704918 0.37064574898785424 0.5526936475409836 0.3783016194331984 0.5692448770491803 0.3729423076923077 0.5976926229508196 0.3543122469635627 0.6276905737704918 0.33440637651821864 0.6494139344262295 0.32215637651821866 0.6499313524590163 0.3132241902834008 0.6318288934426229 0.31118269230769235 0.6204497950819672
0 0.34742155870445346 0.6845850409836065 0.3571194331983806 0.6344149590163934 0.37064574898785424 0.5630379098360655 0.37932287449392715 0.5464877049180328 0.3938694331983805 0.5413155737704918 0.4068851214574899 0.5480389344262295 0.4191351214574899 0.5620040983606557 0.42296305668016193 0.5878647540983606 0.41683805668016194 0.6199323770491802 0.3966766194331984 0.6571721311475409 0.3775364372469635 0.6835512295081967 0.36171356275303645 0.6928606557377048 0.3504843117408907 0.6913094262295082
0 0.38519230769230767 0.5071782786885246 0.38366093117408906 0.4766629098360656 0.3864686234817814 0.4590768442622951 0.3974423076923077 0.4533872950819672 0.408160931174089 0.47769672131147545 0.41939018218623486 0.4802827868852459 0.4239838056680162 0.5107991803278689 0.4071401821862348 0.5283842213114753 0.3874893724696356 0.5180399590163934 0.3823851214574899 0.5092469262295082
0 0.43725455465587043 0.3918381147540984 0.42347317813765184 0.45080122950819673 0.41683805668016194 0.4787315573770492 0.4170931174089069 0.5170061475409836 0.4459316801619433 0.540280737704918 0.4612439271255061 0.5320051229508196 0.47119686234817815 0.5180399590163934 0.4791082995951417 0.48804098360655734 0.47604605263157895 0.44407786885245903 0.4699210526315789 0.40425204918032787 0.4653274291497976 0.3706321721311476 0.45052530364372473 0.35925307377049176 0.4415931174089069 0.3773565573770492 0.43802024291497976 0.39752766393442623
0 0.4244944331983806 0.5671762295081967 0.4170931174089069 0.5878647540983606 0.41836943319838055 0.6163124999999999 0.4313846153846154 0.6209672131147541 0.4449109311740891 0.6002786885245901 0.44414524291497975 0.5733831967213114 0.4369994939271255 0.565623975409836
0 0.4400617408906883 0.7057909836065573 0.44465536437246966 0.6406219262295082 0.445165991902834 0.590968237704918 0.445165991902834 0.5738995901639344 0.45282236842105267 0.5537284836065574 0.46583755060728743 0.5495901639344262 0.4752803643724696 0.5568319672131147 0.4785981781376518 0.5775204918032787 0.4655824898785425 0.6157950819672131 0.4566503036437247 0.6690686475409836 0.4533324898785425 0.7140665983606557 0.4433795546558705 0.7171700819672131 0.4403168016194332 0.7114805327868852
0 0.47445242914979757 0.5108381147540983 0.4958896761133603 0.5139415983606558 0.5045668016194332 0.512390368852459 0.507373987854251 0.5092868852459017 0.5053324898785425 0.4767018442622951 0.49895242914979754 0.4291168032786885 0.49844180161943324 0.381015368852459 0.49155111336032387 0.3618780737704918 0.4772596153846154 0.4104969262295082 0.4734316801619433 0.4482540983606557 0.47036892712550604 0.492218237704918 0.4716452429149798 0.5020450819672131 0.474963056680162 0.5056659836065573
0 0.4762388663967611 0.6815215163934426 0.4767494939271255 0.6318678278688524 0.4762388663967611 0.598248975409836 0.4729210526315789 0.5780768442622951 0.4777702429149797 0.5599743852459016 0.4920617408906882 0.5548022540983606 0.5035460526315789 0.5635942622950819 0.5050774291497976 0.5853176229508197 0.49486892712550606 0.6365225409836065 0.491296052631579 0.6779006147540984 0.4813431174089069 0.7068647540983606 0.47470748987854255 0.7027274590163934 0.47445242914979757 0.6887622950819672
0 0.5015045546558704 0.6810040983606557 0.4969104251012146 0.6158340163934426 0.49461386639676114 0.5822151639344262 0.5007388663967611 0.5635942622950819 0.5160511133603238 0.5754907786885246 0.5201346153846154 0.6199713114754098 0.5231968623481781 0.6572120901639343 0.5224311740890688 0.6960030737704918 0.5188582995951416 0.7492848360655738 0.5066082995951416 0.7404918032786886 0.5025253036437247 0.7172172131147542 0.501248987854251 0.6892868852459016
0 0.5316189271255061 0.6882530737704918 0.5265146761133603 0.6246352459016393 0.5247282388663967 0.5868780737704918 0.5265146761133603 0.5589477459016393 0.5395303643724697 0.5553268442622951 0.5451447368421052 0.5744641393442623 0.5418269230769232 0.621531762295082 0.5410612348178138 0.6582540983606557 0.5364676113360324 0.6841147540983606 0.5341705465587044 0.6960112704918033
0 0.49844180161943324 0.5289487704918033 0.5157960526315789 0.5418790983606557 0.5323841093117408 0.5361895491803279 0.5362125506072875 0.5253278688524591 0.5408061740890688 0.47722643442622953 0.5438684210526316 0.3485081967213115 0.5117125506072875 0.3552315573770492 0.5002282388663968 0.3676454918032787 0.4986968623481781 0.42040163934426233 0.49640030364372467 0.4809170081967213 0.49384817813765186 0.503156762295082 0.49435880566801615 0.5191905737704918 0.4935931174089069 0.5316045081967213
0 0.5476968623481782 0.3635071721311476 0.5410612348178138 0.452469262295082 0.5341705465587044 0.5078125 0.5311082995951417 0.5352254098360656 0.5466761133603238 0.5507418032786885 0.5581604251012146 0.5435 0.5622434210526316 0.5176393442622951 0.5584154858299596 0.47729610655737703 0.5589256072874493 0.4214364754098361 0.5640298582995951 0.38781659836065574 0.5596912955465587 0.3635071721311476 0.5461654858299595 0.3573012295081967
0 0.5742383603238866 0.3898862704918033 0.5660718623481781 0.4545389344262295 0.5553527327935223 0.5021229508196722 0.5520354251012145 0.5424661885245902 0.5602019230769231 0.5600512295081967 0.5816391700404858 0.5538452868852459 0.5862327935222672 0.5362592213114754 0.5844463562753036 0.4912612704918033 0.5839362348178138 0.4488493852459016 0.5844463562753036 0.3940235655737705 0.5854671052631579 0.3691967213114754 0.5770455465587044 0.3629907786885246 0.5732176113360324 0.3795409836065574
0 0.5926133603238866 0.37540368852459016 0.5841912955465588 0.4467797131147541 0.5778112348178138 0.5078125 0.5739827935222672 0.548155737704918 0.5844463562753036 0.5647069672131148 0.601289979757085 0.5553965163934427 0.6069048582995951 0.5445348360655737 0.6051184210526316 0.497984631147541 0.605884109311741 0.457125 0.6069048582995951 0.41522950819672133 0.6081806680161944 0.3841967213114754 0.5941442307692307 0.3769549180327869
0 0.6066492914979758 0.37798975409836066 0.6061391700404858 0.44109118852459017 0.6007798582995951 0.47729610655737703 0.5938891700404859 0.5057438524590164 0.5887849190283401 0.5279836065573771 0.6000141700404857 0.5497069672131147 0.6209412955465587 0.5517756147540984 0.6229827935222672 0.5285010245901639 0.6265556680161943 0.4886752049180328 0.6285971659919029 0.42609118852459016 0.6288527327935223 0.3888514344262295 0.6263006072874494 0.3655768442622951 0.6209412955465587 0.35936987704918033
0 0.5584407894736843 0.7142879098360656 0.5599094129554656 0.6454190573770492 0.5615870445344129 0.6097090163934427 0.5565531376518219 0.5808012295081967 0.5519382591093118 0.5714487704918033 0.5460647773279351 0.6326659836065573 0.5473233805668016 0.6836793032786885 0.5500506072874495 0.7181147540983607 0.5550845141700405 0.7278924180327869
0 0.5680900809716599 0.7070614754098361 0.5676705465587045 0.6636987704918033 0.566411943319838 0.6156608606557377 0.5653628542510121 0.5795256147540984 0.5710263157894737 0.5684723360655737 0.5827732793522267 0.5680481557377048 0.5825632591093117 0.5982315573770493 0.5813046558704453 0.6492448770491803 0.5777388663967612 0.6875061475409836 0.5764802631578947 0.7053606557377049 0.567880060728745 0.7049354508196722
0 0.6047980769230769 0.5778258196721311 0.6014418016194333 0.7444713114754099 0.6029104251012146 0.7648770491803278 0.6178031376518218 0.7661526639344263 0.6261938259109311 0.7321434426229508 0.6280814777327935 0.6688002049180328 0.6232570850202429 0.6148104508196721 0.6219984817813765 0.5850522540983606 0.6224180161943319 0.5714487704918033 0.6144473684210526 0.565922131147541 0.6081543522267207 0.5705983606557377
0 0.6255642712550608 0.5722991803278689 0.6247257085020244 0.6505204918032788 0.6314377530364372 0.7087612704918033 0.6362621457489878 0.735969262295082 0.6444428137651822 0.7465973360655738 0.6553507085020243 0.7487223360655738 0.6593360323886639 0.7181147540983607 0.6543016194331984 0.6543463114754099 0.6538820850202429 0.6177868852459016 0.6528335020242915 0.5842018442622952 0.645491902834008 0.5616711065573771 0.6326963562753037 0.5578452868852459 0.6253547570850203 0.5735737704918032
0 0.6534625506072874 0.5680481557377048 0.654092105263158 0.6492448770491803 0.654092105263158 0.7053606557377049 0.6526234817813765 0.7427715163934426 0.6538820850202429 0.7682786885245902 0.6616432186234817 0.778905737704918 0.6742292510121458 0.7249159836065574 0.6824099190283401 0.6802786885245902 0.6824099190283401 0.6403176229508197 0.6805217611336033 0.5952551229508197 0.678005060728745 0.5710235655737704 0.663740890688259 0.5608206967213115 0.654092105263158 0.563796106557377
0 0.6801022267206478 0.5816516393442623 0.683038967611336 0.6169364754098361 0.6908001012145749 0.6458442622950821 0.6973026315789473 0.6543463114754099 0.7071614372469636 0.627139344262295 0.707790991902834 0.5952551229508197 0.6924782388663967 0.5731495901639344 0.6777950404858301 0.5744241803278689
0 0.7080283400809717 0.5714436475409836 0.7021275303643725 0.5999313524590164 0.70842004048583 0.6267141393442623 0.7193279352226721 0.6369170081967213 0.7298157894736842 0.623313524590164 0.7314939271255061 0.5982315573770493 0.727089068825911 0.5769754098360657 0.7153421052631579 0.5705983606557377 0.7056933198380567 0.5705983606557377
0 0.6282914979757085 0.39625 0.6243061740890687 0.4434385245901639 0.6186422064777327 0.5182592213114754 0.6228375506072875 0.5378145491803279 0.6381503036437246 0.5424907786885246 0.6473795546558704 0.5216598360655738 0.6482186234817814 0.49870389344262295 0.6484286437246964 0.4634190573770492 0.6446528340080971 0.4107038934426229 0.6352135627530364 0.38264651639344266 0.6280814777327935 0.38689754098360657
0 0.6524139676113361 0.4013514344262295 0.6457014170040486 0.4736219262295082 0.6419261133603238 0.5072059426229508 0.6433942307692307 0.5480174180327869 0.6566093117408907 0.5552448770491804 0.6700339068825911 0.5403657786885246 0.6752778340080972 0.5008299180327869 0.6759073886639676 0.4434385245901639 0.6740192307692308 0.408578893442623 0.664789979757085 0.3919989754098361 0.653253036437247 0.39327459016393446
0 0.6754878542510121 0.4175061475409836 0.6677267206477734 0.4833995901639344 0.6660485829959515 0.5288872950819672 0.671502024291498 0.5492930327868852 0.6805217611336033 0.5522684426229508 0.6994003036437247 0.551843237704918 0.7042252024291498 0.5165584016393443 0.6973026315789473 0.44811475409836066 0.6935273279352228 0.39667520491803276 0.6792631578947368 0.39667520491803276 0.6729706477732793 0.4073032786885246
0 0.7126153846153845 0.39497540983606555 0.6998198380566801 0.4668196721311475 0.6975126518218624 0.5076311475409836 0.701497975708502 0.5446168032786886 0.7145030364372469 0.5616209016393443 0.7342206477732793 0.5356895491803279 0.7398846153846154 0.49742827868852457 0.7363183198380566 0.453641393442623 0.7348502024291499 0.42175717213114755 0.7281376518218623 0.39880122950819674 0.7153421052631579 0.3885983606557377
0 0.7482747975708501 0.4009262295081967 0.7417722672064777 0.4417377049180328 0.7352697368421053 0.4953032786885246 0.7442894736842105 0.5267612704918033 0.7585531376518219 0.5301629098360655 0.7673633603238866 0.4970030737704918 0.7663142712550608 0.4523657786885246 0.7616993927125506 0.4158053278688525 0.751421052631579 0.3924241803278688 0.7484848178137652 0.38817315573770494
0 0.7731720647773279 0.6799641393442623 0.7549230769230769 0.6400030737704918 0.7379321862348178 0.6123698770491803 0.7299610323886639 0.6017418032786884 0.7234585020242915 0.5749600409836065 0.7270247975708503 0.5549795081967213 0.7433861336032389 0.5426506147540983 0.7597474696356276 0.5358493852459016 0.7719134615384615 0.5354241803278688 0.7767378542510122 0.5622059426229508 0.7914215587044534 0.5855881147540983 0.8014898785425101 0.6076936475409837 0.8027484817813765 0.6319252049180328 0.7928896761133604 0.6591331967213114 0.7844994939271255 0.6752879098360656 0.7748502024291498 0.6812397540983607