0 0.3456477732793522 0.38422131147540983 0.34868421052631576 0.44774590163934425 0.3415991902834008 0.4979508196721312 0.34210526315789475 0.5081967213114754 0.3491902834008097 0.5235655737704918 0.3684210526315789 0.5317622950819673 0.3729757085020243 0.5215163934426229 0.37449392712550605 0.5102459016393442 0.3734817813765182 0.4702868852459016 0.3689271255060729 0.43135245901639346 0.35728744939271256 0.3790983606557377
0 0.37550607287449395 0.4385245901639344 0.3810728744939271 0.4651639344262295 0.37550607287449395 0.5030737704918032 0.3765182186234818 0.5286885245901639 0.38461538461538464 0.5399590163934426 0.4043522267206478 0.5491803278688525 0.4109311740890688 0.5389344262295082 0.4124493927125506 0.514344262295082 0.4043522267206478 0.42213114754098363 0.4008097165991903 0.4057377049180328 0.3881578947368421 0.38422131147540983 0.37601214574898784 0.38831967213114754
0 0.44686234817813764 0.5040983606557377 0.44686234817813764 0.5348360655737705 0.45445344129554655 0.5450819672131147 0.4605263157894737 0.5440573770491803 0.472165991902834 0.5266393442622951 0.47368421052631576 0.5092213114754098 0.4706477732793522 0.47438524590163933 0.4600202429149798 0.4067622950819672 0.4549595141700405 0.4026639344262295 0.4519230769230769 0.4067622950819672
0 0.4691295546558704 0.4139344262295082 0.4681174089068826 0.47438524590163933 0.46302834008097166 0.518905737704918 0.4691295546558704 0.5327868852459017 0.47368421052631576 0.5399590163934426 0.4777327935222672 0.5399590163934426 0.48582995951417 0.5276639344262295 0.48785425101214575 0.5112704918032787 0.4868421052631579 0.4610655737704918 0.4908906882591093 0.38831967213114754 0.49038461538461536 0.36168032786885246 0.4797570850202429 0.3391393442622951 0.4757085020242915 0.3401639344262295
0 0.49544534412955465 0.3637295081967213 0.49139676113360325 0.47540983606557374 0.4868421052631579 0.5225409836065574 0.49038461538461536 0.5430327868852459 0.5015182186234818 0.5512295081967213 0.5075910931174089 0.5409836065573771 0.507085020242915 0.48975409836065575 0.5161943319838057 0.3801229508196721 0.5146761133603239 0.36065573770491804 0.5091093117408907 0.3452868852459016 0.5015182186234818 0.3473360655737705
0 0.5096153846153846 0.41905737704918034 0.5086032388663968 0.5389344262295082 0.5116396761133604 0.5491803278688525 0.5253036437246964 0.5491803278688525 0.5313765182186235 0.5440573770491803 0.5328947368421053 0.5286885245901639 0.5369433198380567 0.39959016393442626 0.534919028340081 0.35655737704918034 0.5293522267206477 0.32786885245901637 0.520748987854251 0.32479508196721313 0.5131578947368421 0.3401639344262295 0.513663967611336 0.38422131147540983
0 0.534919028340081 0.42315573770491804 0.5308704453441295 0.5409836065573771 0.5323886639676113 0.5461065573770492 0.542004048582996 0.5522540983606558 0.5526315789473685 0.5461065573770492 0.555161943319838 0.5286885245901639 0.5526315789473685 0.4456967213114754 0.548582995951417 0.39549180327868855 0.542004048582996 0.39139344262295084
0 0.5576923076923077 0.45799180327868855 0.5561740890688259 0.5399590163934426 0.5652834008097166 0.548155737704918 0.5743927125506073 0.5409836065573771 0.5769230769230769 0.5266393442622951 0.5738866396761133 0.42418032786885246 0.5718623481781376 0.4108606557377049 0.5678137651821862 0.4047131147540984 0.5632591093117408 0.4036885245901639 0.562246963562753 0.4395491803278688
0 0.5738866396761133 0.39959016393442626 0.5759109311740891 0.4979508196721312 0.5784412955465587 0.514344262295082 0.5860323886639676 0.5379098360655737 0.5910931174089069 0.5399590163934426 0.5981781376518218 0.5256147540983607 0.59665991902834 0.4405737704918033 0.5931174089068826 0.42315573770491804 0.5875506072874493 0.41188524590163933 0.5759109311740891 0.3975409836065574
0 0.5976720647773279 0.42520491803278687 0.597165991902834 0.5286885245901639 0.6032388663967612 0.5543032786885246 0.6072874493927125 0.5594262295081968 0.6169028340080972 0.5368852459016393 0.6199392712550608 0.5081967213114754 0.625 0.4139344262295082 0.6199392712550608 0.3483606557377049 0.6093117408906883 0.34938524590163933 0.6052631578947368 0.35655737704918034 0.6002024291497976 0.42110655737704916
0 0.6968623481781376 0.4672131147540984 0.6968623481781376 0.5010245901639344 0.701417004048583 0.5163934426229508 0.7090080971659919 0.5184426229508197 0.7277327935222672 0.5092213114754098 0.7343117408906883 0.4979508196721312 0.7348178137651822 0.48155737704918034 0.7307692307692307 0.4415983606557377 0.729757085020243 0.36885245901639346 0.7257085020242915 0.36065573770491804 0.7201417004048583 0.36065573770491804 0.7125506072874493 0.3790983606557377
0 0.7130566801619433 0.5594262295081968 0.7120445344129555 0.5717213114754098 0.7196356275303644 0.6034836065573771 0.7262145748987854 0.6137295081967213 0.7413967611336032 0.6608606557377049 0.7606275303643725 0.6793032786885246 0.7692307692307693 0.6813524590163934 0.7768218623481782 0.6741803278688525 0.7763157894736842 0.6577868852459017 0.7604114372469636 0.575547131147541 0.7596153846153846 0.5522540983606558 0.7489878542510121 0.5215163934426229 0.7439271255060729 0.5163934426229508 0.7398785425101214 0.5184426229508197 0.7206477732793523 0.5409836065573771
0 0.6685222672064778 0.5952868852459017 0.6685222672064778 0.6086065573770492 0.6847165991902834 0.6424180327868853 0.6837044534412956 0.6577868852459017 0.6857287449392713 0.6711065573770492 0.701417004048583 0.7161885245901639 0.7191295546558705 0.7438524590163934 0.7358299595141701 0.7551229508196722 0.7388663967611336 0.7448770491803278 0.7464574898785425 0.7366803278688525 0.7444331983805668 0.7336065573770492 0.7464574898785425 0.7202868852459017 0.7388663967611336 0.6680327868852459 0.7226720647773279 0.6239754098360656 0.7176113360323887 0.5922131147540983 0.7069838056680162 0.5635245901639344 0.6973684210526315 0.5635245901639344 0.6725708502024291 0.5870901639344263
0 0.6406882591093117 0.6127049180327869 0.6401821862348178 0.6465163934426229 0.6654858299595142 0.764344262295082 0.6695344129554656 0.7745901639344263 0.6781376518218624 0.7756147540983607 0.6682327935222673 0.7164784836065574 0.6711082995951416 0.6943709016393442 0.6862348178137652 0.7592213114754098 0.6928137651821862 0.7663934426229508 0.6968623481781376 0.7633196721311475 0.7009109311740891 0.7489754098360656 0.6821862348178138 0.6536885245901639 0.6816801619433198 0.6147540983606558 0.6786437246963563 0.6034836065573771 0.6589068825910931 0.5942622950819673 0.6422064777327935 0.6065573770491803
0 0.6103238866396761 0.6229508196721312 0.6103238866396761 0.6465163934426229 0.6336032388663968 0.7325819672131147 0.6411943319838057 0.7479508196721312 0.6503036437246964 0.742827868852459 0.638663967611336 0.625 0.6361336032388664 0.6157786885245902 0.6265182186234818 0.6096311475409836 0.6143724696356275 0.6147540983606558
0 0.5934736842105263 0.630375 0.5937611336032388 0.6443381147540984 0.59665991902834 0.7520491803278688 0.5996963562753036 0.764344262295082 0.611336032388664 0.7715163934426229 0.6101508097165992 0.6327018442622951
0 0.5713562753036437 0.6127049180327869 0.5688259109311741 0.7438524590163934 0.5733805668016194 0.7663934426229508 0.5880566801619433 0.7663934426229508 0.590080971659919 0.7592213114754098 0.5885627530364372 0.7243852459016393 0.5956477732793523 0.6311475409836066 0.5931174089068826 0.6065573770491803 0.5895748987854251 0.5932377049180327 0.583502024291498 0.5870901639344263 0.5754048582995951 0.5983606557377049
0 0.555161943319838 0.6721311475409836 0.5546558704453441 0.7479508196721312 0.555668016194332 0.7561475409836066 0.5607287449392713 0.7622950819672131 0.5637651821862348 0.7459016393442623 0.569838056680162 0.6444672131147541 0.5688259109311741 0.6014344262295082 0.5647773279352226 0.5922131147540983 0.5581983805668016 0.5952868852459017
0 0.5445344129554656 0.6034836065573771 0.5425101214574899 0.6280737704918032 0.5445344129554656 0.7182377049180327 0.5425101214574899 0.7243852459016393 0.5460526315789473 0.7418032786885246 0.5521255060728745 0.7448770491803278 0.5561740890688259 0.6362704918032787 0.5541497975708503 0.5973360655737705 0.5460526315789473 0.5952868852459017
0 0.52834008097166 0.5952868852459017 0.5268218623481782 0.6772540983606558 0.5303643724696356 0.7305327868852459 0.5344129554655871 0.7284836065573771 0.5369433198380567 0.7202868852459017 0.5409919028340081 0.6383196721311475 0.5394736842105263 0.6096311475409836 0.542004048582996 0.6065573770491803 0.542004048582996 0.5922131147540983 0.5359311740890689 0.5870901639344263
0 0.5111336032388664 0.6065573770491803 0.5121457489878543 0.7202868852459017 0.513663967611336 0.7284836065573771 0.5247975708502024 0.7315573770491803 0.52834008097166 0.5952868852459017 0.5167004048582996 0.5942622950819673
0 0.49696356275303644 0.6055327868852459 0.49139676113360325 0.6413934426229508 0.4934210526315789 0.6956967213114754 0.49949392712550605 0.7284836065573771 0.5015182186234818 0.7325819672131147 0.5096153846153846 0.7315573770491803 0.5101214574898786 0.6096311475409836 0.507085020242915 0.6004098360655737 0.5035425101214575 0.5983606557377049
0 0.4640688259109312 0.7397540983606558 0.465080971659919 0.7633196721311475 0.46963562753036436 0.7674180327868853 0.47368421052631576 0.764344262295082 0.4853238866396761 0.7049180327868853 0.49696356275303644 0.6116803278688525 0.49139676113360325 0.5911885245901639 0.48633603238866396 0.5840163934426229 0.47874493927125505 0.5829918032786885 0.47469635627530365 0.5901639344262295 0.47040840080971663 0.6879713114754099
0 0.45040485829959515 0.6034836065573771 0.45040485829959515 0.6782786885245902 0.4458502024291498 0.742827868852459 0.4392712550607287 0.7715163934426229 0.4493927125506073 0.7653688524590164 0.46305668016194335 0.7151639344262295 0.4777327935222672 0.6086065573770492 0.47621457489878544 0.5973360655737705 0.4676113360323887 0.5911885245901639 0.451417004048583 0.5983606557377049
0 0.4251012145748988 0.6598360655737705 0.42054655870445345 0.7049180327868853 0.4225708502024291 0.7110655737704918 0.4291497975708502 0.7120901639344263 0.44129554655870445 0.6567622950819673 0.43775303643724695 0.6475409836065574 0.4347165991902834 0.6465163934426229
0 0.34969635627530365 0.6967213114754098 0.3522267206477733 0.7141393442622951 0.3491902834008097 0.7202868852459017 0.3527327935222672 0.7397540983606558 0.3567813765182186 0.7418032786885246 0.36082995951417 0.7530737704918032 0.37196356275303644 0.7510245901639344 0.4023279352226721 0.6526639344262295 0.4124493927125506 0.6270491803278688 0.41548582995951416 0.5973360655737705 0.40030364372469635 0.5819672131147541 0.3805668016194332 0.5737704918032787 0.37601214574898784 0.5758196721311475 0.3567813765182186 0.6741803278688525
0 0.30718623481781376 0.632172131147541 0.3081983805668016 0.6608606557377049 0.3299595141700405 0.6813524590163934 0.33704453441295545 0.6793032786885246 0.3410931174089069 0.673155737704918 0.3436234817813765 0.6516393442622951 0.37449392712550605 0.5963114754098361 0.37601214574898784 0.5829918032786885 0.3410931174089069 0.5399590163934426 0.33704453441295545 0.5461065573770492 0.3223684210526316 0.6024590163934426