0 0.31123481781376516 0.5276639344262295 0.3107287449392713 0.5358606557377049 0.31376518218623484 0.5491803278688525 0.3233805668016194 0.5717213114754098 0.3360323886639676 0.5860655737704918 0.3441295546558704 0.5799180327868853 0.3557692307692308 0.4918032786885246 0.3567813765182186 0.45081967213114754 0.354251012145749 0.4344262295081967 0.34615384615384615 0.4262295081967213 0.34058704453441296 0.43135245901639346 0.3360323886639676 0.444672131147541 0.326417004048583 0.4948770491803279 0.3173076923076923 0.5061475409836066
0 0.46153846153846156 0.4067622950819672 0.4524291497975709 0.5727459016393442 0.4574898785425101 0.5922131147540983 0.4676113360323887 0.5952868852459017 0.4741902834008097 0.5911885245901639 0.4832995951417004 0.5747950819672131 0.48380566801619435 0.5512295081967213 0.4757085020242915 0.42520491803278687 0.4665991902834008 0.39036885245901637 0.46356275303643724 0.39139344262295084
0 0.48380566801619435 0.5563524590163934 0.4832995951417004 0.5727459016393442 0.48633603238866396 0.5911885245901639 0.49544534412955465 0.6004098360655737 0.5091093117408907 0.5973360655737705 0.5111336032388664 0.5870901639344263 0.5111336032388664 0.5614754098360656 0.5075910931174089 0.45799180327868855 0.5050607287449392 0.4395491803278688 0.4974696356275304 0.42827868852459017 0.4939271255060729 0.43135245901639346 0.4908906882591093 0.444672131147541 0.4868421052631579 0.5379098360655737
0 0.5106275303643725 0.5717213114754098 0.5101214574898786 0.5870901639344263 0.513663967611336 0.6034836065573771 0.520242914979757 0.6086065573770492 0.5404858299595142 0.6086065573770492 0.5374493927125507 0.48155737704918034 0.5323886639676113 0.4385245901639344 0.520242914979757 0.4375 0.5182186234817814 0.4426229508196721 0.5156882591093117 0.4672131147540984 0.5161943319838057 0.5293719262295082
0 0.5425101214574899 0.5840163934426229 0.5425101214574899 0.6055327868852459 0.5521255060728745 0.6127049180327869 0.5673076923076923 0.6065573770491803 0.5728744939271255 0.5911885245901639 0.569838056680162 0.4979508196721312 0.5733805668016194 0.4077868852459016 0.5683198380566802 0.38422131147540983 0.5642712550607287 0.3790983606557377 0.5526315789473685 0.38422131147540983 0.555161943319838 0.4026639344262295 0.5541497975708503 0.42315573770491804 0.5460526315789473 0.492827868852459
0 0.5789473684210527 0.4713114754098361 0.5738866396761133 0.5911885245901639 0.5754048582995951 0.5983606557377049 0.5794534412955465 0.6024590163934426 0.5936234817813765 0.6024590163934426 0.6012145748987854 0.5911885245901639 0.5991902834008097 0.41905737704918034 0.5951417004048583 0.4149590163934426 0.5875506072874493 0.42827868852459017 0.5819838056680162 0.444672131147541
0 0.6067813765182186 0.4600409836065574 0.6027327935222672 0.5788934426229508 0.6098178137651822 0.5983606557377049 0.6234817813765182 0.6045081967213115 0.6310728744939271 0.5911885245901639 0.6325910931174089 0.5788934426229508 0.6290485829959515 0.5286885245901639 0.6305668016194332 0.4426229508196721 0.6265182186234818 0.4344262295081967 0.6265182186234818 0.3780737704918033 0.6199392712550608 0.38422131147540983 0.6138663967611336 0.4077868852459016
0 0.7125506072874493 0.5758196721311475 0.7130566801619433 0.5942622950819673 0.7171052631578947 0.610655737704918 0.7393724696356275 0.6659836065573771 0.75 0.6854508196721312 0.7747975708502024 0.7028688524590164 0.7859311740890689 0.6895491803278688 0.7638542510121458 0.6184846311475409 0.7555668016194332 0.5584016393442623 0.742914979757085 0.5491803278688525 0.7155870445344129 0.5676229508196722
0 0.6685222672064778 0.5952868852459017 0.6675101214574899 0.6034836065573771 0.6715587044534413 0.6270491803278688 0.7044534412955465 0.7366803278688525 0.7165991902834008 0.7592213114754098 0.7176113360323887 0.735655737704918 0.7036685222672066 0.6866526639344263 0.7051371457489879 0.6616905737704918 0.7272267206477733 0.7284836065573771 0.7282388663967612 0.7325819672131147 0.7332995951417004 0.7336065573770492 0.7348178137651822 0.7284836065573771 0.7322874493927125 0.7049180327868853 0.7186234817813765 0.6424180327868853 0.7171052631578947 0.6034836065573771 0.7100202429149798 0.5860655737704918 0.6978744939271255 0.576844262295082 0.6882591093117408 0.5860655737704918
0 0.638663967611336 0.6157786885245902 0.6396761133603239 0.6424180327868853 0.6548582995951417 0.6864754098360656 0.6720647773279352 0.7725409836065574 0.6776315789473685 0.7827868852459017 0.6811740890688259 0.7827868852459017 0.6842105263157895 0.7663934426229508 0.6715587044534413 0.6547131147540983 0.6710526315789473 0.6147540983606558 0.6654858299595142 0.6086065573770492 0.6573886639676113 0.6086065573770492
0 0.6108299595141701 0.6372950819672131 0.6108299595141701 0.6547131147540983 0.6361336032388664 0.7530737704918032 0.6406882591093117 0.7622950819672131 0.6503036437246964 0.7633196721311475 0.6518218623481782 0.7520491803278688 0.6482793522267206 0.7269467213114754 0.6487854251012146 0.6997950819672131 0.645748987854251 0.6536885245901639 0.6406882591093117 0.6290983606557377 0.6371457489878543 0.6209016393442623 0.6290485829959515 0.6209016393442623
0 0.5936234817813765 0.6956967213114754 0.5936234817813765 0.7090163934426229 0.6027327935222672 0.75 0.6138663967611336 0.7786885245901639 0.6229757085020243 0.7868852459016393 0.6244939271255061 0.7838114754098361 0.6234817813765182 0.7684426229508197 0.6163967611336032 0.7008196721311475 0.6077935222672065 0.694672131147541
0 0.5597165991902834 0.6424180327868853 0.5617408906882592 0.7202868852459017 0.5652834008097166 0.7295081967213115 0.5759109311740891 0.7284836065573771 0.583502024291498 0.6608606557377049 0.5718623481781376 0.6413934426229508 0.562753036437247 0.6383196721311475
0 0.5394736842105263 0.6424180327868853 0.5384615384615384 0.6629098360655737 0.5409919028340081 0.6997950819672131 0.5480769230769231 0.7274590163934426 0.5546558704453441 0.7284836065573771 0.5576923076923077 0.7213114754098361 0.5592105263157895 0.6618852459016393 0.5566801619433198 0.6383196721311475 0.548582995951417 0.6331967213114754
0 0.5151821862348178 0.6352459016393442 0.5177125506072875 0.6987704918032787 0.5161943319838057 0.7254098360655737 0.5197368421052632 0.7305327868852459 0.5293522267206477 0.7295081967213115 0.5339068825910931 0.7172131147540983 0.5359311740890689 0.6403688524590164 0.5328947368421053 0.6352459016393442
0 0.4893724696356275 0.6465163934426229 0.49038461538461536 0.7295081967213115 0.4949392712550607 0.7366803278688525 0.5020242914979757 0.7397540983606558 0.506578947368421 0.735655737704918 0.5111336032388664 0.7233606557377049 0.5116396761133604 0.6762295081967213 0.5156882591093117 0.6536885245901639 0.5141700404858299 0.6372950819672131 0.5106275303643725 0.6342213114754098 0.4974696356275304 0.6372950819672131
0 0.4549595141700405 0.7264344262295082 0.4534412955465587 0.7756147540983607 0.4549595141700405 0.7827868852459017 0.4605263157894737 0.7879098360655737 0.4686234817813765 0.7776639344262295 0.4731781376518219 0.757172131147541 0.4848178137651822 0.6762295081967213 0.48633603238866396 0.6618852459016393 0.4848178137651822 0.6485655737704918 0.4782388663967611 0.6403688524590164 0.4676113360323887 0.6352459016393442 0.46305668016194335 0.6403688524590164 0.4605263157894737 0.6516393442622951
0 0.430668016194332 0.6495901639344263 0.4331983805668016 0.6782786885245902 0.43016194331983804 0.7192622950819673 0.42459514170040485 0.757172131147541 0.42611336032388664 0.7653688524590164 0.43623481781376516 0.7612704918032787 0.4478744939271255 0.7161885245901639 0.46204453441295545 0.6383196721311475 0.4590080971659919 0.6260245901639344 0.4534412955465587 0.6188524590163934 0.4367408906882591 0.6168032786885246 0.4331983805668016 0.6229508196721312
0 0.395748987854251 0.7438524590163934 0.3952429149797571 0.7694672131147541 0.40030364372469635 0.7745901639344263 0.4063765182186235 0.7663934426229508 0.416497975708502 0.7377049180327869 0.4392712550607287 0.6219262295081968 0.4352226720647773 0.6034836065573771 0.4200404858299595 0.6004098360655737 0.4073886639676113 0.6034836065573771 0.402834008097166 0.6290983606557377
0 0.3582995951417004 0.6024590163934426 0.36133603238866396 0.632172131147541 0.36286943319838055 0.6471485655737704 0.3562753036437247 0.6782786885245902 0.3466599190283401 0.7295081967213115 0.34868421052631576 0.7438524590163934 0.3623481781376518 0.75 0.37398785425101216 0.7438524590163934 0.38461538461538464 0.7243852459016393 0.39625506072874495 0.673155737704918 0.3992914979757085 0.6444672131147541 0.4073886639676113 0.6157786885245902 0.4089068825910931 0.5983606557377049 0.4043522267206478 0.5829918032786885 0.3901821862348178 0.5799180327868853 0.3805668016194332 0.5717213114754098 0.36082995951417 0.5922131147540983