0 0.715080971659919 0.5409836065573771 0.7191295546558705 0.5727459016393442 0.7383603238866396 0.6577868852459017 0.7464574898785425 0.6670081967213115 0.7555668016194332 0.6618852459016393 0.7580971659919028 0.6557377049180327 0.7555668016194332 0.5307377049180327 0.7525303643724697 0.5245901639344263 0.7358299595141701 0.5266393442622951
0 0.6707241902834009 0.5775092213114754 0.6707241902834009 0.5908288934426229 0.6752788461538463 0.6072223360655737 0.6934974696356276 0.6410338114754098 0.6970399797570851 0.6625502049180327 0.7066553643724697 0.6830420081967213 0.7127282388663968 0.6912387295081968 0.7167768218623483 0.6912387295081968 0.717453947368421 0.6775491803278688 0.7095698380566801 0.6449805327868853 0.7072702429149798 0.6217172131147541 0.7250096153846154 0.657609631147541 0.7394635627530365 0.6961608606557377 0.7457054655870445 0.6828668032786884 0.7213957489878543 0.6004467213114754 0.7198132591093118 0.5754600409836066 0.7122221659919029 0.5477961065573771 0.704631072874494 0.5416485655737705 0.7005824898785425 0.5436977459016393
0 0.5723684210526315 0.617827868852459 0.5723684210526315 0.6311475409836066 0.5880232793522268 0.6875194672131147 0.5922935222672066 0.7234118852459016 0.5996963562753036 0.7674180327868853 0.611336032388664 0.7756147540983607 0.6123481781376519 0.7284836065573771 0.6012145748987854 0.610655737704918 0.59665991902834 0.6004098360655737 0.5910931174089069 0.5973360655737705 0.583502024291498 0.6014344262295082
0 0.5651923076923077 0.6188637295081967 0.5601002024291498 0.6665829918032787 0.5604286437246964 0.7244098360655737 0.5663415991902834 0.7716014344262295 0.5706123481781377 0.7822366803278689 0.5794817813765183 0.7270686475409837 0.580796052631579 0.6738944672131147 0.5857236842105263 0.6380020491803279 0.5791533400809716 0.6120799180327868
0 0.5394736842105263 0.6198770491803278 0.5399797570850202 0.6700819672131147 0.5364372469635628 0.7213114754098361 0.5379554655870445 0.7284836065573771 0.5490890688259109 0.7377049180327869 0.5546558704453441 0.7243852459016393 0.5571862348178138 0.7079918032786885 0.5607287449392713 0.6188524590163934 0.5576923076923077 0.6075819672131147 0.5516194331983806 0.6065573770491803 0.5440283400809717 0.6096311475409836
0 0.520242914979757 0.6219262295081968 0.5199296558704454 0.6682899590163934 0.5161943319838057 0.7274590163934426 0.520242914979757 0.7438524590163934 0.5253036437246964 0.7448770491803278 0.5384615384615384 0.6536885245901639 0.5384615384615384 0.6065573770491803 0.5334008097165992 0.5993852459016393 0.527834008097166 0.6014344262295082 0.5232793522267206 0.6065573770491803
0 0.5015182186234818 0.6219262295081968 0.5035425101214575 0.7172131147540983 0.5050607287449392 0.7284836065573771 0.5096153846153846 0.7325819672131147 0.513663967611336 0.7284836065573771 0.5167004048582996 0.7079918032786885 0.5197368421052632 0.6229508196721312 0.5116396761133604 0.6168032786885246 0.5050607287449392 0.6168032786885246
0 0.48026315789473684 0.6198770491803278 0.48464878542510126 0.6722981557377049 0.4853917004048583 0.7108709016393442 0.48341093117408906 0.7534518442622951 0.4817813765182186 0.7674180327868853 0.48582995951417 0.7715163934426229 0.4898785425101215 0.7663934426229508 0.4964574898785425 0.7366803278688525 0.4964574898785425 0.7008196721311475 0.5010121457489879 0.6618852459016393 0.5015182186234818 0.6229508196721312 0.49898785425101216 0.6168032786885246
0 0.4574898785425101 0.6495901639344263 0.46013765182186234 0.6788411885245902 0.45799595141700405 0.7161885245901639 0.4509109311740891 0.7674180327868853 0.451417004048583 0.7827868852459017 0.45445344129554655 0.7879098360655737 0.4610323886639676 0.7827868852459017 0.4716599190283401 0.7592213114754098 0.47874493927125505 0.7172131147540983 0.4777160931174089 0.689360655737705 0.4797570850202429 0.6219262295081968 0.47520242914979755 0.6168032786885246 0.46558704453441296 0.6188524590163934 0.4610323886639676 0.6260245901639344
0 0.4331983805668016 0.6219262295081968 0.43438866396761133 0.649813524590164 0.4326923076923077 0.6997950819672131 0.4256072874493927 0.7510245901639344 0.42611336032388664 0.7674180327868853 0.43016194331983804 0.7704918032786885 0.4392712550607287 0.7633196721311475 0.4498987854251012 0.7049180327868853 0.452957995951417 0.6583299180327868 0.4605263157894737 0.6311475409836066 0.45951417004048584 0.6239754098360656 0.4458502024291498 0.6065573770491803 0.4347165991902834 0.6075819672131147
0 0.39979757085020245 0.7284836065573771 0.39979757085020245 0.7581967213114754 0.4058704453441296 0.7592213114754098 0.43092257085020247 0.6483104508196721 0.4407894736842105 0.6219262295081968 0.4423076923076923 0.610655737704918 0.4392712550607287 0.6045081967213115 0.4251012145748988 0.5922131147540983 0.41548582995951416 0.5922131147540983 0.41194331983805665 0.5983606557377049 0.4063765182186235 0.6834016393442623
0 0.3714574898785425 0.6137295081967213 0.3724696356275304 0.6280737704918032 0.3805668016194332 0.6424180327868853 0.3952429149797571 0.6495901639344263 0.40789473684210525 0.6516393442622951 0.409919028340081 0.6475409836065574 0.4104251012145749 0.625 0.40789473684210525 0.6075819672131147 0.39824139676113357 0.6147254098360656 0.3881578947368421 0.6045081967213115 0.37601214574898784 0.6055327868852459
0 0.3092105263157895 0.4661885245901639 0.3081983805668016 0.4979508196721312 0.32540485829959515 0.5081967213114754 0.3314777327935223 0.48770491803278687 0.333502024291498 0.44774590163934425 0.3395748987854251 0.41598360655737704 0.33856275303643724 0.4036885245901639 0.33046558704453444 0.3944672131147541 0.32793522267206476 0.39651639344262296 0.31275303643724695 0.444672131147541
0 0.33201214574898785 0.5626639344262295 0.3161664979757085 0.6264170081967213 0.3196330971659919 0.653969262295082 0.34067763157894737 0.5983637295081967
0 0.3554089068825911 0.5807090163934426 0.3273081983805668 0.6304241803278688 0.3300313765182187 0.6654907786885246 0.35800860323886635 0.6309252049180328 0.37855819838056676 0.6113883196721311
0 0.326417004048583 0.507172131147541 0.3259109311740891 0.5276639344262295 0.32894736842105265 0.5379098360655737 0.3451417004048583 0.5543032786885246 0.35374493927125505 0.5512295081967213 0.36082995951417 0.5420081967213115 0.36690283400809715 0.4610655737704918 0.3674089068825911 0.4149590163934426 0.3582995951417004 0.39036885245901637 0.3527327935222672 0.39549180327868855 0.34615384615384615 0.41188524590163933 0.3436234817813765 0.45286885245901637
0 0.3618421052631579 0.5389344262295082 0.3623481781376518 0.5563524590163934 0.3689271255060729 0.5747950819672131 0.38866396761133604 0.5799180327868853 0.4018218623481781 0.5676229508196722 0.4033400809716599 0.5471311475409836 0.39979757085020245 0.5194672131147541 0.4018218623481781 0.4385245901639344 0.3982793522267207 0.4334016393442623 0.39068825910931176 0.3985655737704918 0.37601214574898784 0.4026639344262295 0.37398785425101216 0.42315573770491804 0.3770242914979757 0.4415983606557377 0.37601214574898784 0.45491803278688525 0.3694331983805668 0.5051229508196722 0.3643724696356275 0.5174180327868853
0 0.4043522267206478 0.48565573770491804 0.4068825910931174 0.5133196721311475 0.402834008097166 0.5368852459016393 0.40384615384615385 0.5655737704918032 0.40789473684210525 0.5706967213114754 0.423582995951417 0.5665983606557377 0.42864372469635625 0.5584016393442623 0.43016194331983804 0.5317622950819673 0.423582995951417 0.4800204918032787 0.423582995951417 0.42725409836065575 0.4215587044534413 0.42110655737704916 0.4144736842105263 0.42008196721311475 0.4104251012145749 0.42520491803278687
0 0.4251012145748988 0.4692622950819672 0.42611336032388664 0.5102459016393442 0.42864372469635625 0.5245901639344263 0.4251012145748988 0.5717213114754098 0.4311740890688259 0.5799180327868853 0.4498987854251012 0.576844262295082 0.4534412955465587 0.5665983606557377 0.45445344129554655 0.548155737704918 0.4512246963562753 0.5236895491803278 0.45040485829959515 0.47848360655737704 0.4433198380566802 0.41905737704918034 0.4392712550607287 0.41905737704918034 0.4256072874493927 0.4395491803278688
0 0.4493927125506073 0.4057377049180328 0.4478744939271255 0.41188524590163933 0.4509109311740891 0.45286885245901637 0.4498987854251012 0.5717213114754098 0.45293522267206476 0.5850409836065574 0.46153846153846156 0.5891393442622951 0.4716599190283401 0.5829918032786885 0.47520242914979755 0.5727459016393442 0.4716599190283401 0.5307377049180327 0.47115384615384615 0.47438524590163933 0.4665991902834008 0.43135245901639346 0.45546558704453444 0.38831967213114754
0 0.47907793522267206 0.5071588114754099 0.47907793522267206 0.5302018442622951 0.4767206477732793 0.5737704918032787 0.48026315789473684 0.5840163934426229 0.4939271255060729 0.5870901639344263 0.49696356275303644 0.5758196721311475 0.49393319838056676 0.5251926229508196 0.4949392712550607 0.4395491803278688 0.4868421052631579 0.41905737704918034 0.479251012145749 0.44364754098360654
0 0.4974696356275304 0.42315573770491804 0.4964574898785425 0.4672131147540984 0.5005060728744939 0.4948770491803279 0.4984817813765182 0.5870901639344263 0.5050607287449392 0.5963114754098361 0.5217611336032388 0.5942622950819673 0.5237854251012146 0.5891393442622951 0.5242914979757085 0.5409836065573771 0.520242914979757 0.44672131147540983 0.513663967611336 0.4077868852459016 0.5091093117408907 0.39549180327868855 0.5015182186234818 0.39651639344262296
0 0.5288461538461539 0.4918032786885246 0.5293522267206477 0.5174180327868853 0.5237854251012146 0.5717213114754098 0.5242914979757085 0.5911885245901639 0.5308704453441295 0.5963114754098361 0.548582995951417 0.5973360655737705 0.5531376518218624 0.5819672131147541 0.5501012145748988 0.5338114754098361 0.5511133603238867 0.4651639344262295 0.548582995951417 0.4026639344262295 0.5425101214574899 0.4047131147540984 0.5369433198380567 0.41598360655737704 0.5323886639676113 0.44364754098360654
0 0.5541497975708503 0.4375 0.5559534412955466 0.5251926229508196 0.5546558704453441 0.5799180327868853 0.5592105263157895 0.5881147540983607 0.5713562753036437 0.5860655737704918 0.5754048582995951 0.5788934426229508 0.576417004048583 0.5635245901639344 0.5733805668016194 0.5338114754098361 0.5705607287449393 0.48962500000000003 0.569331983805668 0.41188524590163933 0.5642712550607287 0.4036885245901639 0.5592105263157895 0.4036885245901639
0 0.5779352226720648 0.45389344262295084 0.5797216599190284 0.5211844262295082 0.5779352226720648 0.5727459016393442 0.5915991902834008 0.5911885245901639 0.6017206477732794 0.5747950819672131 0.603744939271255 0.5522540983606558 0.5982904858299595 0.5026495901639344 0.597165991902834 0.41188524590163933 0.5915991902834008 0.3831967213114754 0.5885627530364372 0.3780737704918033 0.5860323886639676 0.3790983606557377 0.583502024291498 0.39036885245901637
0 0.6199392712550608 0.5389344262295082 0.6194331983805668 0.5563524590163934 0.6229757085020243 0.5645491803278688 0.6290485829959515 0.5645491803278688 0.6422064777327935 0.5799180327868853 0.6518218623481782 0.569672131147541 0.6568825910931174 0.42008196721311475 0.645748987854251 0.4180327868852459 0.6366396761133604 0.42213114754098363 0.631578947368421 0.430327868852459 0.625 0.5061475409836066
0 0.6497975708502024 0.5092213114754098 0.6503036437246964 0.548155737704918 0.6568825910931174 0.5594262295081968 0.6700404858299596 0.5645491803278688 0.6892712550607287 0.5543032786885246 0.6918016194331984 0.548155737704918 0.6923076923076923 0.5215163934426229 0.6816801619433198 0.45799180327868855 0.6776315789473685 0.4395491803278688 0.6720647773279352 0.4344262295081967 0.6700404858299596 0.41598360655737704 0.6578947368421053 0.41905737704918034 0.6543522267206477 0.4395491803278688
0 0.6892712550607287 0.39651639344262296 0.6897773279352226 0.5040983606557377 0.6923076923076923 0.5184426229508197 0.6958502024291497 0.5256147540983607 0.7054655870445344 0.5297131147540983 0.7252024291497976 0.5153688524590164 0.729251012145749 0.5030737704918032 0.729251012145749 0.48668032786885246 0.7197312753036438 0.45105225409836064 0.7145748987854251 0.4139344262295082 0.7135627530364372 0.38831967213114754 0.707995951417004 0.3780737704918033 0.6933198380566802 0.3770491803278688