0 0.28694331983805665 0.38422131147540983 0.2854251012145749 0.4610655737704918 0.27884615384615385 0.49385245901639346 0.2793522267206478 0.5081967213114754 0.2980769230769231 0.5297131147540983 0.305668016194332 0.5307377049180327 0.3107287449392713 0.5245901639344263 0.31224696356275305 0.5133196721311475 0.31123481781376516 0.4426229508196721 0.3076923076923077 0.4036885245901639 0.30313765182186236 0.38831967213114754 0.29453441295546556 0.3760245901639344 0.2899797570850202 0.3770491803278688
0 0.3157894736842105 0.39651639344262296 0.3183198380566802 0.4600409836065574 0.31123481781376516 0.5297131147540983 0.3183198380566802 0.5471311475409836 0.3415991902834008 0.5573770491803278 0.3481781376518219 0.5491803278688525 0.34868421052631576 0.5317622950819673 0.3390688259109312 0.4098360655737705 0.3340080971659919 0.39036885245901637 0.3284412955465587 0.3831967213114754 0.3208502024291498 0.38422131147540983
0 0.3481781376518219 0.41598360655737704 0.3491902834008097 0.4569672131147541 0.35374493927125505 0.4887295081967213 0.34969635627530365 0.5512295081967213 0.35121457489878544 0.5604508196721312 0.3598178137651822 0.5727459016393442 0.3714574898785425 0.5645491803278688 0.3765182186234818 0.5686475409836066 0.3881578947368421 0.5665983606557377 0.39119433198380565 0.5573770491803278 0.39068825910931176 0.5430327868852459 0.3801361336032389 0.49930942622950825 0.3699392712550607 0.39344262295081966 0.3699392712550607 0.3790983606557377 0.3648785425101215 0.375 0.36133603238866396 0.3780737704918033
0 0.37955465587044535 0.382172131147541 0.38917004048583 0.4805327868852459 0.3901821862348178 0.5368852459016393 0.39271255060728744 0.5584016393442623 0.4033400809716599 0.5665983606557377 0.40789473684210525 0.5655737704918032 0.41346153846153844 0.5594262295081968 0.4159919028340081 0.5358606557377049 0.4109311740890688 0.514344262295082 0.40131578947368424 0.42213114754098363 0.3967611336032389 0.39959016393442626 0.38866396761133604 0.3801229508196721
0 0.41295546558704455 0.3985655737704918 0.4109311740890688 0.4354508196721312 0.41948532388663967 0.4731516393442623 0.4180161943319838 0.5010245901639344 0.4159919028340081 0.5604508196721312 0.423582995951417 0.5758196721311475 0.4392712550607287 0.5645491803278688 0.4433198380566802 0.5450819672131147 0.43301214574898783 0.48372540983606555 0.4276315789473684 0.3985655737704918 0.4225708502024291 0.3729508196721312 0.4180161943319838 0.3729508196721312
0 0.4311740890688259 0.3739754098360656 0.444331983805668 0.5604508196721312 0.4509109311740891 0.5758196721311475 0.4549595141700405 0.5758196721311475 0.4681174089068826 0.5594262295081968 0.4686234817813765 0.5368852459016393 0.4559716599190283 0.4395491803278688 0.44888663967611336 0.4077868852459016 0.44281376518218624 0.3862704918032787 0.43623481781376516 0.3739754098360656
0 0.4660931174089069 0.3944672131147541 0.4590080971659919 0.40061475409836067 0.4676113360323887 0.4887295081967213 0.46963562753036436 0.5440573770491803 0.4731781376518219 0.5604508196721312 0.4832995951417004 0.5614754098360656 0.49038461538461536 0.5563524590163934 0.49190283400809715 0.5461065573770492 0.48633603238866396 0.5 0.4853238866396761 0.4692622950819672 0.47621457489878544 0.4149590163934426
0 0.48279352226720645 0.4077868852459016 0.48431174089068824 0.4334016393442623 0.4939271255060729 0.4989754098360656 0.49291497975708504 0.5543032786885246 0.5020242914979757 0.5686475409836066 0.520748987854251 0.5614754098360656 0.5222672064777328 0.5399590163934426 0.520242914979757 0.5061475409836066 0.5060728744939271 0.3801229508196721 0.4974696356275304 0.3729508196721312 0.4883603238866397 0.3739754098360656 0.4853238866396761 0.3801229508196721
0 0.5293522267206477 0.4180327868852459 0.5242914979757085 0.5573770491803278 0.5323886639676113 0.5635245901639344 0.5516194331983806 0.5625 0.5561740890688259 0.5522540983606558 0.5531376518218624 0.4989754098360656 0.555668016194332 0.4334016393442623 0.5581983805668016 0.4262295081967213 0.5571862348178138 0.3729508196721312 0.5475708502024291 0.36065573770491804 0.5369433198380567 0.36885245901639346 0.5308704453441295 0.38729508196721313
0 0.5581983805668016 0.5286885245901639 0.5571862348178138 0.5440573770491803 0.562246963562753 0.5573770491803278 0.5733805668016194 0.5614754098360656 0.5799595141700404 0.555327868852459 0.5819838056680162 0.41188524590163933 0.576417004048583 0.3985655737704918 0.569331983805668 0.4149590163934426
0 0.5819838056680162 0.5409836065573771 0.5819838056680162 0.5594262295081968 0.5986842105263158 0.5758196721311475 0.6052631578947368 0.5717213114754098 0.6108299595141701 0.5563524590163934 0.611336032388664 0.4774590163934426 0.6148785425101214 0.4426229508196721 0.6265182186234818 0.3801229508196721 0.625 0.3760245901639344 0.6148785425101214 0.3709016393442623 0.6072874493927125 0.3862704918032787 0.5895748987854251 0.46311475409836067
0 0.6032388663967612 0.5276639344262295 0.6032388663967612 0.5584016393442623 0.6088056680161943 0.569672131147541 0.6148785425101214 0.5665983606557377 0.6310728744939271 0.5799180327868853 0.6371442307692308 0.5736372950819673 0.6402186234817813 0.5667950819672132 0.6389888663967611 0.5624405737704918 0.638663967611336 0.5471311475409836 0.6376518218623481 0.5276639344262295 0.6411943319838057 0.5061475409836066 0.6417004048582996 0.44774590163934425 0.6492914979757085 0.38831967213114754 0.6482793522267206 0.3760245901639344 0.6427125506072875 0.36475409836065575 0.6330971659919028 0.3637295081967213 0.6265182186234818 0.3729508196721312 0.6189271255060729 0.4108606557377049
0 0.652834008097166 0.36475409836065575 0.6341093117408907 0.5604508196721312 0.6391700404858299 0.5686475409836066 0.6578947368421053 0.5809426229508197 0.6690283400809717 0.5645491803278688 0.6740890688259109 0.4098360655737705 0.6710526315789473 0.39036885245901637 0.6629554655870445 0.36475409836065575 0.6578947368421053 0.36065573770491804
0 0.6649797570850202 0.5368852459016393 0.6644736842105263 0.555327868852459 0.6695344129554656 0.5645491803278688 0.6923076923076923 0.5594262295081968 0.7049595141700404 0.5676229508196722 0.7105263157894737 0.5584016393442623 0.7115384615384616 0.5409836065573771 0.7064777327935222 0.46311475409836067 0.7069838056680162 0.4395491803278688 0.6973684210526315 0.41188524590163933 0.6796558704453441 0.4108606557377049
0 0.7090080971659919 0.5081967213114754 0.707995951417004 0.5286885245901639 0.7165991902834008 0.5491803278688525 0.7439271255060729 0.5348360655737705 0.75 0.5256147540983607 0.7439271255060729 0.46209016393442626 0.7454453441295547 0.4036885245901639 0.743421052631579 0.38729508196721313 0.7358299595141701 0.3668032786885246 0.7322874493927125 0.36475409836065575 0.7211538461538461 0.38934426229508196 0.7155870445344129 0.4610655737704918
0 0.7505060728744939 0.4077868852459016 0.7505060728744939 0.5184426229508197 0.7535425101214575 0.5317622950819673 0.7651821862348178 0.5348360655737705 0.7839068825910931 0.5153688524590164 0.7884615384615384 0.4969262295081967 0.7765627530364373 0.4464549180327869 0.7753036437246964 0.3801229508196721 0.7661943319838057 0.3780737704918033
0 0.75 0.5512295081967213 0.7474696356275303 0.5614754098360656 0.75 0.5778688524590164 0.777834008097166 0.6198770491803278 0.784919028340081 0.6403688524590164 0.8066801619433198 0.6618852459016393 0.8178137651821862 0.6536885245901639 0.8203441295546559 0.6270491803278688 0.7955465587044535 0.5604508196721312 0.7904858299595142 0.5317622950819673 0.7864372469635628 0.5256147540983607 0.7747975708502024 0.5245901639344263 0.7661943319838057 0.5379098360655737
0 0.7039473684210527 0.5819672131147541 0.7064777327935222 0.6075819672131147 0.7231781376518218 0.6424180327868853 0.7439271255060729 0.7079918032786885 0.7550607287449392 0.7274590163934426 0.7677125506072875 0.7254098360655737 0.7732793522267206 0.7090163934426229 0.7737854251012146 0.6915983606557377 0.7571948380566802 0.633779713114754 0.7459514170040485 0.5563524590163934 0.7327935222672065 0.5522540983606558
0 0.6568825910931174 0.5881147540983607 0.6604251012145749 0.6157786885245902 0.6745951417004049 0.6577868852459017 0.6852226720647774 0.7233606557377049 0.6928137651821862 0.7438524590163934 0.7069838056680162 0.7653688524590164 0.7058542510121457 0.7336168032786885 0.6944797570850202 0.7074918032786884 0.69325 0.6608391393442623 0.7193810728744939 0.7541444672131147 0.7257085020242915 0.7479508196721312 0.729757085020243 0.7366803278688525 0.729251012145749 0.7223360655737705 0.707995951417004 0.6434426229508197 0.7064777327935222 0.610655737704918 0.7019230769230769 0.5829918032786885 0.6654858299595142 0.5809426229508197
0 0.6290485829959515 0.6034836065573771 0.6290485829959515 0.6157786885245902 0.6563765182186235 0.7520491803278688 0.667004048582996 0.7838114754098361 0.6730769230769231 0.7909836065573771 0.6766194331983806 0.7899590163934426 0.6781376518218624 0.7827868852459017 0.6644736842105263 0.7038934426229508 0.6604251012145749 0.6659836065573771 0.6573886639676113 0.5983606557377049 0.638663967611336 0.5911885245901639
0 0.604251012145749 0.610655737704918 0.6103238866396761 0.6834016393442623 0.617914979757085 0.7325819672131147 0.6260121457489879 0.7633196721311475 0.6341093117408907 0.7745901639344263 0.6422064777327935 0.7715163934426229 0.6437246963562753 0.7592213114754098 0.631578947368421 0.7120901639344263 0.6295546558704453 0.6055327868852459 0.6229757085020243 0.5952868852459017 0.6143724696356275 0.5922131147540983 0.6108299595141701 0.5942622950819673
0 0.5784412955465587 0.5963114754098361 0.5784412955465587 0.6618852459016393 0.582995951417004 0.7469262295081968 0.5855263157894737 0.7745901639344263 0.5915991902834008 0.7817622950819673 0.5996963562753036 0.7745901639344263 0.604251012145749 0.7633196721311475 0.604251012145749 0.610655737704918 0.6022267206477733 0.6045081967213115 0.5845141700404858 0.5901639344262295 0.5809716599190283 0.5901639344262295
0 0.555161943319838 0.5932377049180327 0.5566801619433198 0.7284836065573771 0.5647773279352226 0.7551229508196722 0.5718623481781376 0.7469262295081968 0.5723684210526315 0.6608606557377049 0.5774291497975709 0.6065573770491803 0.576417004048583 0.5983606557377049 0.5607287449392713 0.5870901639344263 0.5561740890688259 0.5870901639344263
0 0.5323886639676113 0.5881147540983607 0.5369433198380567 0.6864754098360656 0.534919028340081 0.7161885245901639 0.5364372469635628 0.7520491803278688 0.5394736842105263 0.7581967213114754 0.5445344129554656 0.7592213114754098 0.5490890688259109 0.757172131147541 0.5531376518218624 0.7459016393442623 0.5509109311740891 0.644139344262295 0.5536437246963563 0.5942622950819673 0.5455465587044535 0.5870901639344263
0 0.5121457489878543 0.5952868852459017 0.5131578947368421 0.7592213114754098 0.5177125506072875 0.7684426229508197 0.5258097165991903 0.7602459016393442 0.5298582995951417 0.7213114754098361 0.5313765182186235 0.5911885245901639 0.5242914979757085 0.5881147540983607
0 0.4893724696356275 0.5993852459016393 0.48785425101214575 0.6065573770491803 0.49190283400809715 0.6526639344262295 0.4949392712550607 0.7592213114754098 0.49696356275303644 0.7633196721311475 0.5055668016194332 0.7612704918032787 0.5101214574898786 0.7561475409836066 0.5101214574898786 0.5973360655737705 0.5030364372469636 0.5932377049180327
0 0.46204453441295545 0.6260245901639344 0.4625506072874494 0.6864754098360656 0.4524291497975709 0.7879098360655737 0.4564777327935223 0.7930327868852459 0.46710526315789475 0.7889344262295082 0.4731781376518219 0.7756147540983607 0.48431174089068824 0.7100409836065574 0.48633603238866396 0.6772540983606558 0.48582995951417 0.6086065573770492 0.48228744939271256 0.6014344262295082 0.4767206477732793 0.6014344262295082 0.46710526315789475 0.610655737704918 0.4625506072874494 0.6188524590163934
0 0.4316801619433198 0.6485655737704918 0.4326923076923077 0.6659836065573771 0.42864372469635625 0.7254098360655737 0.4215587044534413 0.7745901639344263 0.4271255060728745 0.7909836065573771 0.43623481781376516 0.7868852459016393 0.4433198380566802 0.7602459016393442 0.4509109311740891 0.7151639344262295 0.4549595141700405 0.6588114754098361 0.45951417004048584 0.6372950819672131 0.4569838056680162 0.617827868852459 0.45040485829959515 0.6024590163934426 0.4367408906882591 0.6065573770491803
0 0.4068825910931174 0.6086065573770492 0.4043522267206478 0.7059426229508197 0.3932186234817814 0.7797131147540983 0.3896761133603239 0.7899590163934426 0.39068825910931176 0.7950819672131147 0.395748987854251 0.798155737704918 0.40536437246963564 0.7920081967213115 0.41346153846153844 0.7674180327868853 0.42206477732793524 0.7243852459016393 0.4240890688259109 0.6875 0.4367408906882591 0.6229508196721312 0.4367408906882591 0.6137295081967213 0.4331983805668016 0.6045081967213115 0.42105263157894735 0.5952868852459017 0.41143724696356276 0.5983606557377049
0 0.36285425101214575 0.735655737704918 0.3623481781376518 0.7448770491803278 0.3648785425101215 0.75 0.3775303643724696 0.7479508196721312 0.3810728744939271 0.742827868852459 0.3932186234817814 0.6639344262295082 0.3765182186234818 0.6588114754098361 0.37601214574898784 0.6895491803278688 0.3724696356275304 0.6956967213114754
0 0.35600151821862347 0.6677766393442623 0.34463562753036436 0.7202868852459017 0.35121457489878544 0.7407786885245902 0.3582995951417004 0.7448770491803278 0.36690283400809715 0.7161885245901639 0.37398785425101216 0.6567622950819673 0.3729757085020243 0.6495901639344263 0.3603238866396761 0.6454918032786885
0 0.29554655870445345 0.6967213114754098 0.2930161943319838 0.7315573770491803 0.3208011133603239 0.6845717213114755 0.31188562753036436 0.7225153688524589 0.3026315789473684 0.7592213114754098 0.3076923076923077 0.757172131147541 0.32894736842105265 0.7223360655737705 0.34058704453441296 0.6741803278688525 0.3603238866396761 0.6260245901639344 0.3633603238866397 0.6116803278688525 0.3623481781376518 0.5993852459016393 0.33704453441295545 0.5788934426229508 0.3228744939271255 0.5788934426229508 0.31781376518218624 0.5993852459016393 0.3147773279352227 0.6352459016393442
0 0.2591093117408907 0.6229508196721312 0.2550607287449393 0.6618852459016393 0.2565789473684211 0.6772540983606558 0.2601214574898785 0.6854508196721312 0.26720647773279355 0.6905737704918032 0.28289473684210525 0.6741803278688525 0.28821356275303645 0.6559180327868853 0.30718623481781376 0.617827868852459 0.319331983805668 0.5952868852459017 0.32135627530364375 0.5758196721311475 0.3147773279352227 0.5625 0.29605263157894735 0.5430327868852459 0.28441295546558704 0.5409836065573771 0.27884615384615385 0.548155737704918 0.2732793522267207 0.5850409836065574