0 0.2732793522267207 0.4702868852459016 0.2727732793522267 0.48155737704918034 0.2874493927125506 0.5133196721311475 0.3001012145748988 0.5163934426229508 0.3066801619433198 0.5112704918032787 0.3107287449392713 0.49077868852459017 0.3147773279352227 0.42008196721311475 0.3142712550607287 0.4026639344262295 0.3097165991902834 0.3862704918032787 0.3006072874493927 0.38831967213114754 0.2874493927125506 0.4364754098360656 0.277834008097166 0.45286885245901637
0 0.31123481781376516 0.4989754098360656 0.3107287449392713 0.5102459016393442 0.3142712550607287 0.5286885245901639 0.3324898785425101 0.5409836065573771 0.3431174089068826 0.5379098360655737 0.3466599190283401 0.5307377049180327 0.3481781376518219 0.5040983606557377 0.3456477732793522 0.42827868852459017 0.3426113360323887 0.4067622950819672 0.3340080971659919 0.3944672131147541 0.32793522267206476 0.39959016393442626 0.3248987854251012 0.42725409836065575 0.32186234817813764 0.43135245901639346
0 0.3491902834008097 0.5133196721311475 0.3481781376518219 0.5389344262295082 0.3532388663967611 0.5563524590163934 0.35931174089068824 0.5543032786885246 0.3765182186234818 0.5655737704918032 0.3815789473684211 0.5604508196721312 0.3856275303643725 0.5266393442622951 0.38461538461538464 0.3975409836065574 0.3810728744939271 0.38831967213114754 0.3765182186234818 0.38831967213114754 0.3724696356275304 0.3975409836065574 0.3623481781376518 0.4354508196721312 0.35728744939271256 0.48155737704918034
0 0.39220647773279355 0.41905737704918034 0.39271255060728744 0.47540983606557374 0.3901821862348178 0.5235655737704918 0.38461538461538464 0.5614754098360656 0.39220647773279355 0.5788934426229508 0.3972672064777328 0.5788934426229508 0.4084008097165992 0.5706967213114754 0.41346153846153844 0.5614754098360656 0.4139676113360324 0.5420081967213115 0.4104251012145749 0.5163934426229508 0.40941295546558704 0.4610655737704918 0.4048582995951417 0.42315573770491804 0.39625506072874495 0.4149590163934426
0 0.41143724696356276 0.5020491803278688 0.4075106275303644 0.5363995901639343 0.4072580971659919 0.5604252049180328 0.40941295546558704 0.5717213114754098 0.4109311740890688 0.5799180327868853 0.4180161943319838 0.5850409836065574 0.4311740890688259 0.5758196721311475 0.43775303643724695 0.576844262295082 0.4407894736842105 0.5604508196721312 0.4315116396761134 0.42087397540983607 0.4251012145748988 0.4036885245901639 0.416497975708502 0.44364754098360654
0 0.4392712550607287 0.4149590163934426 0.4402834008097166 0.5717213114754098 0.4433198380566802 0.5809426229508197 0.4509109311740891 0.5860655737704918 0.4590080971659919 0.5737704918032787 0.4645748987854251 0.5522540983606558 0.4645748987854251 0.5399590163934426 0.451417004048583 0.4047131147540984
0 0.4706477732793522 0.4969262295081967 0.4686234817813765 0.5522540983606558 0.4701417004048583 0.5758196721311475 0.48026315789473684 0.5860655737704918 0.4883603238866397 0.5840163934426229 0.49139676113360325 0.5727459016393442 0.49139676113360325 0.555327868852459 0.4868421052631579 0.44672131147540983 0.48228744939271256 0.430327868852459 0.4741902834008097 0.430327868852459
0 0.49949392712550605 0.4077868852459016 0.4939271255060729 0.4364754098360656 0.49544534412955465 0.5358606557377049 0.4939271255060729 0.5727459016393442 0.49898785425101216 0.5942622950819673 0.5126518218623481 0.5973360655737705 0.520748987854251 0.5911885245901639 0.520748987854251 0.5440573770491803 0.5101214574898786 0.4088114754098361 0.5055668016194332 0.39959016393442626
0 0.5263157894736842 0.4569672131147541 0.5232793522267206 0.5870901639344263 0.5273279352226721 0.5932377049180327 0.5455465587044535 0.5952868852459017 0.5501012145748988 0.5870901639344263 0.5511133603238867 0.5614754098360656 0.5409919028340081 0.4026639344262295 0.5323886639676113 0.4036885245901639
0 0.5602226720647774 0.4569672131147541 0.5531376518218624 0.5717213114754098 0.5561740890688259 0.5819672131147541 0.5657894736842105 0.5870901639344263 0.5769230769230769 0.576844262295082 0.5799595141700404 0.5604508196721312 0.5759109311740891 0.5194672131147541 0.5738866396761133 0.4385245901639344 0.5723684210526315 0.42213114754098363 0.5688259109311741 0.4149590163934426 0.5632591093117408 0.42008196721311475
0 0.5855263157894737 0.4702868852459016 0.5860323886639676 0.4969262295081967 0.5819838056680162 0.5532786885245902 0.5865384615384616 0.5717213114754098 0.5996963562753036 0.5891393442622951 0.6082995951417004 0.5747950819672131 0.6118421052631579 0.5522540983606558 0.603744939271255 0.42008196721311475 0.5915991902834008 0.39241803278688525
0 0.5946356275303644 0.39549180327868855 0.5946356275303644 0.4036885245901639 0.6002024291497976 0.41290983606557374 0.6077935222672065 0.4610655737704918 0.6138663967611336 0.5512295081967213 0.6330971659919028 0.5717213114754098 0.6427125506072875 0.5706967213114754 0.6519412955465588 0.537422131147541 0.6390561740890689 0.5087961065573771 0.6366396761133604 0.47438524590163933 0.6325910931174089 0.444672131147541 0.625 0.4262295081967213 0.6077935222672065 0.39959016393442626
0 0.6325910931174089 0.4262295081967213 0.6417004048582996 0.5368852459016393 0.6497975708502024 0.548155737704918 0.6715587044534413 0.5502049180327869 0.6761133603238867 0.5338114754098361 0.673582995951417 0.5081967213114754 0.6467611336032388 0.4067622950819672 0.638663967611336 0.39959016393442626 0.6341093117408907 0.41188524590163933
0 0.6892712550607287 0.4036885245901639 0.6811740890688259 0.47950819672131145 0.6766194331983806 0.5010245901639344 0.6771255060728745 0.5215163934426229 0.6852226720647774 0.5368852459016393 0.6887651821862348 0.5379098360655737 0.7125506072874493 0.5286885245901639 0.7196356275303644 0.5133196721311475 0.7191295546558705 0.4887295081967213 0.7160931174089069 0.4713114754098361 0.7155870445344129 0.42725409836065575 0.7090080971659919 0.3831967213114754 0.6968623481781376 0.38831967213114754
0 0.7272267206477733 0.4098360655737705 0.7211538461538461 0.507172131147541 0.7231781376518218 0.5122950819672131 0.7383603238866396 0.5204918032786885 0.7479757085020243 0.5204918032786885 0.7560728744939271 0.5061475409836066 0.7575910931174089 0.4979508196721312 0.7489878542510121 0.4262295081967213 0.7424089068825911 0.4149590163934426 0.7398785425101214 0.38831967213114754 0.7322874493927125 0.39651639344262296
0 0.6897773279352226 0.5727459016393442 0.694838056680162 0.6096311475409836 0.7100202429149798 0.6454918032786885 0.7160931174089069 0.6721311475409836 0.7317813765182186 0.7059426229508197 0.7358299595141701 0.7100409836065574 0.743421052631579 0.7069672131147541 0.7515182186234818 0.6956967213114754 0.7555668016194332 0.6813524590163934 0.7550607287449392 0.6659836065573771 0.7327935222672065 0.5491803278688525 0.728744939271255 0.5440573770491803 0.715080971659919 0.5471311475409836
0 0.6432186234817814 0.5881147540983607 0.6437246963562753 0.6096311475409836 0.6589068825910931 0.6536885245901639 0.6680161943319838 0.7131147540983607 0.673582995951417 0.7192622950819673 0.6768264170040487 0.6836885245901639 0.677584008097166 0.662219262295082 0.6902834008097166 0.6967213114754098 0.7009109311740891 0.7120901639344263 0.7034412955465587 0.694672131147541 0.6928137651821862 0.6219262295081968 0.6953441295546559 0.6004098360655737 0.6938259109311741 0.5840163934426229 0.6897773279352226 0.576844262295082 0.6730769230769231 0.5655737704918032 0.6609311740890689 0.5819672131147541 0.6482793522267206 0.5778688524590164
0 0.6138663967611336 0.6075819672131147 0.6128542510121457 0.6209016393442623 0.6290485829959515 0.7192622950819673 0.6341093117408907 0.7264344262295082 0.6401821862348178 0.7223360655737705 0.6467611336032388 0.6229508196721312 0.6422064777327935 0.6075819672131147 0.6270242914979757 0.5973360655737705
0 0.5860323886639676 0.6219262295081968 0.5870445344129555 0.6465163934426229 0.5936234817813765 0.694672131147541 0.5946356275303644 0.7284836065573771 0.5991902834008097 0.7520491803278688 0.6032388663967612 0.757172131147541 0.6103238866396761 0.7397540983606558 0.6118421052631579 0.6526639344262295 0.6148785425101214 0.6342213114754098 0.6108299595141701 0.6147540983606558 0.6032388663967612 0.6075819672131147 0.5936234817813765 0.610655737704918
0 0.5602226720647774 0.632172131147541 0.5587044534412956 0.7038934426229508 0.5546558704453441 0.7592213114754098 0.5602226720647774 0.7735655737704918 0.5642712550607287 0.7735655737704918 0.5683198380566802 0.7674180327868853 0.583502024291498 0.673155737704918 0.5850202429149798 0.6188524590163934 0.5769230769230769 0.6034836065573771 0.5718623481781376 0.6034836065573771 0.562246963562753 0.617827868852459
0 0.5369433198380567 0.6311475409836066 0.5374493927125507 0.7592213114754098 0.5445344129554656 0.7622950819672131 0.5475708502024291 0.75 0.5581983805668016 0.6342213114754098 0.5566801619433198 0.625 0.548582995951417 0.6157786885245902 0.5379554655870445 0.6188524590163934
0 0.5167004048582996 0.625 0.5196831983805668 0.6837704918032788 0.5167004048582996 0.7438524590163934 0.521255060728745 0.75 0.5288461538461539 0.7284836065573771 0.5354251012145749 0.6188524590163934 0.5328947368421053 0.6147540983606558 0.5192307692307693 0.617827868852459
0 0.4964574898785425 0.639344262295082 0.4979757085020243 0.682718237704918 0.4939271255060729 0.7407786885245902 0.4979757085020243 0.7479508196721312 0.5030364372469636 0.7438524590163934 0.5075910931174089 0.7284836065573771 0.5141700404858299 0.6536885245901639 0.5146761133603239 0.6198770491803278 0.4979757085020243 0.6188524590163934
0 0.4767206477732793 0.6260245901639344 0.4782388663967611 0.7325819672131147 0.4797570850202429 0.7438524590163934 0.4868421052631579 0.7448770491803278 0.4898785425101215 0.735655737704918 0.49544534412955465 0.6577868852459017 0.49544534412955465 0.617827868852459 0.4883603238866397 0.6147540983606558
0 0.4493927125506073 0.673155737704918 0.45040485829959515 0.7756147540983607 0.4590080971659919 0.7827868852459017 0.4645748987854251 0.7602459016393442 0.47469635627530365 0.6506147540983607 0.4741902834008097 0.6331967213114754 0.4665991902834008 0.6147540983606558 0.4590080971659919 0.6137295081967213 0.4524291497975709 0.6260245901639344
0 0.423582995951417 0.6536885245901639 0.42206477732793524 0.7633196721311475 0.4240890688259109 0.7704918032786885 0.42813765182186236 0.7725409836065574 0.4316801619433198 0.7674180327868853 0.4392712550607287 0.7202868852459017 0.4392712550607287 0.704405737704918 0.4493927125506073 0.6495901639344263 0.4483805668016194 0.6270491803278688 0.4397773279352227 0.6147540983606558 0.42864372469635625 0.6168032786885246 0.42611336032388664 0.6229508196721312
0 0.3917004048582996 0.735655737704918 0.39119433198380565 0.7551229508196722 0.39625506072874495 0.7653688524590164 0.402834008097166 0.7469262295081968 0.42864372469635625 0.6372950819672131 0.42459514170040485 0.6147540983606558 0.4058704453441296 0.6116803278688525 0.402834008097166 0.6188524590163934
0 0.34615384615384615 0.7049180327868853 0.3441295546558704 0.7274590163934426 0.3456477732793522 0.7407786885245902 0.3517206477732793 0.7305327868852459 0.3696143724696356 0.6699815573770492 0.37188815789473684 0.685828893442623 0.3674089068825911 0.7305327868852459 0.3689271255060729 0.7438524590163934 0.37550607287449395 0.7387295081967213 0.37955465587044535 0.7274590163934426 0.39220647773279355 0.6516393442622951 0.3982793522267207 0.6403688524590164 0.4033400809716599 0.6198770491803278 0.4033400809716599 0.6055327868852459 0.3992914979757085 0.5952868852459017 0.3876518218623482 0.5942622950819673 0.37601214574898784 0.5829918032786885 0.3643724696356275 0.5860655737704918 0.3618421052631579 0.5911885245901639 0.35880566801619435 0.610655737704918 0.35880566801619435 0.6424180327868853
0 0.3157894736842105 0.5911885245901639 0.3149175101214575 0.6418227459016393 0.30718623481781376 0.6844262295081968 0.3102226720647773 0.7141393442622951 0.3290652834008097 0.6402889344262296 0.3283076923076923 0.6709600409836065 0.3208502024291498 0.7131147540983607 0.32945344129554655 0.701844262295082 0.3582995951417004 0.6127049180327869 0.3618421052631579 0.5829918032786885 0.36082995951417 0.576844262295082 0.34969635627530365 0.5676229508196722 0.3415991902834008 0.5665983606557377 0.3299595141700405 0.5717213114754098
0 0.2540485829959514 0.5747950819672131 0.2591093117408907 0.6198770491803278 0.27479757085020245 0.6403688524590164 0.2889676113360324 0.6362704918032787 0.3102226720647773 0.6403688524590164 0.3142712550607287 0.6342213114754098 0.3188259109311741 0.610655737704918 0.31123481781376516 0.548155737704918 0.3026315789473684 0.5409836065573771 0.25961538461538464 0.5655737704918032