0 0.2651821862348178 0.48360655737704916 0.2646761133603239 0.5010245901639344 0.26771255060728744 0.5133196721311475 0.2793522267206478 0.5153688524590164 0.2930161943319838 0.5297131147540983 0.29959514170040485 0.5297131147540983 0.30718623481781376 0.5215163934426229 0.3097165991902834 0.4702868852459016 0.30870445344129555 0.45799180327868855 0.31275303643724695 0.41290983606557374 0.3117408906882591 0.39651639344262296 0.3061740890688259 0.38114754098360654 0.3061740890688259 0.3739754098360656 0.3107287449392713 0.3709016393442623 0.3097165991902834 0.36577868852459017 0.30465587044534415 0.36475409836065575 0.29453441295546556 0.35040983606557374 0.291497975708502 0.35450819672131145 0.28694331983805665 0.3524590163934426 0.2813765182186235 0.36065573770491804 0.27884615384615385 0.42520491803278687
0 0.3092105263157895 0.3709016393442623 0.3097165991902834 0.5266393442622951 0.3142712550607287 0.5368852459016393 0.3324898785425101 0.5461065573770492 0.3395748987854251 0.5440573770491803 0.3481781376518219 0.5327868852459017 0.34969635627530365 0.5256147540983607 0.34210526315789475 0.38831967213114754 0.32793522267206476 0.35860655737704916 0.319331983805668 0.35655737704918034 0.3102226720647773 0.36065573770491804
0 0.3517206477732793 0.39549180327868855 0.3532388663967611 0.45184426229508196 0.34868421052631576 0.48975409836065575 0.3517206477732793 0.5194672131147541 0.3598178137651822 0.5256147540983607 0.37601214574898784 0.5266393442622951 0.3876518218623482 0.5204918032786885 0.3917004048582996 0.5092213114754098 0.3937246963562753 0.4887295081967213 0.3851214574898785 0.39959016393442626 0.37398785425101216 0.3729508196721312 0.3729757085020243 0.36168032786885246 0.36639676113360325 0.3637295081967213
0 0.4063765182186235 0.39651639344262296 0.409919028340081 0.5092213114754098 0.4159919028340081 0.5215163934426229 0.423582995951417 0.5225409836065574 0.42965587044534415 0.5061475409836066 0.4458502024291498 0.4979508196721312 0.4397773279352227 0.41905737704918034 0.423582995951417 0.3729508196721312 0.423582995951417 0.33299180327868855 0.4185222672064777 0.33709016393442626
0 0.39271255060728744 0.2786885245901639 0.3896761133603239 0.3084016393442623 0.37398785425101216 0.3719262295081967 0.3815789473684211 0.39139344262295084 0.40030364372469635 0.3975409836065574 0.4068825910931174 0.38729508196721313 0.4215587044534413 0.2858606557377049 0.4200404858299595 0.2797131147540984 0.4048582995951417 0.2735655737704918
0 0.42206477732793524 0.32172131147540983 0.42054655870445345 0.3770491803278688 0.4347165991902834 0.4959016393442623 0.4498987854251012 0.5225409836065574 0.45546558704453444 0.5235655737704918 0.4645748987854251 0.4661885245901639 0.46356275303643724 0.4385245901639344 0.4564777327935223 0.3944672131147541 0.4438259109311741 0.3473360655737705 0.43775303643724695 0.29815573770491804 0.4276315789473684 0.29405737704918034 0.4240890688259109 0.30225409836065575
0 0.4645748987854251 0.32479508196721313 0.4660931174089069 0.42008196721311475 0.48431174089068824 0.44364754098360654 0.4873481781376518 0.4334016393442623 0.48633603238866396 0.38729508196721313 0.4741902834008097 0.3114754098360656 0.4665991902834008 0.3125
0 0.48582995951417 0.4979508196721312 0.48582995951417 0.5204918032786885 0.4888663967611336 0.5256147540983607 0.5040485829959515 0.5297131147540983 0.5131578947368421 0.5297131147540983 0.5151821862348178 0.5256147540983607 0.5151821862348178 0.36475409836065575 0.5131578947368421 0.32684426229508196 0.5010121457489879 0.32991803278688525 0.4924089068825911 0.3944672131147541 0.4908906882591093 0.45184426229508196
0 0.520748987854251 0.3975409836065574 0.5182186234817814 0.4661885245901639 0.5192307692307693 0.5286885245901639 0.5379554655870445 0.5327868852459017 0.5425101214574899 0.5276639344262295 0.5450404858299596 0.514344262295082 0.5475708502024291 0.35655737704918034 0.5455465587044535 0.32889344262295084 0.5369433198380567 0.3135245901639344 0.5308704453441295 0.3155737704918033 0.5263157894736842 0.33401639344262296 0.5247975708502024 0.3719262295081967
0 0.5460526315789473 0.46209016393442626 0.5460526315789473 0.5163934426229508 0.5495951417004049 0.5204918032786885 0.5662955465587044 0.5133196721311475 0.5718623481781376 0.4979508196721312 0.5728744939271255 0.48565573770491804 0.5718623481781376 0.45235655737704916 0.5748987854251012 0.3668032786885246 0.5794534412955465 0.31864754098360654 0.5759109311740891 0.29815573770491804 0.5642712550607287 0.3012295081967213 0.5642712550607287 0.3125 0.5602226720647774 0.3176229508196721 0.5536437246963563 0.3637295081967213 0.5506072874493927 0.42418032786885246
0 0.5865384615384616 0.3719262295081967 0.5870445344129555 0.39036885245901637 0.6022267206477733 0.39549180327868855 0.6077935222672065 0.39241803278688525 0.6098178137651822 0.35655737704918034 0.604251012145749 0.3104508196721312 0.5991902834008097 0.3073770491803279 0.5936234817813765 0.3135245901639344
0 0.6578947368421053 0.3780737704918033 0.6553643724696356 0.48258196721311475 0.6584008097165992 0.5020491803278688 0.6654858299595142 0.5184426229508197 0.6730769230769231 0.5245901639344263 0.6867408906882592 0.5112704918032787 0.6968623481781376 0.5133196721311475 0.7029352226720648 0.4948770491803279 0.701417004048583 0.45081967213114754 0.6998987854251012 0.4385245901639344 0.6953441295546559 0.43135245901639346 0.6867408906882592 0.36475409836065575 0.6776315789473685 0.32684426229508196 0.6700404858299596 0.32479508196721313 0.6644736842105263 0.32991803278688525 0.6619433198380567 0.33709016393442626
0 0.708502024291498 0.41598360655737704 0.7029352226720648 0.4918032786885246 0.7039473684210527 0.5184426229508197 0.7211538461538461 0.5276639344262295 0.7439271255060729 0.5163934426229508 0.7474696356275303 0.5051229508196722 0.7484817813765182 0.4887295081967213 0.7439271255060729 0.45901639344262296 0.7413967611336032 0.32889344262295084 0.7201417004048583 0.34938524590163933
0 0.6118421052631579 0.5625 0.6108299595141701 0.5747950819672131 0.6311715587044534 0.6324579918032787 0.646255060728745 0.6895491803278688 0.6487854251012146 0.6895491803278688 0.6578947368421053 0.7069672131147541 0.6690283400809717 0.7049180327868853 0.6720647773279352 0.6690573770491803 0.6675101214574899 0.6567622950819673 0.656375 0.619155737704918 0.6553643724696356 0.5676229508196722 0.6513157894736842 0.5563524590163934 0.6437246963562753 0.5440573770491803 0.6260121457489879 0.5430327868852459 0.6224696356275303 0.5440573770491803
0 0.5860323886639676 0.5594262295081968 0.594463056680162 0.6091782786885246 0.5941295546558705 0.6577868852459017 0.5981781376518218 0.6823770491803278 0.604251012145749 0.6967213114754098 0.6189271255060729 0.6987704918032787 0.618421052631579 0.5635245901639344 0.6214574898785425 0.5563524590163934 0.6148785425101214 0.5430327868852459 0.5915991902834008 0.5420081967213115
0 0.555161943319838 0.5522540983606558 0.5602226720647774 0.6577868852459017 0.562753036437247 0.6608606557377049 0.5708502024291497 0.7202868852459017 0.5789473684210527 0.7407786885245902 0.5875506072874493 0.7397540983606558 0.5931174089068826 0.7315573770491803 0.597165991902834 0.6885245901639344 0.5865384615384616 0.5522540983606558 0.5824898785425101 0.5409836065573771 0.5769230769230769 0.5368852459016393 0.562753036437247 0.5399590163934426
0 0.3790485829959514 0.6690573770491803 0.37803643724696356 0.6967213114754098 0.3815789473684211 0.7438524590163934 0.38866396761133604 0.735655737704918 0.39625506072874495 0.7059426229508197 0.39625506072874495 0.6967213114754098 0.41548582995951416 0.5952868852459017 0.41700404858299595 0.5594262295081968 0.4144736842105263 0.5543032786885246 0.4084008097165992 0.5502049180327869 0.39220647773279355 0.5532786885245902 0.3876518218623482 0.5635245901639344 0.38461538461538464 0.5758196721311475
0 0.4109311740890688 0.5747950819672131 0.40536437246963564 0.6516393442622951 0.4058704453441296 0.6926229508196722 0.41194331983805665 0.7254098360655737 0.4200404858299595 0.7295081967213115 0.4240890688259109 0.7233606557377049 0.4251012145748988 0.6997950819672131 0.43016194331983804 0.6772540983606558 0.4392712550607287 0.5737704918032787 0.4367408906882591 0.5645491803278688 0.4190283400809717 0.5491803278688525 0.4159919028340081 0.5522540983606558
0 0.4397773279352227 0.5563524590163934 0.4342105263157895 0.6557377049180327 0.42965587044534415 0.6915983606557377 0.43016194331983804 0.7161885245901639 0.4352226720647773 0.7438524590163934 0.4473684210526316 0.7315573770491803 0.45799595141700405 0.6813524590163934 0.4706477732793522 0.569672131147541 0.4701417004048583 0.5461065573770492 0.4590080971659919 0.5286885245901639 0.4473684210526316 0.5317622950819673
0 0.4730212550607288 0.5380788934426229 0.47196912955465586 0.5939938524590165 0.463338056680162 0.6796075819672132 0.45891700404858304 0.7038862704918033 0.4677586032388664 0.7068678278688525 0.49028340080971655 0.6071987704918033 0.5003881578947369 0.5479928278688525 0.4740738866396761 0.5318073770491804
0 0.4884939271255061 0.5668483606557377 0.4963881578947369 0.6387172131147542 0.49723026315789476 0.6787561475409836 0.5134397773279352 0.6855706967213114 0.5113345141700405 0.617421106557377 0.5100718623481781 0.5991055327868853 0.5102823886639676 0.5705676229508196 0.5119660931174089 0.5624743852459017
0 0.5128081983805668 0.5783555327868852 0.5157555668016195 0.6574590163934426 0.5182813765182186 0.6706629098360656 0.5260703441295547 0.6744969262295082 0.5334387651821862 0.663422131147541 0.5311229757085021 0.566734631147541
0 0.5532267206477732 0.5438329918032786 0.5532267206477732 0.6054948770491803 0.5553319838056681 0.6544774590163934 0.5481745951417004 0.6898299180327869 0.5355435222672065 0.643828893442623 0.5273335020242915 0.5458637295081967