0 0.24972972972972973 0.45675675675675675 0.2518918918918919 0.47364864864864864 0.2569369369369369 0.48986486486486486 0.2673873873873874 0.5067567567567568 0.2717117117117117 0.5094594594594595 0.2742342342342342 0.5047297297297297 0.2781981981981982 0.504054054054054 0.2818018018018018 0.5 0.2882882882882883 0.4851351351351351 0.2954954954954955 0.44324324324324327 0.2954954954954955 0.4304054054054054 0.2911711711711712 0.4195945945945946 0.28324324324324324 0.4114864864864865 0.2789189189189189 0.40945945945945944 0.2681081081081081 0.41216216216216217 0.26126126126126126 0.422972972972973 0.25657657657657656 0.4418918918918919
0 0.2990990990990991 0.4702702702702703 0.3009009009009009 0.48243243243243245 0.29873873873873874 0.5013513513513513 0.29945945945945945 0.5121621621621621 0.298018018018018 0.5371621621621622 0.30342342342342343 0.552027027027027 0.30342342342342343 0.5560810810810811 0.30774774774774777 0.5608108108108109 0.31423423423423424 0.5614864864864865 0.3192792792792793 0.5567567567567567 0.32756756756756755 0.5614864864864865 0.33369369369369367 0.5594594594594594 0.33981981981981985 0.5459459459459459 0.3427027027027027 0.543918918918919 0.3445045045045045 0.5277027027027027 0.34306306306306306 0.5094594594594595 0.33693693693693694 0.48986486486486486 0.3333333333333333 0.4831081081081081 0.3300900900900901 0.4506756756756757 0.32576576576576577 0.4506756756756757 0.32288288288288286 0.4412162162162162 0.3232432432432432 0.43513513513513513 0.316036036036036 0.4263513513513513 0.3106306306306306 0.422972972972973 0.3073873873873874 0.4243243243243243 0.30126126126126124 0.43175675675675673
0 0.3441441441441441 0.529054054054054 0.34234234234234234 0.5533783783783783 0.3441441441441441 0.5567567567567567 0.3434234234234234 0.5641891891891891 0.34486486486486484 0.5716216216216217 0.34954954954954953 0.5831081081081081 0.3535135135135135 0.5858108108108108 0.35783783783783785 0.5844594594594594 0.36252252252252254 0.577027027027027 0.3661261261261261 0.5594594594594594 0.37261261261261264 0.5391891891891892 0.3744144144144144 0.5243243243243243 0.3798198198198198 0.5094594594594595 0.37585585585585585 0.4614864864864865 0.37189189189189187 0.4472972972972973 0.369009009009009 0.44256756756756754 0.36324324324324325 0.44324324324324327 0.35711711711711713 0.43783783783783786 0.3545945945945946 0.4445945945945946 0.35243243243243244 0.46418918918918917 0.35315315315315315 0.4817567567567568 0.34954954954954953 0.4912162162162162
0 0.37189189189189187 0.43783783783783786 0.37189189189189187 0.452027027027027 0.3848648648648649 0.5716216216216217 0.39207207207207206 0.5817567567567568 0.39927927927927925 0.581081081081081 0.40396396396396395 0.5756756756756757 0.41081081081081083 0.577027027027027 0.41621621621621624 0.5844594594594594 0.42342342342342343 0.577027027027027 0.4291891891891892 0.5587837837837838 0.4273873873873874 0.552027027027027 0.4284684684684685 0.5486486486486486 0.4227027027027027 0.543918918918919 0.40072072072072074 0.45675675675675675 0.3891891891891892 0.43851351351351353 0.3783783783783784 0.43513513513513513
0 0.42486486486486486 0.48243243243243245 0.42486486486486486 0.4972972972972973 0.4306306306306306 0.525 0.430990990990991 0.5527027027027027 0.4353153153153153 0.5736486486486486 0.43891891891891893 0.5837837837837838 0.4425225225225225 0.5878378378378378 0.4508108108108108 0.5871621621621622 0.4554954954954955 0.577027027027027 0.4590990990990991 0.5621621621621622 0.4594594594594595 0.5452702702702703 0.45297297297297295 0.4972972972972973 0.4464864864864865 0.4635135135135135 0.43349369369369367 0.4247486486486487 0.4252756756756757 0.4307371621621622 0.42344936936936933 0.4555466216216216
0 0.3958281081081081 0.42737297297297294 0.4047308108108108 0.5175702702702702 0.40495927927927927 0.5543567567567568 0.41340540540540544 0.5830162162162162 0.41682954954954954 0.5855824324324325 0.4284713513513514 0.5706114864864865 0.4284713513513514 0.5556405405405405 0.44171135135135137 0.5641952702702703 0.4455920720720721 0.5410966216216216 0.4362327927927928 0.4927608108108108 0.421394954954955 0.4388641891891892 0.40884 0.41448243243243243 0.4015351351351351 0.4076385135135135 0.39491495495495493 0.42859864864864866
0 0.47927927927927927 0.42702702702702705 0.48 0.4851351351351351 0.47711711711711713 0.5425675675675675 0.4781981981981982 0.5682432432432433 0.4818018018018018 0.5777027027027027 0.4900900900900901 0.5824324324324325 0.5016216216216216 0.5817567567567568 0.501981981981982 0.5263513513513514 0.4969369369369369 0.4472972972972973 0.49117117117117115 0.41486486486486485 0.489009009009009 0.41081081081081083 0.4821621621621622 0.40878378378378377
0 0.5045045045045045 0.5472972972972973 0.5045045045045045 0.5716216216216217 0.5063063063063064 0.5797297297297297 0.5091891891891892 0.5837837837837838 0.5174774774774775 0.5891891891891892 0.5214414414414414 0.5878378378378378 0.5282882882882883 0.5763513513513514 0.5308108108108108 0.5432432432432432 0.5297297297297298 0.5310810810810811 0.5308108108108108 0.44797297297297295 0.5239639639639639 0.40405405405405403 0.5181981981981982 0.3952702702702703 0.5163963963963965 0.39594594594594595 0.5149549549549549 0.40337837837837837 0.516036036036036 0.40945945945945944 0.5149549549549549 0.4304054054054054
0 0.5336936936936937 0.4743243243243243 0.5344144144144144 0.4972972972972973 0.5297297297297298 0.572972972972973 0.5315315315315315 0.5797297297297297 0.5344144144144144 0.5817567567567568 0.5477477477477477 0.581081081081081 0.5520720720720721 0.572972972972973 0.5527927927927928 0.5452702702702703 0.5491891891891892 0.46621621621621623 0.5448648648648649 0.4466216216216216 0.5398198198198199 0.45 0.5358558558558558 0.4594594594594595
0 0.594954954954955 0.522972972972973 0.5953153153153153 0.5398648648648648 0.6007207207207207 0.5533783783783783 0.6075675675675676 0.5635135135135135 0.6151351351351352 0.5662162162162162 0.623063063063063 0.5527027027027027 0.6234234234234234 0.47297297297297297 0.6273873873873874 0.4195945945945946 0.6227027027027027 0.41621621621621624 0.6151351351351352 0.41621621621621624 0.6108108108108108 0.42567567567567566 0.6075675675675676 0.4527027027027027
0 0.569009009009009 0.5202702702702703 0.5686486486486486 0.5425675675675675 0.5704504504504504 0.5527027027027027 0.5816216216216217 0.5581081081081081 0.5881081081081081 0.572972972972973 0.5953153153153153 0.575 0.6025225225225225 0.5493243243243243 0.5974774774774775 0.5175675675675676 0.603963963963964 0.4743243243243243 0.6036036036036037 0.45 0.5884684684684685 0.43851351351351353 0.5834234234234235 0.43851351351351353 0.5798198198198198 0.44324324324324327 0.5754954954954955 0.4648648648648649 0.5754954954954955 0.4851351351351351
0 0.64 0.46554054054054056 0.6385585585585586 0.4756756756756757 0.6432432432432432 0.5054054054054054 0.6461261261261261 0.5114864864864865 0.6486486486486487 0.5094594594594595 0.6518918918918919 0.49864864864864866 0.6556046846846847 0.4859668918918919 0.6612612612612613 0.4966216216216216 0.6663063063063063 0.49932432432432433 0.6702702702702703 0.4939189189189189 0.66990990990991 0.4783783783783784 0.6576576576576577 0.45878378378378376 0.6497297297297298 0.4574324324324324
0 0.6605405405405406 0.581081081081081 0.6616216216216216 0.5945945945945946 0.6681081081081081 0.6087837837837838 0.6875632432432432 0.6267675675675676 0.7005405405405405 0.6513513513513514 0.7120720720720721 0.6601351351351351 0.7203603603603603 0.654054054054054 0.7264864864864865 0.6094594594594595 0.7286486486486486 0.6067567567567568 0.7304504504504504 0.5945945945945946 0.7254054054054054 0.5851351351351352 0.7099099099099099 0.5668918918918919 0.6933333333333334 0.5324324324324324 0.6861261261261261 0.5331081081081082 0.6749549549549549 0.5472972972972973 0.6727927927927928 0.552027027027027 0.6720720720720721 0.5635135135135135 0.6684684684684684 0.5716216216216217
0 0.6057657657657658 0.5986486486486486 0.6050450450450451 0.6155405405405405 0.6195372972972972 0.6496810810810811 0.623063063063063 0.6824324324324325 0.6306306306306306 0.7277027027027027 0.6345945945945946 0.7358108108108108 0.6385585585585586 0.7378378378378379 0.64 0.7277027027027027 0.6362014414414414 0.687322972972973 0.6375711711711711 0.6667912162162162 0.6476151351351351 0.679195945945946 0.6565765765765765 0.720945945945946 0.6580180180180181 0.727027027027027 0.6627027027027027 0.7243243243243244 0.6623423423423423 0.6952702702702702 0.6536936936936937 0.6351351351351351 0.654054054054054 0.6054054054054054 0.6526126126126126 0.5952702702702702 0.6345945945945946 0.5831081081081081 0.6194594594594595 0.5952702702702702 0.6111711711711711 0.5898648648648649 0.6075675675675676 0.5925675675675676
0 0.5794594594594594 0.6229729729729729 0.5790990990990991 0.6304054054054054 0.5816216216216217 0.6412162162162162 0.5963963963963964 0.6878378378378378 0.5989189189189189 0.7128378378378378 0.6111711711711711 0.7432432432432432 0.6158558558558559 0.7283783783783784 0.6162162162162163 0.7074324324324325 0.6104504504504504 0.6358108108108108 0.6064864864864865 0.6155405405405405 0.6036036036036037 0.6101351351351352 0.5938738738738739 0.6087837837837838
0 0.5596396396396396 0.6466216216216216 0.5596396396396396 0.6547297297297298 0.5686486486486486 0.6966216216216217 0.5722522522522523 0.7243243243243244 0.5776576576576576 0.7452702702702703 0.5798198198198198 0.75 0.5837837837837838 0.7520270270270271 0.5881081081081081 0.7378378378378379 0.5888288288288288 0.6648648648648648 0.5823423423423424 0.6229729729729729 0.5679279279279279 0.6229729729729729
0 0.5394594594594595 0.6621621621621622 0.5387387387387388 0.677027027027027 0.5441441441441441 0.7520270270270271 0.5488288288288288 0.7635135135135135 0.5531531531531532 0.7668918918918919 0.5578378378378378 0.7594594594594595 0.5607207207207208 0.7479729729729729 0.5654054054054054 0.6932432432432433 0.5646846846846847 0.6743243243243243 0.5614414414414415 0.6574324324324324 0.5607207207207208 0.6337837837837837 0.5578378378378378 0.6229729729729729 0.5434234234234234 0.6270270270270271
0 0.5221621621621622 0.6304054054054054 0.5257657657657657 0.6871621621621622 0.525045045045045 0.7243243243243244 0.5282882882882883 0.7439189189189189 0.532972972972973 0.7472972972972973 0.5354954954954955 0.7364864864864865 0.5430630630630631 0.6344594594594595 0.5412612612612613 0.629054054054054 0.5369369369369369 0.6277027027027027
0 0.505945945945946 0.6277027027027027 0.5055855855855856 0.675 0.5073873873873874 0.720945945945946 0.5131531531531531 0.7513513513513513 0.5145945945945946 0.7520270270270271 0.5196396396396397 0.7331081081081081 0.5214414414414414 0.6797297297297298 0.5227488288288288 0.6631662162162162 0.5232432432432432 0.65 0.5232054054054054 0.6452006756756757 0.5268468468468468 0.6304054054054054 0.5131531531531531 0.6229729729729729 0.5095495495495496 0.6229729729729729
0 0.4908108108108108 0.6405405405405405 0.49045045045045044 0.6614864864864864 0.4947747747747748 0.7398648648648649 0.5016216216216216 0.7547297297297297 0.5063063063063064 0.7337837837837838 0.5088288288288288 0.6304054054054054 0.505945945945946 0.6263513513513513 0.49333333333333335 0.6277027027027027 0.4915315315315315 0.6304054054054054
0 0.470990990990991 0.629054054054054 0.47063063063063065 0.6445945945945946 0.4745945945945946 0.7047297297297297 0.47855855855855856 0.7222972972972973 0.4861261261261261 0.7398648648648649 0.4882882882882883 0.7202702702702702 0.489009009009009 0.6459459459459459 0.4875675675675676 0.6283783783783784 0.4861261261261261 0.6236486486486487 0.47855855855855856 0.6236486486486487
0 0.42342342342342343 0.6601351351351351 0.42342342342342343 0.7155405405405405 0.4273873873873874 0.7594594594594595 0.4306306306306306 0.768918918918919 0.4392792792792793 0.7722972972972973 0.4472072072072072 0.7641891891891892 0.44900900900900903 0.7520270270270271 0.4486486486486487 0.697972972972973 0.45297297297297295 0.6702702702702703 0.4533333333333333 0.6574324324324324 0.44036036036036036 0.6310810810810811 0.4335135135135135 0.6297297297297297 0.42702702702702705 0.6344594594594595
0 0.3978378378378378 0.6783783783783783 0.3978378378378378 0.7452702702702703 0.4 0.7581081081081081 0.40396396396396395 0.7608108108108108 0.4079279279279279 0.7554054054054054 0.41477477477477476 0.7358108108108108 0.4266666666666667 0.6878378378378378 0.4335135135135135 0.6736486486486486 0.4327927927927928 0.6635135135135135 0.44 0.6378378378378379 0.436036036036036 0.6324324324324324 0.42702702702702705 0.6317567567567568 0.41945945945945945 0.6222972972972973 0.40612612612612614 0.6243243243243243 0.40396396396396395 0.6277027027027027 0.4 0.6466216216216216
0 0.3030630630630631 0.6810810810810811 0.3030630630630631 0.7047297297297297 0.30594594594594593 0.7128378378378378 0.31351351351351353 0.7243243243243244 0.32 0.7283783783783784 0.33441441441441444 0.7162162162162162 0.35603603603603606 0.6777027027027027 0.36936936936936937 0.6587837837837838 0.37513513513513513 0.6459459459459459 0.3769369369369369 0.6236486486486487 0.3747747747747748 0.6182432432432432 0.35711711711711713 0.5993243243243244 0.33297297297297296 0.5945945945945946 0.3272072072072072 0.6033783783783784 0.32144144144144143 0.6189189189189189 0.3063063063063063 0.6655405405405406