0 0.27884615384615385 0.5215163934426229 0.27884615384615385 0.5368852459016393 0.2909919028340081 0.5706967213114754 0.29453441295546556 0.5737704918032787 0.305668016194332 0.5686475409836066 0.3117408906882591 0.5584016393442623 0.3173076923076923 0.48258196721311475 0.3142712550607287 0.45081967213114754 0.3102226720647773 0.4344262295081967 0.3021255060728745 0.4344262295081967 0.2980769230769231 0.4405737704918033 0.291497975708502 0.4764344262295082
0 0.32186234817813764 0.44672131147540983 0.31781376518218624 0.5286885245901639 0.31376518218623484 0.5543032786885246 0.3147773279352227 0.5645491803278688 0.32034412955465585 0.5758196721311475 0.3350202429149798 0.5850409836065574 0.3426113360323887 0.5850409836065574 0.34868421052631576 0.5758196721311475 0.35121457489878544 0.5522540983606558 0.3415991902834008 0.44364754098360654 0.333502024291498 0.42213114754098363 0.3299595141700405 0.42213114754098363
0 0.3481781376518219 0.4487704918032787 0.34868421052631576 0.5194672131147541 0.354251012145749 0.5584016393442623 0.3582995951417004 0.5686475409836066 0.3765182186234818 0.5778688524590164 0.38208502024291496 0.5512295081967213 0.3825910931174089 0.5204918032786885 0.3785425101214575 0.46311475409836067 0.3709514170040486 0.4149590163934426 0.36538461538461536 0.4047131147540984 0.35931174089068824 0.4098360655737705
0 0.3881578947368421 0.46209016393442626 0.3815789473684211 0.5911885245901639 0.3851214574898785 0.6034836065573771 0.39271255060728744 0.610655737704918 0.4073886639676113 0.5993852459016393 0.41194331983805665 0.5727459016393442 0.40030364372469635 0.4692622950819672 0.39271255060728744 0.4405737704918033
0 0.41143724696356276 0.4641393442622951 0.4109311740890688 0.5604508196721312 0.41295546558704455 0.5911885245901639 0.42054655870445345 0.5993852459016393 0.4357287449392713 0.5829918032786885 0.4392712550607287 0.5573770491803278 0.42813765182186236 0.5133196721311475 0.4200404858299595 0.4385245901639344 0.4139676113360324 0.4395491803278688
0 0.4331983805668016 0.4149590163934426 0.4326923076923077 0.46311475409836067 0.4367408906882591 0.5122950819672131 0.43876518218623484 0.5809426229508197 0.4433198380566802 0.5901639344262295 0.4473684210526316 0.5911885245901639 0.4600202429149798 0.5758196721311475 0.4640688259109312 0.5594262295081968 0.4640688259109312 0.548155737704918 0.45293522267206476 0.4344262295081967 0.4433198380566802 0.4036885245901639 0.4352226720647773 0.39959016393442626
0 0.4676113360323887 0.47540983606557374 0.46558704453441296 0.5645491803278688 0.46963562753036436 0.5758196721311475 0.48026315789473684 0.5799180327868853 0.48785425101214575 0.5717213114754098 0.48785425101214575 0.548155737704918 0.4848178137651822 0.45081967213114754 0.4782388663967611 0.4108606557377049 0.4701417004048583 0.4180327868852459
0 0.2925101214574899 0.5778688524590164 0.2818825910931174 0.6434426229508197 0.2687246963562753 0.6772540983606558 0.27125506072874495 0.7038934426229508 0.28036437246963564 0.7110655737704918 0.28694331983805665 0.7110655737704918 0.30465587044534415 0.6936475409836066 0.3228744939271255 0.6485655737704918 0.3324898785425101 0.6331967213114754 0.33451417004048584 0.6229508196721312 0.33451417004048584 0.6055327868852459 0.32894736842105265 0.5942622950819673 0.3026315789473684 0.5706967213114754 0.29605263157894735 0.5706967213114754
0 0.49291497975708504 0.4569672131147541 0.49291497975708504 0.5717213114754098 0.5035425101214575 0.5799180327868853 0.5192307692307693 0.5758196721311475 0.5232793522267206 0.5686475409836066 0.5232793522267206 0.5440573770491803 0.5192307692307693 0.507172131147541 0.520242914979757 0.4661885245901639 0.5141700404858299 0.4077868852459016 0.5050607287449392 0.4057377049180328 0.5020242914979757 0.41188524590163933 0.4934210526315789 0.44364754098360654
0 0.5313765182186235 0.41700819672131145 0.5247975708502024 0.5368852459016393 0.5253036437246964 0.5604508196721312 0.5293522267206477 0.5758196721311475 0.5536437246963563 0.5788934426229508 0.5571862348178138 0.5727459016393442 0.5561740890688259 0.4180327868852459 0.5460526315789473 0.38831967213114754 0.5425101214574899 0.38524590163934425 0.5344129554655871 0.39549180327868855
0 0.5612348178137652 0.45491803278688525 0.5597165991902834 0.5512295081967213 0.5612348178137652 0.5727459016393442 0.5678137651821862 0.5840163934426229 0.5799595141700404 0.5850409836065574 0.5840080971659919 0.576844262295082 0.5840080971659919 0.5409836065573771 0.5784412955465587 0.4149590163934426 0.5723684210526315 0.3944672131147541 0.5678137651821862 0.3975409836065574
0 0.5850202429149798 0.5512295081967213 0.5850202429149798 0.5676229508196722 0.5921052631578947 0.5901639344262295 0.6067813765182186 0.5922131147540983 0.6128542510121457 0.5870901639344263 0.6148785425101214 0.5788934426229508 0.6143724696356275 0.5358606557377049 0.6194331983805668 0.41905737704918034 0.6098178137651822 0.39139344262295084 0.6062753036437247 0.39139344262295084 0.597165991902834 0.42725409836065575
0 0.6270242914979757 0.555327868852459 0.6265182186234818 0.5717213114754098 0.6300607287449392 0.5840163934426229 0.6492914979757085 0.5983606557377049 0.6604251012145749 0.5952868852459017 0.6619433198380567 0.5717213114754098 0.6604251012145749 0.5532786885245902 0.6720647773279352 0.47438524590163933 0.6715587044534413 0.42213114754098363 0.6639676113360324 0.42418032786885246 0.6568825910931174 0.4385245901639344
0 0.6523279352226721 0.5584016393442623 0.652834008097166 0.5911885245901639 0.6685222672064778 0.610655737704918 0.6826923076923077 0.6065573770491803 0.6892712550607287 0.610655737704918 0.701417004048583 0.5952868852459017 0.7024291497975709 0.5829918032786885 0.6988866396761133 0.5573770491803278 0.6988866396761133 0.5327868852459017 0.6887651821862348 0.48360655737704916 0.6887651821862348 0.45901639344262296 0.6907894736842105 0.45491803278688525 0.6852226720647774 0.42315573770491804 0.6751012145748988 0.4405737704918033 0.6700404858299596 0.48258196721311475 0.6578947368421053 0.5430327868852459
0 0.7019230769230769 0.5563524590163934 0.7024291497975709 0.5799180327868853 0.7095141700404858 0.5952868852459017 0.7322874493927125 0.5952868852459017 0.7403846153846154 0.5881147540983607 0.742914979757085 0.5676229508196722 0.7332995951417004 0.44364754098360654 0.7206477732793523 0.4375 0.7171052631578947 0.44672131147540983
0 0.742914979757085 0.5 0.743421052631579 0.5625 0.7489878542510121 0.5819672131147541 0.7580971659919028 0.5870901639344263 0.7834008097165992 0.5594262295081968 0.7834008097165992 0.5338114754098361 0.777834008097166 0.5204918032786885 0.7717611336032388 0.48975409836065575 0.7682186234817814 0.45491803278688525 0.7631578947368421 0.4395491803278688 0.7560728744939271 0.4395491803278688 0.7525303643724697 0.44672131147540983
0 0.7631578947368421 0.6034836065573771 0.7616396761133604 0.6198770491803278 0.7560728744939271 0.6229508196721312 0.7550607287449392 0.6331967213114754 0.7682186234817814 0.6567622950819673 0.7742914979757085 0.6639344262295082 0.7803643724696356 0.6639344262295082 0.7844129554655871 0.6506147540983607 0.7793522267206477 0.6311475409836066 0.770748987854251 0.6065573770491803
0 0.7343117408906883 0.6311475409836066 0.7343117408906883 0.6403688524590164 0.742914979757085 0.6577868852459017 0.7520242914979757 0.6680327868852459 0.7672064777327935 0.6700819672131147 0.7753036437246964 0.6618852459016393 0.7596153846153846 0.6301229508196722 0.7535425101214575 0.625 0.743421052631579 0.6229508196721312
0 0.6153846153846154 0.6034836065573771 0.6234817813765182 0.6987704918032787 0.6255060728744939 0.7561475409836066 0.6305668016194332 0.7694672131147541 0.6346153846153846 0.7694672131147541 0.6427125506072875 0.7407786885245902 0.6447368421052632 0.7202868852459017 0.6467611336032388 0.6147540983606558 0.6442307692307693 0.6055327868852459 0.6351214574898786 0.5963114754098361 0.6189271255060729 0.5973360655737705
0 0.590080971659919 0.6239754098360656 0.5991902834008097 0.7459016393442623 0.6027327935222672 0.7704918032786885 0.6093117408906883 0.7704918032786885 0.6123481781376519 0.7510245901639344 0.6163967611336032 0.6352459016393442 0.6138663967611336 0.6188524590163934 0.6067813765182186 0.6116803278688525 0.5991902834008097 0.610655737704918
0 0.5637651821862348 0.6311475409836066 0.5576923076923077 0.7377049180327869 0.5642712550607287 0.7756147540983607 0.5718623481781376 0.7848360655737705 0.5779352226720648 0.7653688524590164 0.5824898785425101 0.7377049180327869 0.5885627530364372 0.6772540983606558 0.5905870445344129 0.6157786885245902 0.5875506072874493 0.6075819672131147 0.5723684210526315 0.6075819672131147 0.5662955465587044 0.6157786885245902
0 0.5359311740890689 0.7038934426229508 0.5344129554655871 0.7397540983606558 0.5364372469635628 0.7530737704918032 0.5455465587044535 0.7530737704918032 0.5592105263157895 0.6813524590163934 0.5642712550607287 0.617827868852459 0.562753036437247 0.6034836065573771 0.5450404858299596 0.6014344262295082 0.542004048582996 0.6065573770491803 0.5404858299595142 0.6618852459016393
0 0.5172064777327935 0.6024590163934426 0.5232793522267206 0.742827868852459 0.52834008097166 0.7510245901639344 0.5328947368421053 0.7510245901639344 0.5394736842105263 0.6065573770491803 0.5369433198380567 0.6004098360655737 0.5293522267206477 0.5983606557377049
0 0.49696356275303644 0.5993852459016393 0.4949392712550607 0.6034836065573771 0.49544534412955465 0.6311475409836066 0.5015182186234818 0.7479508196721312 0.5096153846153846 0.7561475409836066 0.5141700404858299 0.7438524590163934 0.5151821862348178 0.7295081967213115 0.5151821862348178 0.6014344262295082
0 0.4726720647773279 0.6096311475409836 0.47520242914979755 0.6588114754098361 0.4848178137651822 0.7284836065573771 0.4873481781376518 0.742827868852459 0.49190283400809715 0.7448770491803278 0.4964574898785425 0.7366803278688525 0.4974696356275304 0.7213114754098361 0.4939271255060729 0.6024590163934426 0.4898785425101215 0.5973360655737705 0.48228744939271256 0.5993852459016393
0 0.44635627530364375 0.6188524590163934 0.4458502024291498 0.6444672131147541 0.4509109311740891 0.6977459016393442 0.45040485829959515 0.7827868852459017 0.4590080971659919 0.7838114754098361 0.46356275303643724 0.7786885245901639 0.4701417004048583 0.7315573770491803 0.4726720647773279 0.673155737704918 0.4716599190283401 0.617827868852459 0.4665991902834008 0.6055327868852459 0.4569838056680162 0.6034836065573771 0.45040485829959515 0.6086065573770492
0 0.41953441295546556 0.625 0.4240890688259109 0.7131147540983607 0.4311740890688259 0.7469262295081968 0.4392712550607287 0.75 0.44129554655870445 0.6680327868852459 0.44534412955465585 0.6362704918032787 0.44483805668016196 0.6229508196721312 0.4382591093117409 0.610655737704918 0.42965587044534415 0.6075819672131147 0.42105263157894735 0.617827868852459
0 0.39220647773279355 0.6270491803278688 0.3967611336032389 0.735655737704918 0.40030364372469635 0.7704918032786885 0.4043522267206478 0.7797131147540983 0.4104251012145749 0.7438524590163934 0.409919028340081 0.7295081967213115 0.4190283400809717 0.6311475409836066 0.41346153846153844 0.6147540983606558 0.4084008097165992 0.610655737704918