0 0.3142712550607287 0.39959016393442626 0.3132591093117409 0.41700819672131145 0.31629554655870445 0.4385245901639344 0.32135627530364375 0.45389344262295084 0.3299595141700405 0.4672131147540984 0.3415991902834008 0.46209016393442626 0.36285425101214575 0.4036885245901639 0.3618421052631579 0.38831967213114754 0.35374493927125505 0.35655737704918034 0.3507085020242915 0.35348360655737704 0.3299595141700405 0.35860655737704916
0 0.3451417004048583 0.5081967213114754 0.34615384615384615 0.5317622950819673 0.35374493927125505 0.5450819672131147 0.3724696356275304 0.5543032786885246 0.3841093117408907 0.5409836065573771 0.3815789473684211 0.4344262295081967 0.3648785425101215 0.3985655737704918 0.35931174089068824 0.4036885245901639 0.35020242914979755 0.4385245901639344 0.3522267206477733 0.4641393442622951
0 0.4483805668016194 0.48155737704918034 0.4483805668016194 0.548155737704918 0.44534412955465585 0.5747950819672131 0.44686234817813764 0.5911885245901639 0.4549595141700405 0.5963114754098361 0.47520242914979755 0.5840163934426229 0.47874493927125505 0.5737704918032787 0.4782388663967611 0.5440573770491803 0.4645748987854251 0.4375 0.45546558704453444 0.4354508196721312 0.4519230769230769 0.4395491803278688
0 0.47469635627530365 0.4385245901639344 0.47368421052631576 0.4959016393442623 0.47621457489878544 0.5409836065573771 0.4797570850202429 0.5604508196721312 0.4741902834008097 0.5963114754098361 0.4782388663967611 0.6096311475409836 0.4868421052631579 0.6127049180327869 0.4979757085020243 0.6034836065573771 0.5015182186234818 0.5911885245901639 0.49898785425101216 0.5276639344262295 0.4908906882591093 0.4405737704918033 0.48228744939271256 0.42008196721311475 0.4782388663967611 0.42315573770491804
0 0.5010121457489879 0.48975409836065575 0.5005060728744939 0.6024590163934426 0.5060728744939271 0.6168032786885246 0.5177125506072875 0.6188524590163934 0.521255060728745 0.6127049180327869 0.5217611336032388 0.6014344262295082 0.5197368421052632 0.5225409836065574 0.5161943319838057 0.4805327868852459 0.5086032388663968 0.45901639344262296 0.5050607287449392 0.45799180327868855 0.5015182186234818 0.4661885245901639
0 0.5465587044534413 0.617827868852459 0.5460526315789473 0.6301229508196722 0.5490890688259109 0.6362704918032787 0.5718623481781376 0.6383196721311475 0.5754048582995951 0.632172131147541 0.5814777327935222 0.4641393442622951 0.5794534412955465 0.45286885245901637 0.5708502024291497 0.4456967213114754 0.5637651821862348 0.44364754098360654 0.5561740890688259 0.45901639344262296
0 0.5789473684210527 0.4733606557377049 0.5754048582995951 0.5163934426229508 0.5769230769230769 0.6280737704918032 0.5946356275303644 0.6301229508196722 0.5986842105263158 0.6116803278688525 0.6012145748987854 0.4661885245901639 0.5915991902834008 0.45901639344262296 0.5809716599190283 0.4672131147540984
0 0.6027327935222672 0.4969262295081967 0.597165991902834 0.5952868852459017 0.6067813765182186 0.6270491803278688 0.6163967611336032 0.6311475409836066 0.6234817813765182 0.6198770491803278 0.625 0.610655737704918 0.6290485829959515 0.41905737704918034 0.6229757085020243 0.41700819672131145 0.6123481781376519 0.4354508196721312
0 0.6143724696356275 0.555327868852459 0.6128542510121457 0.5706967213114754 0.6143724696356275 0.5911885245901639 0.6422064777327935 0.6147540983606558 0.6503036437246964 0.6055327868852459 0.6568825910931174 0.4661885245901639 0.6558704453441295 0.4385245901639344 0.6411943319838057 0.4364754098360656 0.6356275303643725 0.4426229508196721
0 0.645242914979757 0.6239754098360656 0.6447368421052632 0.6465163934426229 0.6578947368421053 0.6895491803278688 0.6695344129554656 0.7520491803278688 0.6745951417004049 0.7653688524590164 0.6892712550607287 0.7735655737704918 0.6907894736842105 0.7674180327868853 0.6892712550607287 0.7540983606557377 0.684379048582996 0.7080532786885245 0.7004048582995951 0.7407786885245902 0.707995951417004 0.75 0.715080971659919 0.7448770491803278 0.7155870445344129 0.7346311475409836 0.7034412955465587 0.6854508196721312 0.6988866396761133 0.6536885245901639 0.7009109311740891 0.6290983606557377 0.6978744939271255 0.6168032786885246 0.6771255060728745 0.6065573770491803 0.6578947368421053 0.6209016393442623 0.6503036437246964 0.617827868852459
0 0.6108299595141701 0.6598360655737705 0.6123481781376519 0.6762295081967213 0.6231442307692309 0.6980870901639344 0.6310728744939271 0.7243852459016393 0.6346153846153846 0.7387295081967213 0.6346153846153846 0.7510245901639344 0.6427125506072875 0.7797131147540983 0.652834008097166 0.7961065573770492 0.6634615384615384 0.7868852459016393 0.6644736842105263 0.7827868852459017 0.6578947368421053 0.7459016393442623 0.6573886639676113 0.7131147540983607 0.6508097165991903 0.6659836065573771 0.646255060728745 0.6495901639344263 0.6422064777327935 0.6444672131147541 0.6305668016194332 0.6424180327868853
0 0.6082995951417004 0.7233606557377049 0.6082995951417004 0.7530737704918032 0.6153846153846154 0.7991803278688525 0.6229757085020243 0.8145491803278688 0.6300607287449392 0.8022540983606558 0.6330971659919028 0.7868852459016393 0.6346153846153846 0.7459016393442623 0.6265182186234818 0.7172131147540983
0 0.5799595141700404 0.6936475409836066 0.5794534412955465 0.7120901639344263 0.5926113360323887 0.7827868852459017 0.6082995951417004 0.8227459016393442 0.6153846153846154 0.8022540983606558 0.6017206477732794 0.6885245901639344 0.5991902834008097 0.680327868852459 0.5875506072874493 0.6741803278688525 0.583502024291498 0.6793032786885246
0 0.562246963562753 0.7028688524590164 0.5597165991902834 0.7633196721311475 0.5637651821862348 0.7827868852459017 0.5718623481781376 0.7899590163934426 0.5774291497975709 0.7786885245901639 0.5819838056680162 0.7325819672131147 0.5794534412955465 0.6885245901639344 0.5688259109311741 0.6875
0 0.5445344129554656 0.7038934426229508 0.5450404858299596 0.7592213114754098 0.5521255060728745 0.7694672131147541 0.5566801619433198 0.7684426229508197 0.5607287449392713 0.7469262295081968 0.562246963562753 0.7161885245901639 0.548582995951417 0.6741803278688525
0 0.5288461538461539 0.6577868852459017 0.52834008097166 0.7469262295081968 0.5258097165991903 0.7786885245901639 0.5288461538461539 0.7909836065573771 0.5344129554655871 0.7909836065573771 0.5389676113360324 0.7827868852459017 0.5425101214574899 0.764344262295082 0.5435222672064778 0.7090163934426229 0.5501012145748988 0.6536885245901639 0.548582995951417 0.6454918032786885
0 0.5146761133603239 0.7254098360655737 0.513663967611336 0.7735655737704918 0.5156882591093117 0.7879098360655737 0.5182186234817814 0.7899590163934426 0.5237854251012146 0.7817622950819673 0.52834008097166 0.757172131147541 0.5288461538461539 0.701844262295082 0.5172064777327935 0.7069672131147541
0 0.4731781376518219 0.7909836065573771 0.472165991902834 0.7991803278688525 0.4741902834008097 0.805327868852459 0.48279352226720645 0.8063524590163934 0.5005060728744939 0.7735655737704918 0.513663967611336 0.7274590163934426 0.513663967611336 0.7172131147540983 0.5192307692307693 0.6936475409836066 0.5161943319838057 0.6577868852459017 0.5055668016194332 0.6567622950819673 0.5015182186234818 0.6639344262295082
0 0.46153846153846156 0.742827868852459 0.4605263157894737 0.7551229508196722 0.4625506072874494 0.7592213114754098 0.4691295546558704 0.7592213114754098 0.4853238866396761 0.7233606557377049 0.47368421052631576 0.7049180327868853
0 0.4367408906882591 0.6659836065573771 0.4230769230769231 0.7817622950819673 0.4230769230769231 0.7868852459016393 0.4266194331983806 0.7909836065573771 0.44483805668016196 0.7827868852459017 0.4564777327935223 0.7090163934426229 0.4701417004048583 0.6711065573770492 0.4716599190283401 0.6536885245901639 0.4564777327935223 0.6342213114754098 0.4478744939271255 0.6331967213114754 0.4382591093117409 0.6536885245901639
0 0.38309716599190285 0.7223360655737705 0.38208502024291496 0.7366803278688525 0.3866396761133603 0.7479508196721312 0.39625506072874495 0.7315573770491803 0.41004504048582996 0.6896485655737705 0.41331983805668016 0.7028995901639344 0.40789473684210525 0.7612704918032787 0.4159919028340081 0.7510245901639344 0.42459514170040485 0.7264344262295082 0.4352226720647773 0.6577868852459017 0.4438259109311741 0.6342213114754098 0.4407894736842105 0.6147540983606558 0.4124493927125506 0.6055327868852459 0.3982793522267207 0.6065573770491803 0.395748987854251 0.617827868852459 0.3977732793522267 0.6465163934426229 0.3896761133603239 0.701844262295082
0 0.35931174089068824 0.6813524590163934 0.35931174089068824 0.6926229508196722 0.3638663967611336 0.6987704918032787 0.37449392712550605 0.6915983606557377 0.38309716599190285 0.6772540983606558 0.39473684210526316 0.6424180327868853 0.38866396761133604 0.6290983606557377 0.3841093117408907 0.6260245901639344
0 0.3491902834008097 0.6362704918032787 0.347165991902834 0.6618852459016393 0.35779352226720645 0.6895491803278688 0.3638663967611336 0.6567622950819673 0.3618421052631579 0.6372950819672131 0.35779352226720645 0.6219262295081968 0.3517206477732793 0.625