0 0.6963562753036437 0.38729508196721313 0.6963562753036437 0.5061475409836066 0.6998987854251012 0.5317622950819673 0.7049595141700404 0.5368852459016393 0.7130566801619433 0.5368852459016393 0.7332995951417004 0.5245901639344263 0.7373481781376519 0.5112704918032787 0.7378542510121457 0.4918032786885246 0.729757085020243 0.4610655737704918 0.729757085020243 0.3729508196721312 0.7090080971659919 0.367827868852459
0 0.6346153846153846 0.39549180327868855 0.632085020242915 0.4702868852459016 0.6239878542510121 0.5256147540983607 0.6381578947368421 0.5522540983606558 0.6497975708502024 0.5543032786885246 0.6573886639676113 0.5409836065573771 0.6584008097165992 0.5286885245901639 0.65334008097166 0.45081967213114754 0.652834008097166 0.3975409836065574 0.6548582995951417 0.39139344262295084 0.646255060728745 0.3760245901639344 0.6401821862348178 0.375
0 0.5986842105263158 0.4385245901639344 0.597165991902834 0.4979508196721312 0.5991902834008097 0.5266393442622951 0.618421052631579 0.5522540983606558 0.6300607287449392 0.5512295081967213 0.631578947368421 0.5450819672131147 0.6290485829959515 0.4959016393442623 0.632085020242915 0.4692622950819672 0.631578947368421 0.38422131147540983 0.6239878542510121 0.35963114754098363 0.618421052631579 0.35655737704918034 0.6143724696356275 0.36065573770491804
0 0.5824898785425101 0.4661885245901639 0.5809716599190283 0.5174180327868853 0.5824898785425101 0.5430327868852459 0.5910931174089069 0.5604508196721312 0.6032388663967612 0.5594262295081968 0.6082995951417004 0.5450819672131147 0.6082995951417004 0.5163934426229508 0.603744939271255 0.3862704918032787 0.6002024291497976 0.3760245901639344 0.5915991902834008 0.3780737704918033 0.5870445344129555 0.39549180327868855
0 0.562753036437247 0.3831967213114754 0.5607287449392713 0.4036885245901639 0.5637651821862348 0.4651639344262295 0.562753036437247 0.5461065573770492 0.5642712550607287 0.5512295081967213 0.5804655870445344 0.5502049180327869 0.5824898785425101 0.5 0.5774291497975709 0.3801229508196721 0.5718623481781376 0.3729508196721312 0.5662955465587044 0.3739754098360656
0 0.5404858299595142 0.39549180327868855 0.5364372469635628 0.5030737704918032 0.5369433198380567 0.548155737704918 0.5389676113360324 0.5563524590163934 0.5566801619433198 0.5604508196721312 0.562246963562753 0.5471311475409836 0.5602226720647774 0.39651639344262296 0.5581983805668016 0.3790983606557377 0.5490890688259109 0.3473360655737705 0.5435222672064778 0.36065573770491804
0 0.5121457489878543 0.5020491803278688 0.5121457489878543 0.555327868852459 0.5141700404858299 0.5625 0.520748987854251 0.5645491803278688 0.5394736842105263 0.5563524590163934 0.5404858299595142 0.5430327868852459 0.5339068825910931 0.4805327868852459 0.5334008097165992 0.41188524590163933 0.5258097165991903 0.375 0.520748987854251 0.375 0.5172064777327935 0.38729508196721313
0 0.4893724696356275 0.5122950819672131 0.4898785425101215 0.5512295081967213 0.4974696356275304 0.5614754098360656 0.5121457489878543 0.5604508196721312 0.5141700404858299 0.5317622950819673 0.5091093117408907 0.4668719262295082 0.5126518218623481 0.43135245901639346 0.5091093117408907 0.3780737704918033 0.4939271255060729 0.3790983606557377 0.49139676113360325 0.4077868852459016
0 0.4681174089068826 0.4077868852459016 0.46963562753036436 0.4344262295081967 0.46558704453441296 0.5543032786885246 0.4706477732793522 0.5686475409836066 0.4757085020242915 0.5686475409836066 0.4868421052631579 0.5532786885245902 0.4873481781376518 0.4702868852459016 0.48431174089068824 0.3760245901639344 0.47874493927125505 0.3729508196721312 0.4701417004048583 0.3760245901639344
0 0.44281376518218624 0.46311475409836067 0.444331983805668 0.5245901639344263 0.4423076923076923 0.5440573770491803 0.45445344129554655 0.555327868852459 0.46710526315789475 0.5379098360655737 0.4706477732793522 0.5133196721311475 0.46305668016194335 0.39651639344262296 0.45394736842105265 0.4036885245901639 0.4433198380566802 0.444672131147541
0 0.42105263157894735 0.49385245901639346 0.4200404858299595 0.5174180327868853 0.4225708502024291 0.5389344262295082 0.4326923076923077 0.5440573770491803 0.4438259109311741 0.5317622950819673 0.44483805668016196 0.5040983606557377 0.4423076923076923 0.48360655737704916 0.44129554655870445 0.39241803278688525 0.4367408906882591 0.38114754098360654 0.4291497975708502 0.3862704918032787
0 0.3815789473684211 0.39549180327868855 0.3805668016194332 0.42315573770491804 0.3856275303643725 0.4887295081967213 0.3825910931174089 0.5040983606557377 0.38309716599190285 0.5399590163934426 0.38866396761133604 0.5502049180327869 0.41548582995951416 0.5491803278688525 0.4200404858299595 0.5440573770491803 0.4215587044534413 0.5327868852459017 0.41548582995951416 0.44979508196721313 0.4089068825910931 0.39549180327868855 0.4018218623481781 0.3780737704918033 0.3991877530364372 0.4370768442622951 0.3965511133603239 0.43796516393442625 0.3895207489878542 0.374843237704918
0 0.3451417004048583 0.4979508196721312 0.34615384615384615 0.5204918032786885 0.3532388663967611 0.5317622950819673 0.3724696356275304 0.5399590163934426 0.3790485829959514 0.5368852459016393 0.3815789473684211 0.5297131147540983 0.3825910931174089 0.47438524590163933 0.3805668016194332 0.4385245901639344 0.37601214574898784 0.38831967213114754 0.3724696356275304 0.3780737704918033 0.3567813765182186 0.3739754098360656 0.3532388663967611 0.38422131147540983 0.34969635627530365 0.4713114754098361
0 0.28694331983805665 0.5952868852459017 0.28643724696356276 0.6342213114754098 0.3016194331983806 0.6506147540983607 0.3147773279352227 0.6557377049180327 0.3466599190283401 0.5614754098360656 0.3481781376518219 0.5358606557377049 0.3415991902834008 0.5245901639344263 0.3318825910931174 0.5256147540983607 0.3173076923076923 0.514344262295082 0.3061740890688259 0.5122950819672131 0.2980769230769231 0.5338114754098361 0.29200404858299595 0.5799180327868853
0 0.32186234817813764 0.6854508196721312 0.32186234817813764 0.7028688524590164 0.33805668016194335 0.7161885245901639 0.3431174089068826 0.7161885245901639 0.3507085020242915 0.7069672131147541 0.3633603238866397 0.680327868852459 0.37550607287449395 0.6424180327868853 0.3937246963562753 0.5983606557377049 0.38866396761133604 0.5747950819672131 0.3618421052631579 0.5594262295081968 0.3441295546558704 0.5706967213114754 0.33704453441295545 0.5891393442622951 0.3395748987854251 0.625 0.3350202429149798 0.6516393442622951 0.3259109311740891 0.6659836065573771
0 0.3866396761133603 0.6147540983606558 0.375 0.7008196721311475 0.375 0.7161885245901639 0.3805668016194332 0.7264344262295082 0.4040207489878543 0.6691752049180328 0.3969908906882591 0.731407786885246 0.4084008097165992 0.7346311475409836 0.4139676113360324 0.7274590163934426 0.4215587044534413 0.7008196721311475 0.4230769230769231 0.6711065573770492 0.4397773279352227 0.6229508196721312 0.44129554655870445 0.6065573770491803 0.4352226720647773 0.5911885245901639 0.4104251012145749 0.5788934426229508 0.3932186234817814 0.5911885245901639
0 0.4342105263157895 0.610655737704918 0.4240890688259109 0.7038934426229508 0.4180161943319838 0.7305327868852459 0.4200404858299595 0.7520491803278688 0.4276315789473684 0.7520491803278688 0.444331983805668 0.7202868852459017 0.4473684210526316 0.6854508196721312 0.4660931174089069 0.6260245901639344 0.46558704453441296 0.610655737704918 0.4519230769230769 0.5932377049180327 0.4423076923076923 0.5932377049180327 0.43724696356275305 0.5993852459016393
0 0.46204453441295545 0.6137295081967213 0.45293522267206476 0.7213114754098361 0.45293522267206476 0.7264344262295082 0.4569838056680162 0.7295081967213115 0.46305668016194335 0.7274590163934426 0.47469635627530365 0.7049180327868853 0.4898785425101215 0.6229508196721312 0.4868421052631579 0.6116803278688525 0.4782388663967611 0.6004098360655737 0.46558704453441296 0.6024590163934426
0 0.48785425101214575 0.6680327868852459 0.4893724696356275 0.7448770491803278 0.4984817813765182 0.75 0.5020242914979757 0.7418032786885246 0.5101214574898786 0.6823770491803278 0.5151821862348178 0.6147540983606558 0.5121457489878543 0.5973360655737705 0.5015182186234818 0.5942622950819673 0.49190283400809715 0.6024590163934426 0.4893724696356275 0.6137295081967213
0 0.5151821862348178 0.5911885245901639 0.5167004048582996 0.7090163934426229 0.5182186234817814 0.7141393442622951 0.5253036437246964 0.7141393442622951 0.5318825910931174 0.6936475409836066 0.5313765182186235 0.632172131147541 0.534919028340081 0.5952868852459017 0.5273279352226721 0.5891393442622951
0 0.5354251012145749 0.5963114754098361 0.5288461538461539 0.610655737704918 0.5293522267206477 0.6260245901639344 0.5344129554655871 0.7079918032786885 0.5369433198380567 0.7151639344262295 0.5409919028340081 0.7151639344262295 0.5445344129554656 0.7120901639344263 0.5465587044534413 0.7028688524590164 0.5470647773279352 0.5952868852459017
0 0.5445344129554656 0.5942622950819673 0.5521255060728745 0.6967213114754098 0.5612348178137652 0.7049180327868853 0.5642712550607287 0.701844262295082 0.5647773279352226 0.6936475409836066 0.5657894736842105 0.5952868852459017 0.5637651821862348 0.5891393442622951 0.5581983805668016 0.5870901639344263
0 0.5657894736842105 0.6004098360655737 0.5717894736842105 0.7147161885245902 0.5748987854251012 0.7438524590163934 0.5809716599190283 0.7551229508196722 0.5875506072874493 0.7561475409836066 0.590080971659919 0.7520491803278688 0.5941295546558705 0.7243852459016393 0.5915991902834008 0.6383196721311475 0.5880566801619433 0.6198770491803278 0.590080971659919 0.6065573770491803 0.576417004048583 0.5870901639344263 0.5708502024291497 0.5891393442622951
0 0.590080971659919 0.6075819672131147 0.5880566801619433 0.6116803278688525 0.5895748987854251 0.6270491803278688 0.6072874493927125 0.7274590163934426 0.6138663967611336 0.7479508196721312 0.6224696356275303 0.7438524590163934 0.6265182186234818 0.7479508196721312 0.6280364372469636 0.7438524590163934 0.618421052631579 0.6413934426229508 0.618421052631579 0.6065573770491803 0.6108299595141701 0.5952868852459017 0.5996963562753036 0.5932377049180327
0 0.6174089068825911 0.6034836065573771 0.6189271255060729 0.6352459016393442 0.6270242914979757 0.6598360655737705 0.6381578947368421 0.7274590163934426 0.6492914979757085 0.7520491803278688 0.6573886639676113 0.7530737704918032 0.6594129554655871 0.7366803278688525 0.6447368421052632 0.6034836065573771 0.6422064777327935 0.5973360655737705 0.6325910931174089 0.5911885245901639 0.6229757085020243 0.5952868852459017
0 0.645242914979757 0.5840163934426229 0.6427125506072875 0.5911885245901639 0.6437246963562753 0.6147540983606558 0.6589068825910931 0.6659836065573771 0.6659919028340081 0.7161885245901639 0.673582995951417 0.7295081967213115 0.6781376518218624 0.7305327868852459 0.6773992914979757 0.6630706967213115 0.6851675101214575 0.6750450819672131 0.6938259109311741 0.7131147540983607 0.6993927125506073 0.7295081967213115 0.7090080971659919 0.7295081967213115 0.6978744939271255 0.625 0.6983805668016194 0.6127049180327869 0.6912955465587044 0.5870901639344263 0.6847165991902834 0.5840163934426229 0.670001012145749 0.5683903688524591 0.6543522267206477 0.5819672131147541
0 0.6923076923076923 0.5758196721311475 0.6907894736842105 0.5922131147540983 0.6993927125506073 0.6188524590163934 0.707995951417004 0.6352459016393442 0.7115384615384616 0.6618852459016393 0.7358299595141701 0.7110655737704918 0.7494939271255061 0.7213114754098361 0.7525303643724697 0.7090163934426229 0.7611336032388664 0.6977459016393442 0.7672064777327935 0.6977459016393442 0.7677125506072875 0.6875 0.7591093117408907 0.6383196721311475 0.7484817813765182 0.6045081967213115 0.7444331983805668 0.569672131147541 0.7388663967611336 0.5532786885245902 0.7246963562753036 0.548155737704918 0.7165991902834008 0.5512295081967213 0.6968623481781376 0.5665983606557377