0 0.3102226720647773 0.39959016393442626 0.31275303643724695 0.44672131147540983 0.32135627530364375 0.4661885245901639 0.333502024291498 0.47848360655737704 0.3491902834008097 0.48155737704918034 0.3532388663967611 0.45901639344262296 0.3522267206477733 0.4385245901639344 0.35931174089068824 0.4067622950819672 0.3562753036437247 0.3831967213114754 0.3426113360323887 0.3698770491803279 0.32793522267206476 0.3739754098360656 0.3168016194331984 0.38422131147540983
0 0.7272267206477733 0.39241803278688525 0.7262145748987854 0.4077868852459016 0.7307692307692307 0.430327868852459 0.7484817813765182 0.44979508196721313 0.7651821862348178 0.4385245901639344 0.7763157894736842 0.42008196721311475 0.7803643724696356 0.4036885245901639 0.7808704453441295 0.3709016393442623 0.771255060728745 0.3463114754098361 0.7641700404858299 0.3422131147540984 0.7353238866396761 0.3739754098360656
0 0.3481781376518219 0.5420081967213115 0.347165991902834 0.5676229508196722 0.3517206477732793 0.5758196721311475 0.3729757085020243 0.5911885245901639 0.38461538461538464 0.5901639344262295 0.38866396761133604 0.5665983606557377 0.38917004048583 0.4702868852459016 0.38714574898785425 0.4682377049180328 0.3881578947368421 0.45081967213114754 0.38360323886639675 0.4354508196721312 0.3684210526315789 0.4344262295081967 0.36082995951417 0.4487704918032787
0 0.42206477732793524 0.44672131147540983 0.4159919028340081 0.5512295081967213 0.41953441295546556 0.5870901639344263 0.4276315789473684 0.5829918032786885 0.4458502024291498 0.5440573770491803 0.4438259109311741 0.4354508196721312 0.4392712550607287 0.4098360655737705 0.43048836032388665 0.4051526639344262 0.423582995951417 0.4385245901639344
0 0.46710526315789475 0.45901639344262296 0.4665991902834008 0.5758196721311475 0.4706477732793522 0.5891393442622951 0.47469635627530365 0.5891393442622951 0.4893724696356275 0.5727459016393442 0.49139676113360325 0.5594262295081968 0.4868421052631579 0.5215163934426229 0.4873481781376518 0.42725409836065575 0.48431174089068824 0.39959016393442626 0.4807692307692308 0.39344262295081966 0.47469635627530365 0.39344262295081966 0.472165991902834 0.40061475409836067
0 0.49038461538461536 0.5399590163934426 0.49139676113360325 0.5747950819672131 0.5015182186234818 0.5829918032786885 0.5075910931174089 0.5809426229508197 0.5106275303643725 0.5686475409836066 0.513663967611336 0.44672131147540983 0.5111336032388664 0.4354508196721312 0.5015182186234818 0.4344262295081967
0 0.5237854251012146 0.4641393442622951 0.5192307692307693 0.5799180327868853 0.5253036437246964 0.5911885245901639 0.5328947368421053 0.5952868852459017 0.5379554655870445 0.5911885245901639 0.542004048582996 0.5758196721311475 0.5389676113360324 0.5184426229508197 0.5409919028340081 0.4733606557377049 0.5328947368421053 0.444672131147541 0.5288461538461539 0.4456967213114754
0 0.5445344129554656 0.5450819672131147 0.5435222672064778 0.5727459016393442 0.5465587044534413 0.5870901639344263 0.5668016194331984 0.5788934426229508 0.5657894736842105 0.4661885245901639 0.562246963562753 0.45901639344262296 0.5571862348178138 0.45901639344262296 0.5511133603238867 0.4661885245901639 0.5480769230769231 0.48975409836065575 0.5495951417004049 0.5061475409836066
0 0.5743927125506073 0.4948770491803279 0.5713562753036437 0.5717213114754098 0.5885627530364372 0.5706967213114754 0.5915991902834008 0.5655737704918032 0.5915991902834008 0.5502049180327869 0.5895748987854251 0.4661885245901639 0.5860323886639676 0.4364754098360656 0.5799595141700404 0.4354508196721312 0.5774291497975709 0.44672131147540983
0 0.5936234817813765 0.5409836065573771 0.5941295546558705 0.5706967213114754 0.6103238866396761 0.5829918032786885 0.6158906882591093 0.5758196721311475 0.6118421052631579 0.5122950819672131 0.6133603238866396 0.4661885245901639 0.6103238866396761 0.44364754098360654 0.6072874493927125 0.4395491803278688 0.6007085020242915 0.4723360655737705
0 0.6133603238866396 0.44364754098360654 0.611336032388664 0.45081967213114754 0.6118421052631579 0.5051229508196722 0.6169028340080972 0.5635245901639344 0.6204453441295547 0.569672131147541 0.6391700404858299 0.5747950819672131 0.646255060728745 0.5635245901639344 0.6467611336032388 0.548155737704918 0.6341093117408907 0.45081967213114754 0.6229757085020243 0.4334016393442623
0 0.4230769230769231 0.7223360655737705 0.4225708502024291 0.7325819672131147 0.4352226720647773 0.7274590163934426 0.4478744939271255 0.6905737704918032 0.4645748987854251 0.6311475409836066 0.4645748987854251 0.6075819672131147 0.4600202429149798 0.5952868852459017 0.451417004048583 0.5932377049180327 0.44281376518218624 0.5973360655737705 0.4352226720647773 0.6116803278688525 0.4311740890688259 0.6311475409836066 0.43218623481781376 0.6680327868852459 0.4266194331983806 0.7110655737704918
0 0.48431174089068824 0.680327868852459 0.48431174089068824 0.7223360655737705 0.4883603238866397 0.7469262295081968 0.4939271255060729 0.7520491803278688 0.5055668016194332 0.7479508196721312 0.5121457489878543 0.7028688524590164 0.5116396761133604 0.6516393442622951 0.5086032388663968 0.6290983606557377 0.5005060728744939 0.6229508196721312 0.4888663967611336 0.632172131147541
0 0.5131578947368421 0.6342213114754098 0.5111336032388664 0.6413934426229508 0.5111336032388664 0.6936475409836066 0.5151821862348178 0.7202868852459017 0.520748987854251 0.7315573770491803 0.5334008097165992 0.7397540983606558 0.5389676113360324 0.7315573770491803 0.5303345141700405 0.6865286885245901 0.52834008097166 0.6301229508196722 0.521255060728745 0.6260245901639344
0 0.5298582995951417 0.6270491803278688 0.5303643724696356 0.6608606557377049 0.5369433198380567 0.7202868852459017 0.5399797570850202 0.735655737704918 0.5445344129554656 0.7387295081967213 0.5490890688259109 0.7295081967213115 0.5511133603238867 0.7090163934426229 0.5475708502024291 0.625 0.5440283400809717 0.6168032786885246
0 0.5490890688259109 0.6239754098360656 0.5490890688259109 0.639344262295082 0.5607287449392713 0.7284836065573771 0.5637651821862348 0.735655737704918 0.5718623481781376 0.7397540983606558 0.5748987854251012 0.7336065573770492 0.5704595141700405 0.7110737704918033 0.5662955465587044 0.6260245901639344 0.5607287449392713 0.6198770491803278
0 0.5673076923076923 0.6270491803278688 0.5673076923076923 0.6403688524590164 0.5754048582995951 0.6956967213114754 0.5769230769230769 0.7295081967213115 0.5799595141700404 0.7407786885245902 0.5855263157894737 0.742827868852459 0.5880566801619433 0.7397540983606558 0.5895748987854251 0.7182377049180327 0.5875506072874493 0.6270491803278688
0 0.5895748987854251 0.6260245901639344 0.5890688259109311 0.6454918032786885 0.5961538461538461 0.7161885245901639 0.6017206477732794 0.7438524590163934 0.611336032388664 0.75 0.6148785425101214 0.7305327868852459 0.611336032388664 0.6301229508196722 0.6072874493927125 0.6239754098360656
0 0.6305668016194332 0.6075819672131147 0.632085020242915 0.6301229508196722 0.6584008097165992 0.7182377049180327 0.6619433198380567 0.7264344262295082 0.6659919028340081 0.7254098360655737 0.6710526315789473 0.7049180327868853 0.6558704453441295 0.6014344262295082 0.6477732793522267 0.5911885245901639 0.6422064777327935 0.5911885245901639
0 0.65334008097166 0.5676229508196722 0.6508097165991903 0.5819672131147541 0.65334008097166 0.6014344262295082 0.6761133603238867 0.6506147540983607 0.6781376518218624 0.6649590163934426 0.6892712550607287 0.6854508196721312 0.7135627530364372 0.6864754098360656 0.7282388663967612 0.6690573770491803 0.7252024291497976 0.6506147540983607 0.7100202429149798 0.6219262295081968 0.6918016194331984 0.555327868852459 0.6690283400809717 0.5471311475409836