0 0.2444331983805668 0.4180327868852459 0.24595141700404857 0.44979508196721313 0.2515182186234818 0.4702868852459016 0.26973684210526316 0.48155737704918034 0.29048582995951416 0.47438524590163933 0.2975708502024291 0.44364754098360654 0.2980769230769231 0.36475409836065575 0.2965587044534413 0.3524590163934426 0.2909919028340081 0.3483606557377049 0.27125506072874495 0.36885245901639346 0.25809716599190285 0.39344262295081966 0.2515182186234818 0.39959016393442626
0 0.2388663967611336 0.5706967213114754 0.2403846153846154 0.5963114754098361 0.25101214574898784 0.6127049180327869 0.2631578947368421 0.6096311475409836 0.28795546558704455 0.5788934426229508 0.298582995951417 0.5717213114754098 0.3066801619433198 0.5532786885245902 0.3092105263157895 0.5338114754098361 0.30111336032388664 0.5051229508196722 0.28846153846153844 0.4948770491803279 0.28289473684210525 0.48565573770491804 0.2768218623481781 0.48565573770491804 0.2692307692307692 0.492827868852459 0.25809716599190285 0.5204918032786885 0.2515182186234818 0.5286885245901639
0 0.3770242914979757 0.5676229508196722 0.3765182186234818 0.5855532786885246 0.35880566801619435 0.6977459016393442 0.3598178137651822 0.7120901639344263 0.36285425101214575 0.7141393442622951 0.3689271255060729 0.7120901639344263 0.3775303643724696 0.7008196721311475 0.38208502024291496 0.6864754098360656 0.3932186234817814 0.6209016393442623 0.3992914979757085 0.5973360655737705 0.4018218623481781 0.5942622950819673 0.4084008097165992 0.6024590163934426 0.41548582995951416 0.5911885245901639 0.41295546558704455 0.5788934426229508 0.39625506072874495 0.5512295081967213 0.3810728744939271 0.555327868852459
0 0.43775303643724695 0.39139344262295084 0.4392712550607287 0.47950819672131145 0.4326923076923077 0.5297131147540983 0.43775303643724695 0.5543032786885246 0.44888663967611336 0.5584016393442623 0.4559716599190283 0.5543032786885246 0.45951417004048584 0.5471311475409836 0.465080971659919 0.5163934426229508 0.458502024291498 0.47540983606557374 0.4574898785425101 0.4180327868852459 0.45445344129554655 0.38524590163934425 0.4509109311740891 0.3760245901639344 0.44281376518218624 0.375 0.43876518218623484 0.3801229508196721
0 0.3937246963562753 0.680327868852459 0.3901821862348178 0.7233606557377049 0.3917004048582996 0.7336065573770492 0.39625506072874495 0.7366803278688525 0.40384615384615385 0.7325819672131147 0.40536437246963564 0.7274590163934426 0.4124493927125506 0.6711065573770492 0.42864372469635625 0.6004098360655737 0.4291497975708502 0.5870901639344263 0.41953441295546556 0.5635245901639344 0.4124493927125506 0.5635245901639344 0.4048582995951417 0.5717213114754098
0 0.42611336032388664 0.6290983606557377 0.4200404858299595 0.7233606557377049 0.42054655870445345 0.735655737704918 0.423582995951417 0.7407786885245902 0.4311740890688259 0.7366803278688525 0.43724696356275305 0.7202868852459017 0.444331983805668 0.673155737704918 0.4519230769230769 0.639344262295082 0.45293522267206476 0.5963114754098361 0.44281376518218624 0.5819672131147541 0.4352226720647773 0.5788934426229508 0.43016194331983804 0.5891393442622951
0 0.47115384615384615 0.45799180327868855 0.46710526315789475 0.4989754098360656 0.472165991902834 0.5092213114754098 0.4934210526315789 0.5133196721311475 0.49544534412955465 0.5092213114754098 0.4984817813765182 0.4661885245901639 0.49898785425101216 0.4067622950819672 0.49190283400809715 0.39959016393442626 0.48582995951417 0.39959016393442626
0 0.45546558704453444 0.6045081967213115 0.4534412955465587 0.6772540983606558 0.45040485829959515 0.7120901639344263 0.45040485829959515 0.7202868852459017 0.45394736842105265 0.7254098360655737 0.4590080971659919 0.7243852459016393 0.4645748987854251 0.7131147540983607 0.479251012145749 0.6086065573770492 0.47874493927125505 0.6024590163934426 0.47115384615384615 0.6004098360655737 0.458502024291498 0.6004098360655737
0 0.47621457489878544 0.6301229508196722 0.4660931174089069 0.7049180327868853 0.4716599190283401 0.7131147540983607 0.4832995951417004 0.7100409836065574 0.49544534412955465 0.680327868852459 0.49949392712550605 0.6598360655737705 0.5030364372469636 0.6034836065573771 0.48380566801619435 0.6024590163934426
0 0.49696356275303644 0.4692622950819672 0.4964574898785425 0.5215163934426229 0.5005060728744939 0.5399590163934426 0.4984817813765182 0.5563524590163934 0.49949392712550605 0.5665983606557377 0.5121457489878543 0.5758196721311475 0.5247975708502024 0.5747950819672131 0.52834008097166 0.5543032786885246 0.5298582995951417 0.5010245901639344 0.5187246963562753 0.42110655737704916 0.5126518218623481 0.39549180327868855 0.5030364372469636 0.39651639344262296 0.49949392712550605 0.4036885245901639
0 0.4939271255060729 0.701844262295082 0.4934210526315789 0.7120901639344263 0.4974696356275304 0.7223360655737705 0.5055668016194332 0.7202868852459017 0.5096153846153846 0.7100409836065574 0.5227732793522267 0.6547131147540983 0.5268218623481782 0.6239754098360656 0.5217611336032388 0.6055327868852459 0.5101214574898786 0.6004098360655737 0.5060728744939271 0.6034836065573771 0.5 0.6424180327868853 0.5010121457489879 0.6598360655737705
0 0.5167004048582996 0.38831967213114754 0.5151821862348178 0.4047131147540984 0.5177125506072875 0.4077868852459016 0.5258097165991903 0.48668032786885246 0.527834008097166 0.4918032786885246 0.5293522267206477 0.5409836065573771 0.5384615384615384 0.5717213114754098 0.5576923076923077 0.5727459016393442 0.5637651821862348 0.5604508196721312 0.5632591093117408 0.5348360655737705 0.5404858299595142 0.4036885245901639 0.5334008097165992 0.38729508196721313 0.5253036437246964 0.3801229508196721
0 0.5141700404858299 0.7120901639344263 0.513663967611336 0.7448770491803278 0.5177125506072875 0.7633196721311475 0.5268218623481782 0.7633196721311475 0.5323886639676113 0.75 0.5384615384615384 0.7438524590163934 0.5409919028340081 0.7366803278688525 0.5430161943319838 0.7028688524590164 0.5516194331983806 0.6567622950819673 0.5536437246963563 0.6065573770491803 0.542004048582996 0.6014344262295082 0.5298582995951417 0.6045081967213115 0.520242914979757 0.6875
0 0.5541497975708503 0.6280737704918032 0.5571862348178138 0.680327868852459 0.5561740890688259 0.7325819672131147 0.5662955465587044 0.7489754098360656 0.5647773279352226 0.7551229508196722 0.5683198380566802 0.7745901639344263 0.5799595141700404 0.7899590163934426 0.5824898785425101 0.7889344262295082 0.5860323886639676 0.7827868852459017 0.5870445344129555 0.7694672131147541 0.590080971659919 0.6219262295081968 0.5804655870445344 0.6055327868852459 0.5662955465587044 0.6024590163934426 0.5561740890688259 0.610655737704918
0 0.5587044534412956 0.4067622950819672 0.5581983805668016 0.42520491803278687 0.5662955465587044 0.5512295081967213 0.5748987854251012 0.5717213114754098 0.5824898785425101 0.5778688524590164 0.5926113360323887 0.5778688524590164 0.5996963562753036 0.5645491803278688 0.6067813765182186 0.5399590163934426 0.597165991902834 0.5 0.5951417004048583 0.4651639344262295 0.5905870445344129 0.45491803278688525 0.5850202429149798 0.4139344262295082 0.5809716599190283 0.39549180327868855 0.5738866396761133 0.3790983606557377 0.5678137651821862 0.375 0.562753036437247 0.3770491803278688 0.5602226720647774 0.38422131147540983
0 0.5789473684210527 0.38729508196721313 0.5809716599190283 0.4026639344262295 0.5774291497975709 0.4385245901639344 0.5784412955465587 0.4672131147540984 0.5850202429149798 0.5368852459016393 0.5951417004048583 0.555327868852459 0.6128542510121457 0.5491803278688525 0.6229757085020243 0.5614754098360656 0.6310728744939271 0.5625 0.6366396761133604 0.5420081967213115 0.6356275303643725 0.5051229508196722 0.6290485829959515 0.47438524590163933 0.6260121457489879 0.4344262295081967 0.6194331983805668 0.4036885245901639 0.6072874493927125 0.375 0.5951417004048583 0.3719262295081967 0.582995951417004 0.3760245901639344
0 0.6189271255060729 0.6004098360655737 0.6138663967611336 0.610655737704918 0.6138663967611336 0.6209016393442623 0.6503036437246964 0.7612704918032787 0.6568825910931174 0.7715163934426229 0.6659919028340081 0.764344262295082 0.65334008097166 0.6598360655737705 0.6508097165991903 0.6075819672131147 0.646255060728745 0.6004098360655737 0.632085020242915 0.5963114754098361
0 0.6437246963562753 0.5030737704918032 0.6442307692307693 0.5399590163934426 0.6508097165991903 0.5532786885245902 0.6578947368421053 0.5584016393442623 0.673582995951417 0.555327868852459 0.6811740890688259 0.5635245901639344 0.6897773279352226 0.5604508196721312 0.6978744939271255 0.5430327868852459 0.7004048582995951 0.5266393442622951 0.6953441295546559 0.4600409836065574 0.6973684210526315 0.4344262295081967 0.6933198380566802 0.41598360655737704 0.6740890688259109 0.4108606557377049 0.6675101214574899 0.4139344262295082 0.6624493927125507 0.42315573770491804 0.6510627530364372 0.47899590163934425