0 0.27832844129554657 0.5935297131147541 0.30297975708502023 0.5714241803278689 0.31061487854251013 0.5250010245901638 0.31628694331983803 0.49316803278688526 0.3274124493927125 0.4878627049180328 0.34551923076923075 0.5073155737704917 0.35315435222672065 0.5214641393442623 0.3533724696356275 0.5395911885245901 0.34093825910931175 0.5811506147540983 0.32370394736842106 0.6386260245901639 0.30668825910931174 0.6607325819672131 0.2955622469635627 0.6589641393442623 0.28029200404858295 0.6368575819672131 0.27571052631578946 0.628015368852459 0.274838056680162 0.6116567622950819
0 0.3592181174089069 0.4006700819672131 0.3727439271255061 0.4745040983606557 0.3738345141700405 0.5142950819672131 0.3723071862348178 0.5368432377049179 0.37448886639676116 0.5439170081967214 0.39630414979757084 0.5514334016393442 0.406339068825911 0.5496649590163935 0.41331983805668016 0.5386116803278688 0.4131017206477733 0.5147377049180328 0.41157489878542514 0.4926311475409836 0.40066700404858296 0.454608606557377 0.396086032388664 0.42984938524590166 0.39368623481781373 0.3887325819672131 0.38954149797570853 0.3723739754098361 0.3808152834008097 0.37060553278688524 0.37557945344129556 0.38121618852459016 0.3651082995951417 0.3891741803278689 0.3594362348178138 0.39536475409836064
0 0.3169746963562753 0.6768350409836066 0.32308299595141704 0.6498657786885246 0.33704453441295545 0.6255481557377048 0.3405349190283401 0.6060952868852458 0.3414078947368421 0.591063524590164 0.3400986842105263 0.5689569672131147 0.34249848178137654 0.5570194672131147 0.3505698380566802 0.5419877049180328 0.3555875506072874 0.5380081967213115 0.3623502024291498 0.5353555327868852 0.3686766194331984 0.537123975409836 0.37413056680161944 0.5446403688524589 0.3826381578947368 0.5552510245901638 0.3865652834008097 0.5618831967213115 0.37958400809716597 0.5972530737704917 0.37129453441295546 0.6295276639344262 0.367586032388664 0.6569395491803278 0.3621320850202429 0.6918668032786884 0.3527515182186235 0.7122049180327868 0.34511639676113365 0.7139733606557377 0.3342085020242915 0.6967305327868852 0.31762904858299595 0.6834672131147541
0 0.6917297570850203 0.37787499999999996 0.6797312753036436 0.43314036885245905 0.6646786437246963 0.47779405737704916 0.6596614372469636 0.5012274590163934 0.6624974696356275 0.5308493852459016 0.6808218623481782 0.543671106557377 0.7022009109311741 0.5419026639344263 0.7074367408906882 0.5083012295081967 0.7093997975708501 0.4640891393442623 0.7146356275303644 0.42606659836065575 0.7187803643724696 0.3858329918032787 0.7113633603238866 0.36461168032786884 0.6976194331983806 0.37035860655737707 0.694129048582996 0.3769907786885246
0 0.6912667004048583 0.5761834016393442 0.6901756072874494 0.5549610655737706 0.7004286437246964 0.539045081967213 0.7172267206477733 0.5315286885245902 0.7272616396761133 0.536391393442623 0.7342424089068826 0.5562868852459016 0.7412231781376518 0.5863514344262295 0.7453679149797571 0.6075737704918033 0.7551847165991902 0.6310061475409836 0.7632565789473684 0.6500174180327869 0.7663107287449393 0.6734497950819672 0.7584574898785426 0.6853872950819672 0.7434048582995951 0.6959979508196721 0.7359873481781376 0.6977663934426229 0.7300976720647774 0.694672131147541 0.722462044534413 0.6703545081967213 0.7185354251012146 0.6535543032786886 0.7132995951417004 0.6380799180327869 0.7063188259109311 0.6208370901639344 0.7002105263157895 0.608015368852459 0.6956295546558705 0.5956362704918032 0.6927935222672065 0.5859098360655737
0 0.6428886639676114 0.5782520491803279 0.6446341093117409 0.5663145491803279 0.6511786437246964 0.5605676229508197 0.6614316801619433 0.5707356557377049 0.6655764170040487 0.5707356557377049 0.6815015182186235 0.5680829918032786 0.6924089068825912 0.5742725409836066 0.696336032388664 0.587094262295082 0.6989534412955466 0.6008002049180328 0.7011351214574899 0.6224641393442623 0.7070253036437247 0.6481075819672131 0.7113881578947369 0.6618135245901638 0.7153152834008097 0.6759610655737706 0.7218598178137652 0.6976249999999999 0.7205506072874494 0.7126577868852458 0.7148785425101214 0.7153104508196722 0.7094251012145749 0.7100040983606558 0.6982990890688259 0.6892243852459017 0.6939362348178139 0.6764036885245901 0.6911002024291498 0.6684446721311476 0.6834650809716599 0.6538555327868852 0.6825921052631578 0.6693288934426229 0.6880460526315789 0.6927622950819672 0.6941543522267206 0.7157520491803279 0.6956811740890688 0.7281311475409835 0.6935 0.7400686475409837 0.6841194331983805 0.7436055327868852 0.6767024291497976 0.7281311475409835 0.6725571862348177 0.7091198770491803 0.6690668016194332 0.6839190573770492 0.6662307692307692 0.6609293032786885 0.6596862348178137 0.6432438524590164 0.653577935222672 0.6317489754098361 0.6465971659919028 0.6176014344262295 0.6413618421052631 0.6052213114754099 0.6400526315789473 0.5963790983606557 0.64157995951417 0.5831157786885246
0 0.6541330971659919 0.747391393442623 0.6398517206477733 0.6914323770491803 0.631997975708502 0.6556198770491803 0.6261077935222672 0.6313032786885246 0.624799089068826 0.6167131147540984 0.6241447368421053 0.5972602459016394 0.6324342105263158 0.5888596311475409 0.640506072874494 0.5822274590163935 0.650540991902834 0.5822274590163935 0.65534008097166 0.5901864754098362 0.6586123481781376 0.6162715163934426 0.6649387651821863 0.6573883196721312 0.6677747975708501 0.684358606557377 0.6699564777327935 0.7130963114754099 0.6732287449392712 0.7409497950819672 0.6754104251012146 0.7626137295081967 0.6725743927125506 0.7727827868852459 0.6679929149797571 0.7732243852459016 0.6610121457489879 0.7652663934426229 0.6559949392712551 0.7568657786885246
0 0.4078421052631579 0.396094262295082 0.410870951417004 0.45004508196721316 0.41230566801619434 0.47265881147540983 0.41039271255060733 0.49817930327868853 0.4099144736842105 0.5204702868852459 0.40943623481781377 0.5405 0.4084797570850202 0.5640829918032787 0.421710020242915 0.5766823770491804 0.4325495951417004 0.5786198770491803 0.4373314777327935 0.5637602459016393 0.436375 0.5359774590163935 0.43191194331983807 0.5062561475409836 0.4303178137651822 0.4791198770491803 0.4309554655870445 0.4422909836065574 0.430796052631579 0.42032377049180325 0.4301584008097166 0.4019098360655738 0.4234635627530364 0.3828493852459016 0.41198684210526315 0.3776803278688524 0.4062484817813765 0.38220286885245897
0 0.4388613360323887 0.392625 0.43694838056680163 0.44140573770491803 0.43423836032388663 0.48372643442622953 0.4315288461538462 0.5118319672131147 0.42834058704453437 0.5315379098360655 0.43041295546558705 0.5547981557377049 0.43678896761133607 0.5709508196721312 0.4473092105263158 0.5725665983606558 0.45448228744939273 0.5628739754098361 0.45655465587044536 0.5376762295081968 0.45814878542510123 0.5079549180327869 0.4584676113360324 0.46498872950819675 0.45655465587044536 0.4197612704918033 0.45272925101214573 0.39520901639344264 0.44762803643724697 0.3835788934426229 0.4410926113360324 0.3819641393442623 0.43981730769230765 0.3961782786885246
0 0.44081325910931174 0.7756188524590164 0.4460733805668016 0.7171454918032787 0.4479863360323887 0.6893627049180328 0.450377024291498 0.6470430327868852 0.4516523279352227 0.6199057377049181 0.455 0.6027838114754098 0.46663613360323886 0.6027838114754098 0.47412803643724694 0.6076301229508198 0.47779402834008095 0.6218442622950819 0.47635931174089063 0.6463965163934426 0.46838967611336035 0.6812868852459016 0.46440435222672066 0.7164989754098361 0.4591442307692308 0.7500973360655738 0.4535652834008097 0.7720645491803279 0.446711032388664 0.7788493852459016 0.4400161943319838 0.7791721311475409
0 0.46817459514170046 0.7888831967213116 0.47391295546558704 0.7200727459016394 0.4761442307692308 0.658046106557377 0.4772601214574899 0.6276793032786885 0.48252074898785424 0.6166946721311476 0.48746204453441294 0.6047418032786884 0.495751012145749 0.6170184426229508 0.5008517206477733 0.6331711065573771 0.49638866396761133 0.6703217213114755 0.48921558704453444 0.7084426229508197 0.48252074898785424 0.7462397540983607 0.48028896761133605 0.7904989754098362 0.47168117408906884 0.7969600409836065
0 0.5052641700404858 0.7906219262295082 0.5049453441295547 0.739578893442623 0.5049453441295547 0.7134118852459016 0.5031918016194332 0.6885368852459016 0.5008006072874494 0.6707684426229508 0.49904757085020246 0.6468627049180328 0.4987287449392713 0.6326475409836066 0.5049453441295547 0.6158493852459016 0.5130748987854251 0.6126188524590165 0.5232763157894736 0.6313555327868852 0.52104504048583 0.6794907786885246 0.5165814777327935 0.7240727459016394 0.5172191295546559 0.7618698770491804 0.5140313765182186 0.7925604508196721 0.5079736842105264 0.7996670081967213 0.505582995951417 0.7890061475409836
0 0.45489777327935227 0.3924825819672131 0.46127429149797566 0.47938422131147546 0.46079605263157897 0.5142745901639344 0.45840485829959515 0.5368883196721312 0.4585642712550608 0.5611168032786885 0.46478087044534416 0.5785625 0.4850247975708502 0.5630553278688525 0.48486538461538464 0.5200891393442624 0.4800835020242915 0.47453893442622946 0.47689524291497976 0.44223360655737703 0.4730698380566801 0.41089651639344266 0.46749089068825905 0.39151331967213115 0.4601584008097166 0.38537499999999997 0.45537601214574897 0.3924825819672131
0 0.487415991902834 0.41719672131147545 0.4864595141700405 0.42721106557377053 0.4859812753036437 0.5166967213114754 0.4853436234817814 0.5509405737704918 0.4883724696356275 0.5754928278688525 0.5017621457489878 0.5771086065573771 0.5092540485829959 0.5570788934426228 0.5070222672064777 0.5250963114754099 0.5057469635627531 0.4847151639344262 0.5043122469635627 0.4443329918032787 0.49905212550607286 0.41364241803278684 0.4936325910931174 0.4129969262295082
0 0.5114853238866397 0.484391393442623 0.5087758097165992 0.5328504098360656 0.5075005060728746 0.5654784836065574 0.5113259109311741 0.590030737704918 0.5207307692307692 0.5955225409836066 0.5323669028340081 0.5958452868852459 0.5393805668016195 0.5897079918032786 0.5368304655870445 0.556109631147541 0.5338016194331984 0.5160512295081967 0.531251012145749 0.4785768442622951 0.5290197368421053 0.4430409836065574 0.526469129554656 0.4252725409836065 0.5200931174089068 0.40685860655737704 0.5130794534412956 0.41041188524590166
0 0.5444817813765181 0.4265645491803279 0.5411341093117409 0.496344262295082 0.536671052631579 0.5380184426229508 0.535076923076923 0.5609559426229509 0.5387429149797571 0.5845389344262295 0.5403370445344129 0.5964918032786886 0.5553208502024292 0.5997223360655737 0.5642474696356276 0.5935840163934426 0.5652039473684211 0.555140368852459 0.5642474696356276 0.5299426229508197 0.5615374493927126 0.5024825819672131 0.5620156882591093 0.46533196721311476 0.5639286437246964 0.4398104508196721 0.5645662955465588 0.4149354508196721 0.5599433198380567 0.3974897540983606 0.5489448380566802 0.39781352459016395 0.5457565789473684 0.41364241803278684
0 0.5212742914979757 0.6282756147540983 0.5316351214574898 0.6195532786885246 0.5392864372469636 0.618906762295082 0.5376923076923077 0.6428135245901639 0.5354610323886639 0.6867489754098361 0.5332292510121458 0.7242233606557377 0.5329104251012146 0.7562059426229508 0.5322727732793522 0.7733268442622951 0.5268532388663967 0.7878647540983607 0.5225495951417004 0.7823729508196722 0.5209554655870445 0.7600819672131148 0.5231872469635628 0.7287459016393443 0.5243026315789473 0.7083934426229509 0.5250996963562753 0.6906249999999999 0.5247808704453442 0.6754415983606558 0.5231872469635628 0.6599354508196721 0.5225495951417004 0.6531506147540984 0.5220713562753037 0.6441055327868853
0 0.5424286437246963 0.7640635245901639 0.5419438259109313 0.6912889344262295 0.5403496963562753 0.6347540983606558 0.5400308704453441 0.611171106557377 0.5551740890688258 0.6179549180327869 0.5604342105263157 0.6344313524590164 0.5572464574898784 0.6941956967213114 0.5548552631578947 0.7442694672131148 0.5532611336032388 0.7762520491803279 0.5443345141700405 0.7749600409836066
0 0.5637677125506073 0.3994825819672131 0.5674337044534413 0.487030737704918 0.5647236842105263 0.5532571721311476 0.5725344129554656 0.5826547131147541 0.5832145748987855 0.5803934426229509 0.5867211538461539 0.5451803278688525 0.5864023279352226 0.4892920081967213 0.5808233805668017 0.43340368852459016 0.5722155870445345 0.39689856557377046 0.5652019230769231 0.39915983606557376
0 0.5988071862348178 0.3862418032786885 0.5887186234817814 0.45783196721311475 0.5880632591093117 0.5295143442622952 0.5895915991902834 0.5653555327868853 0.5952682186234818 0.5821690573770492 0.6101148785425101 0.5839395491803279 0.6199392712550608 0.5657971311475409 0.6186295546558704 0.5264170081967213 0.6168830971659919 0.45960245901639346 0.6125161943319839 0.4016372950819672 0.6210308704453441 0.36112295081967216 0.6164463562753036 0.3496178278688524 0.6074949392712551 0.3642202868852459 0.5989797570850203 0.38722848360655737
0 0.5648122469635627 0.7492161885245902 0.5626346153846155 0.6836926229508197 0.5582793522267206 0.6494036885245902 0.5544266194331984 0.6320901639344262 0.561462044534413 0.6100225409836065 0.5718476720647774 0.6025532786885246 0.5800561740890688 0.610701844262295 0.5797211538461539 0.6337868852459017 0.5778785425101214 0.6599282786885247 0.5775435222672065 0.7088155737704918 0.5751983805668016 0.7448022540983606 0.5741933198380567 0.7743381147540984 0.5686649797570851 0.7736598360655738 0.5661523279352227 0.7573637295081967
0 0.5930748987854251 0.7693616803278689 0.584913967611336 0.7206977459016393 0.5813962550607287 0.6731690573770492 0.5778785425101214 0.6449907786885245 0.5757009109311741 0.6256393442622951 0.576705971659919 0.609343237704918 0.5832388663967611 0.5984795081967212 0.5917818825910932 0.6022141393442623 0.6013304655870445 0.6168125 0.6053507085020243 0.6229231557377048 0.6038431174089068 0.6684159836065574 0.6053507085020243 0.7044026639344262 0.6065232793522267 0.7312223360655737 0.602503036437247 0.7638145491803278 0.5964726720647774 0.7716229508196721
0 0.6197823886639676 0.7631065573770492 0.6098992914979757 0.7159170081967213 0.6100668016194332 0.6775532786885247 0.6028633603238867 0.6473381147540984 0.5986756072874494 0.6089754098360656 0.6038684210526315 0.5977725409836065 0.6187773279352227 0.5903032786885245 0.6263152834008097 0.6018463114754099 0.6300005060728745 0.676875 0.6341887651821861 0.7440942622950819 0.6392140688259109 0.7882940573770492 0.6373714574898784 0.7964415983606558 0.6264827935222672 0.7804856557377049
0 0.6248820850202429 0.5077622950819672 0.6192484817813765 0.48870696721311474 0.624424089068826 0.43626024590163937 0.626005060728745 0.39430327868852455 0.6363567813765182 0.3887674180327869 0.6431133603238866 0.4114938524590164 0.6395192307692308 0.4543247950819672 0.6403820850202429 0.48375307377049176 0.6408132591093118 0.49773975409836063 0.6369316801619433 0.5070635245901639
0 0.6541487854251012 0.48854508196721314 0.6718669028340081 0.48346209016393443 0.6682727732793523 0.4584047131147541 0.6642474696356276 0.42518852459016393 0.6615156882591093 0.4033350409836065 0.6537525303643725 0.4021700819672131 0.6488643724696356 0.4170297131147541 0.6472828947368421 0.44296209016393445 0.6497267206477733 0.4700594262295082