0 0.3026315789473684 0.5225409836065574 0.30313765182186236 0.5399590163934426 0.3147773279352227 0.5625 0.33046558704453444 0.5655737704918032 0.3360323886639676 0.5594262295081968 0.33856275303643724 0.5368852459016393 0.3395748987854251 0.4672131147540984 0.3375506072874494 0.4415983606557377 0.3284412955465587 0.44672131147540983 0.3102226720647773 0.5010245901639344 0.30516194331983804 0.5092213114754098
0 0.3375506072874494 0.5512295081967213 0.3390688259109312 0.5737704918032787 0.3547570850202429 0.5922131147540983 0.3623481781376518 0.5911885245901639 0.37044534412955465 0.5819672131147541 0.37196356275303644 0.5676229508196722 0.3689271255060729 0.5297131147540983 0.3689271255060729 0.48155737704918034 0.3491902834008097 0.4774590163934426 0.34615384615384615 0.48975409836065575 0.34463562753036436 0.5163934426229508
0 0.3132591093117409 0.6055327868852459 0.298582995951417 0.6680327868852459 0.29959514170040485 0.7008196721311475 0.3061740890688259 0.7090163934426229 0.32186234817813764 0.6977459016393442 0.3299595141700405 0.6864754098360656 0.3522267206477733 0.6495901639344263 0.3562753036437247 0.632172131147541 0.3562753036437247 0.6229508196721312 0.3527327935222672 0.6137295081967213 0.33653846153846156 0.6004098360655737 0.3299595141700405 0.5891393442622951 0.3183198380566802 0.5911885245901639
0 0.3274291497975709 0.6864754098360656 0.32388663967611336 0.6956967213114754 0.3259109311740891 0.7172131147540983 0.3208502024291498 0.7202868852459017 0.3208502024291498 0.7254098360655737 0.3324898785425101 0.7479508196721312 0.34210526315789475 0.7479508196721312 0.35020242914979755 0.7397540983606558 0.36639676113360325 0.7120901639344263 0.3896761133603239 0.6864754098360656 0.3942307692307692 0.6741803278688525 0.39271255060728744 0.6588114754098361 0.3729757085020243 0.6168032786885246 0.3638663967611336 0.617827868852459
0 0.3793689271255061 0.4971024590163935 0.37265587044534415 0.5405645491803279 0.367620951417004 0.5741997950819672 0.3644509109311741 0.5983872950819672 0.37638512145748987 0.6252202868852459 0.39298178137651824 0.6308893442622951 0.40267864372469636 0.6214405737704918 0.4069676113360324 0.592718237704918 0.40305161943319834 0.5605942622950819 0.40081376518218625 0.5299825819672132 0.397456983805668 0.4861424180327869 0.3946599190283401 0.4615768442622951 0.38645495951417 0.4611987704918033 0.38253896761133604 0.479718237704918
0 0.4141325910931174 0.47356967213114753 0.41692965587044534 0.5253463114754099 0.4182353238866397 0.5510450819672131 0.4208456477732794 0.5737213114754098 0.4243891700404858 0.5869487704918033 0.4197272267206478 0.6092459016393443 0.4064873481781377 0.6239856557377049 0.39902783400809716 0.6149149590163935 0.39585779352226724 0.6031997950819672 0.40107945344129553 0.5816577868852458 0.4033168016194332 0.5608709016393443 0.40574139676113363 0.5313934426229509 0.4053684210526316 0.504938524590164 0.4072327935222672 0.4796168032786885
0 0.40767965587044536 0.7887858606557377 0.40898481781376517 0.7313411885245902 0.40954453441295546 0.6939262295081968 0.409917004048583 0.6742735655737705 0.40711993927125506 0.6587786885245901 0.4086118421052632 0.6478186475409836 0.41215485829959514 0.642905737704918 0.4149519230769231 0.6444170081967213 0.4192408906882591 0.6436618852459017 0.4235298582995951 0.6387479508196722 0.4276325910931174 0.6372366803278688 0.4319215587044534 0.6459293032786886 0.43658350202429147 0.6565112704918032 0.4339726720647773 0.669360655737705 0.4294974696356275 0.6848555327868853 0.4257677125506073 0.7029959016393443 0.42390283400809714 0.7309631147540984 0.42110576923076926 0.7559057377049181 0.4160708502024291 0.7819836065573771 0.41122267206477736 0.7959661885245902 0.4073066801619433 0.7978565573770492
0 0.4345 0.796219262295082 0.43488917004048583 0.7374795081967213 0.43470293522267206 0.6966639344262294 0.43227884615384615 0.6770112704918033 0.43115991902834006 0.6603821721311476 0.43712702429149797 0.6490450819672131 0.4455187246963563 0.6418637295081967 0.4490617408906883 0.6448872950819672 0.453536943319838 0.6554692622950821 0.45558805668016195 0.6686967213114754 0.4552150809716599 0.6841915983606557 0.4522317813765182 0.6921280737704919 0.4503669028340081 0.7132930327868853 0.4464509109311741 0.7465502049180328 0.445331983805668 0.7748944672131148 0.44178896761133607 0.7941690573770492 0.4358218623481781 0.8021055327868852
0 0.43526923076923074 0.4773729508196721 0.4416300607287449 0.5282940573770492 0.4431219635627531 0.5558831967213115 0.4449868421052631 0.5744016393442622 0.44703795546558706 0.5887633196721311 0.4425627530364373 0.6114385245901639 0.4358496963562753 0.6212643442622952 0.4302550607287449 0.6250440573770492 0.42428795546558706 0.6205092213114753 0.4213041497975708 0.6110604508196721 0.419626012145749 0.5985891393442623 0.4222368421052632 0.587251024590164 0.4250339068825911 0.5679764344262296 0.42540688259109316 0.5335850409836066 0.42764423076923075 0.5067520491803278 0.42988208502024294 0.4852110655737705
0 0.4588669028340081 0.4649098360655738 0.46035222672064774 0.5096342213114754 0.46184412955465587 0.5459159836065574 0.4624033400809716 0.5693473360655738 0.46576012145748985 0.5818186475409837 0.4659463562753037 0.6014713114754098 0.45867408906882595 0.6203678278688525 0.45158755060728745 0.6218790983606557 0.4450612348178138 0.6131864754098361 0.4418906882591093 0.6022264344262296 0.4409585020242915 0.5893770491803278 0.44655263157894737 0.5640563524590164 0.4484175101214575 0.5277745901639344 0.44916346153846154 0.4930061475409836 0.45102834008097165 0.4673063524590164 0.4528932186234818 0.4525676229508197
0 0.46271406882591093 0.650298155737705 0.4555774291497976 0.6755225409836065 0.4533395748987854 0.7023555327868852 0.45184767206477733 0.7288104508196721 0.4505425101214575 0.7594231557377049 0.45222064777327936 0.7881454918032788 0.4550177125506073 0.8093094262295082 0.45781477732793524 0.813844262295082 0.4704954453441295 0.7768073770491803 0.47608957489878545 0.7031116803278689 0.47553036437246965 0.6853483606557377 0.4710546558704453 0.6607838114754098 0.46863056680161946 0.6494456967213115 0.4626634615384615 0.6494456967213115
0 0.47504605263157895 0.4771311475409836 0.47203289473684207 0.5044805327868852 0.47137753036437247 0.5488237704918033 0.46862651821862344 0.5844047131147542 0.46941244939271254 0.6075051229508196 0.47688056680161944 0.6282161885245902 0.4861826923076923 0.6237028688524591 0.4916852226720648 0.6051157786885245 0.4873618421052632 0.5554620901639344 0.4864443319838057 0.5143053278688524 0.48316902834008096 0.48642520491803276 0.4772732793522267 0.4744764344262295
0 0.5012712550607287 0.4607233606557377 0.4962925101214575 0.4904620901639344 0.49589979757085023 0.5239190573770492 0.49550657894736844 0.5552510245901638 0.4939342105263158 0.5786168032786886 0.49563765182186237 0.6096844262295082 0.5040227732793522 0.6237571721311476 0.5177793522267207 0.6203053278688525 0.5213168016194333 0.6144631147540983 0.5194827935222672 0.5778206967213114 0.5171244939271255 0.5430368852459017 0.5130627530364372 0.5024108606557377 0.5078223684210527 0.46975102459016393
0 0.47791396761133603 0.6477069672131148 0.47349645748987856 0.6592315573770492 0.4737586032388664 0.6788801229508197 0.4784752024291498 0.6998565573770491 0.48175050607287445 0.732516393442623 0.48410880566801623 0.7590696721311475 0.48633603238866396 0.7829672131147541 0.4892181174089069 0.7861536885245901 0.4927555668016194 0.776859631147541 0.49603137651821866 0.735172131147541 0.49524493927125507 0.7038401639344262 0.4964240890688259 0.6807387295081967 0.4961619433198381 0.6624170081967213 0.48895647773279355 0.6475481557377049 0.4818815789473684 0.6459549180327869
0 0.520783906882591 0.45380327868852455 0.5239286437246963 0.5037223360655737 0.5241902834008096 0.5395686475409837 0.5240592105263158 0.5701045081967213 0.5230111336032389 0.5934702868852458 0.5232732793522268 0.6165717213114754 0.5384711538461538 0.6216168032786885 0.5477732793522267 0.6133852459016393 0.5486902834008097 0.5855051229508197 0.5467252024291498 0.5523135245901639 0.5433188259109312 0.512484631147541 0.5396503036437247 0.4747797131147541 0.5365060728744939 0.45725512295081966 0.5272039473684211 0.44663422131147545 0.5224873481781376 0.44318237704918034 0.520783906882591 0.4530061475409836
0 0.497917004048583 0.6528145491803279 0.5174215587044534 0.6500348360655738 0.5175526315789474 0.6715430327868853 0.5098223684210527 0.746686475409836 0.5052368421052631 0.7769569672131147 0.4997343117408907 0.7647428278688525 0.4984240890688259 0.7288965163934427 0.499078947368421 0.6943780737704918 0.4969827935222672 0.663576844262295
0 0.5226831983805668 0.7712858606557377 0.5220278340080972 0.7261465163934426 0.5200627530364372 0.6873790983606557 0.5177044534412956 0.6650747950819673 0.5228142712550606 0.653126024590164 0.5349984817813764 0.6504702868852459 0.5391912955465588 0.6517981557377049 0.539584008097166 0.6656055327868852 0.5351295546558704 0.7147284836065574 0.5298891700404857 0.7524334016393442 0.5264822874493927 0.7771270491803278
0 0.5536897773279351 0.4612356557377049 0.5514625506072874 0.5159344262295082 0.5502834008097165 0.5716956967213115 0.5492353238866396 0.6003719262295082 0.5539514170040486 0.6194897540983606 0.5656123481781377 0.6242694672131148 0.5750450404858299 0.6080727459016394 0.5766174089068826 0.5793954918032787 0.5694114372469635 0.5432838114754098 0.5673152834008097 0.5023924180327869 0.5636467611336032 0.4707950819672131 0.5599782388663967 0.4599077868852459
0 0.5819301619433198 0.45420081967213116 0.578 0.5025266393442623 0.5777378542510121 0.5458073770491803 0.5742004048582995 0.5675809426229508 0.5721042510121458 0.5851055327868853 0.578 0.6066127049180328 0.5853365384615384 0.6164375000000001 0.5917565789473683 0.6164375000000001 0.6001417004048584 0.6005061475409836 0.603548076923077 0.5835122950819672 0.5985693319838056 0.5537735655737704 0.59607995951417 0.5250963114754099 0.5946386639676113 0.488984631147541 0.5935905870445344 0.4669456967213115 0.5925425101214575 0.4549969262295082 0.5865156882591093 0.4496864754098361
0 0.5404185222672064 0.7763104508196721 0.5410738866396761 0.7218770491803279 0.5398947368421053 0.6905450819672131 0.5393704453441296 0.6637264344262296 0.5419908906882591 0.6504508196721311 0.551161943319838 0.6496536885245902 0.5582368421052631 0.6581506147540984 0.5655738866396761 0.6708954918032787 0.5629534412955466 0.6916075819672132 0.5582368421052631 0.7051485655737705 0.5558785425101215 0.7309047131147541 0.5501138663967612 0.7590512295081967 0.5452661943319838 0.7776383196721312
0 0.5638542510121457 0.767625 0.5643785425101214 0.7190338114754099 0.561758097165992 0.6898258196721311 0.5582206477732794 0.6704415983606558 0.5574347165991903 0.6555727459016394 0.5631993927125506 0.6465440573770492 0.5685708502024291 0.638047131147541 0.5732874493927126 0.6343299180327869 0.5821968623481781 0.6412336065573772 0.5865202429149797 0.6502622950819672 0.5880926113360323 0.6728319672131147 0.5849478744939272 0.7057571721311475 0.5819347165991903 0.7362930327868852 0.5777424089068826 0.7647038934426229 0.5715845141700405 0.7758565573770492 0.566081983805668 0.7734661885245901
0 0.6553643724696356 0.625 0.6553643724696356 0.6372950819672131 0.6619433198380567 0.6567622950819673 0.6791497975708503 0.6793032786885246 0.7105263157894737 0.735655737704918 0.7282388663967612 0.7366803278688525 0.7439271255060729 0.7202868852459017 0.7373481781376519 0.7141393442622951 0.7398785425101214 0.7049180327868853 0.7120445344129555 0.6311475409836066 0.7064777327935222 0.6055327868852459 0.7029352226720648 0.5983606557377049 0.6907894736842105 0.5942622950819673 0.6710526315789473 0.6157786885245902 0.659919028340081 0.6188524590163934
0 0.7632358299595142 0.6998370901639345 0.7347651821862348 0.6581127049180328 0.7191558704453441 0.6364446721311475 0.7031184210526317 0.6221434426229508 0.6992697368421052 0.5991752049180328 0.7046153846153845 0.5840071721311475 0.7129544534412956 0.5818401639344262 0.7232186234817813 0.5710061475409837 0.7292059716599191 0.561905737704918 0.7321993927125506 0.556704918032787 0.7403248987854252 0.5593053278688525 0.7516578947368422 0.5584385245901639 0.7574316801619433 0.5675399590163934 0.7606391700404858 0.5861741803278688 0.7627773279352227 0.6178104508196721 0.7670536437246964 0.6429446721311476 0.7760349190283401 0.6637469262295081 0.7704752024291498 0.6793483606557377 0.7653431174089069 0.6884487704918033
0 0.5921077935222673 0.7518821721311475 0.5901831983805668 0.7124456967213114 0.5914660931174089 0.6890440573770491 0.5852651821862348 0.6743094262295082 0.5803466599190283 0.6535081967213114 0.5797054655870446 0.6353063524590163 0.5884726720647773 0.629673155737705 0.5970258097165991 0.6249057377049181 0.602799089068826 0.620139344262295 0.6143461538461539 0.6292397540983606 0.6122074898785425 0.6543749999999999 0.6098557692307692 0.6825430327868853 0.6077171052631578 0.7254467213114754 0.6062206477732793 0.7436485655737706 0.6034407894736842 0.767483606557377 0.6013021255060729 0.7761506147540984
0 0.6261614372469636 0.7574200819672131 0.6201740890688259 0.7214508196721311 0.6176082995951417 0.6928483606557377 0.6120485829959513 0.6664129098360656 0.6041371457489879 0.6495112704918032 0.6043507085020242 0.6291434426229509 0.6109797570850203 0.6161424180327869 0.6184635627530365 0.6157090163934427 0.6312935222672065 0.6230768442622951 0.6424124493927125 0.6274098360655738 0.6447646761133603 0.6434446721311475 0.6398466599190283 0.6638124999999999 0.6387773279352227 0.6941485655737705 0.6394190283400809 0.739218237704918 0.6355703441295546 0.7582868852459016
0 0.6108825910931174 0.45867315573770495 0.6001346153846153 0.5073473360655738 0.59179504048583 0.5476506147540983 0.586877024291498 0.5671516393442623 0.5864493927125506 0.5914200819672131 0.5984240890688259 0.6000881147540984 0.6041973684210526 0.6122223360655737 0.6099706477732793 0.6152561475409836 0.6200207489878543 0.6091885245901639 0.6251528340080971 0.5983545081967213 0.6253669028340081 0.5788524590163935 0.6232282388663968 0.5519846311475409 0.6221594129554655 0.5242489754098361 0.6221594129554655 0.49521311475409835 0.6202348178137652 0.4670450819672131 0.6146751012145749 0.4553432377049181
0 0.6381740890688259 0.46633709016393443 0.6276968623481781 0.5222407786885246 0.6240617408906882 0.5560430327868853 0.6191432186234818 0.5694774590163934 0.6234200404858299 0.5920122950819672 0.6302626518218623 0.6006803278688525 0.6388157894736842 0.6123811475409836 0.6454448380566801 0.6076137295081967 0.6525010121457491 0.5937459016393443 0.6529286437246963 0.5720778688524589 0.6492935222672064 0.5517100409836067 0.6492935222672064 0.5200737704918033 0.6482241902834008 0.49493852459016396 0.6433061740890689 0.4693698770491804
0 0.6532358299595142 0.4574815573770492 0.6467586032388664 0.5098422131147541 0.639915991902834 0.5401772540983606 0.6379913967611336 0.5653125 0.6435511133603239 0.5878473360655738 0.6533871457489879 0.6047489754098361 0.6668588056680161 0.6073493852459017 0.6771224696356275 0.6034487704918032 0.6867449392712551 0.5952151639344262 0.6935875506072875 0.5826475409836065 0.6970091093117409 0.5640122950819673 0.6888830971659918 0.5410440573770492 0.68396508097166 0.5280430327868852 0.6762672064777329 0.4994415983606557 0.6687834008097167 0.46867213114754097 0.6598021255060729 0.4418032786885246 0.6542429149797572 0.4461372950819672
0 0.6942373481781378 0.45573053278688525 0.6938092105263158 0.49560040983606557 0.6895328947368421 0.5276690573770492 0.6867530364372469 0.547171106557377 0.6901740890688259 0.5684057377049181 0.7006518218623482 0.5788063524590163 0.7111295546558705 0.5762059426229508 0.722248987854251 0.5675389344262295 0.728663967611336 0.5606055327868852 0.7320850202429149 0.5268022540983607 0.7267393724696356 0.5055676229508197 0.7207520242914979 0.49083299180327866 0.7194691295546559 0.4661311475409836 0.7175445344129554 0.44489651639344263 0.7121988866396761 0.43709631147540984 0.7066391700404858 0.44793032786885245 0.7038593117408907 0.44966393442622954 0.6978724696356275 0.44446311475409833
0 0.726373987854251 0.42345286885245903 0.724662955465587 0.46028893442622953 0.724662955465587 0.4806577868852459 0.7223112348178138 0.5062264344262295 0.7242353238866397 0.5244272540983607 0.7379205465587045 0.5447950819672132 0.7462601214574899 0.5469620901639345 0.7548132591093117 0.5452284836065574 0.7608006072874495 0.5335276639344262 0.7672155870445344 0.5322274590163933 0.7727753036437246 0.5239938524590164 0.7695678137651821 0.5036260245901639 0.7627252024291498 0.4789241803278689 0.7575931174089068 0.45682274590163935 0.7518198380566802 0.43515368852459013 0.7428385627530364 0.41825307377049176 0.7342854251012146 0.41088524590163933 0.7302226720647773 0.41131864754098363