0 0.2742914979757085 0.6065573770491803 0.2742914979757085 0.6465163934426229 0.29048582995951416 0.6536885245901639 0.2950404858299595 0.6506147540983607 0.30465587044534415 0.6403688524590164 0.3284412955465587 0.5963114754098361 0.33451417004048584 0.5819672131147541 0.33805668016194335 0.5594262295081968 0.3340080971659919 0.5440573770491803 0.32034412955465585 0.5338114754098361 0.319331983805668 0.5286885245901639 0.30718623481781376 0.5163934426229508 0.3016194331983806 0.514344262295082 0.29706477732793524 0.5215163934426229
0 0.2940283400809717 0.3985655737704918 0.2930161943319838 0.48258196721311475 0.29453441295546556 0.48975409836065575 0.31376518218623484 0.507172131147541 0.32388663967611336 0.5051229508196722 0.32793522267206476 0.4948770491803279 0.3284412955465587 0.4405737704918033 0.3248987854251012 0.42418032786885246 0.32034412955465585 0.36577868852459017 0.3097165991902834 0.35758196721311475 0.298582995951417 0.3668032786885246 0.29706477732793524 0.39036885245901637
0 0.3274291497975709 0.42213114754098363 0.32894736842105265 0.4364754098360656 0.3269230769230769 0.4969262295081967 0.32894736842105265 0.5122950819672131 0.3491902834008097 0.5276639344262295 0.3598178137651822 0.5235655737704918 0.36133603238866396 0.5163934426229508 0.3598178137651822 0.4887295081967213 0.3623481781376518 0.4733606557377049 0.34969635627530365 0.38831967213114754 0.3431174089068826 0.38729508196721313 0.3415991902834008 0.382172131147541 0.33653846153846156 0.38831967213114754 0.3309716599190283 0.4077868852459016 0.32793522267206476 0.4108606557377049
0 0.3284412955465587 0.6086065573770492 0.3208502024291498 0.6577868852459017 0.33299595141700405 0.6854508196721312 0.3375506072874494 0.6854508196721312 0.3456477732793522 0.6741803278688525 0.37044534412955465 0.6198770491803278 0.3790485829959514 0.5973360655737705 0.3800607287449393 0.5799180327868853 0.3699392712550607 0.5645491803278688 0.3451417004048583 0.5461065573770492 0.340080971659919 0.5522540983606558
0 0.37955465587044535 0.5747950819672131 0.3790485829959514 0.6045081967213115 0.3729757085020243 0.6577868852459017 0.36791497975708504 0.6772540983606558 0.36538461538461536 0.701844262295082 0.36791497975708504 0.7049180327868853 0.3709514170040486 0.7202868852459017 0.37550607287449395 0.7274590163934426 0.38461538461538464 0.7284836065573771 0.3942307692307692 0.7243852459016393 0.40789473684210525 0.6926229508196722 0.409919028340081 0.6680327868852459 0.4271255060728745 0.5717213114754098 0.423582995951417 0.5655737704918032 0.38714574898785425 0.5635245901639344 0.38208502024291496 0.5676229508196722
0 0.3648785425101215 0.39651639344262296 0.3648785425101215 0.42418032786885246 0.3674089068825911 0.4344262295081967 0.3674089068825911 0.44774590163934425 0.36538461538461536 0.47540983606557374 0.3603238866396761 0.48975409836065575 0.36285425101214575 0.5256147540983607 0.36690283400809715 0.5297131147540983 0.3805668016194332 0.5307377049180327 0.39979757085020245 0.5245901639344263 0.4033400809716599 0.5174180327868853 0.402834008097166 0.48360655737704916 0.395748987854251 0.47540983606557374 0.3810728744939271 0.38934426229508196 0.3724696356275304 0.3780737704918033 0.3684210526315789 0.3801229508196721
0 0.4276315789473684 0.3975409836065574 0.4271255060728745 0.5235655737704918 0.43016194331983804 0.5297131147540983 0.43876518218623484 0.5286885245901639 0.45293522267206476 0.5153688524590164 0.4549595141700405 0.5061475409836066 0.45445344129554655 0.4887295081967213 0.4493927125506073 0.4385245901639344 0.4397773279352227 0.38831967213114754 0.4316801619433198 0.3780737704918033
0 0.4225708502024291 0.6055327868852459 0.4230769230769231 0.6752049180327869 0.41953441295546556 0.7192622950819673 0.423582995951417 0.7141393442622951 0.4498987854251012 0.610655737704918 0.44686234817813764 0.5758196721311475 0.4407894736842105 0.569672131147541 0.4276315789473684 0.5758196721311475
0 0.4519230769230769 0.36065573770491804 0.45394736842105265 0.5174180327868853 0.4590080971659919 0.5286885245901639 0.4701417004048583 0.5297131147540983 0.4772267206477733 0.5133196721311475 0.47368421052631576 0.42725409836065575 0.4625506072874494 0.3463114754098361 0.4524291497975709 0.3452868852459016
0 0.444331983805668 0.6475409836065574 0.44686234817813764 0.6721311475409836 0.44281376518218624 0.6967213114754098 0.4509109311740891 0.7049180327868853 0.45799595141700405 0.6885245901639344 0.46558704453441296 0.6577868852459017 0.4741902834008097 0.5952868852459017 0.4640688259109312 0.5717213114754098 0.4524291497975709 0.5737704918032787 0.4524291497975709 0.5952868852459017
0 0.4772267206477733 0.35963114754098363 0.47520242914979755 0.38524590163934425 0.4777327935222672 0.5102459016393442 0.4812753036437247 0.5204918032786885 0.4944331983805668 0.5276639344262295 0.49898785425101216 0.5215163934426229 0.5005060728744939 0.5040983606557377 0.49190283400809715 0.3719262295081967 0.4868421052631579 0.35040983606557374 0.48026315789473684 0.3524590163934426
0 0.4701417004048583 0.6229508196721312 0.4706477732793522 0.639344262295082 0.4676113360323887 0.6577868852459017 0.46963562753036436 0.7069672131147541 0.4757085020242915 0.7172131147540983 0.4853238866396761 0.7049180327868853 0.49190283400809715 0.6547131147540983 0.49291497975708504 0.6004098360655737 0.49190283400809715 0.5901639344262295 0.4868421052631579 0.5758196721311475 0.48026315789473684 0.5717213114754098 0.47520242914979755 0.5778688524590164
0 0.5020242914979757 0.34938524590163933 0.5020242914979757 0.5194672131147541 0.5045546558704453 0.5286885245901639 0.5177125506072875 0.5368852459016393 0.5268218623481782 0.5297131147540983 0.5288461538461539 0.5122950819672131 0.5288461538461539 0.48155737704918034 0.5232793522267206 0.4036885245901639 0.5151821862348178 0.3452868852459016 0.5055668016194332 0.33709016393442626
0 0.5293522267206477 0.4026639344262295 0.5288461538461539 0.4293032786885246 0.5313765182186235 0.4492827868852459 0.5293522267206477 0.5184426229508197 0.5334008097165992 0.5297131147540983 0.548582995951417 0.5368852459016393 0.5566801619433198 0.5225409836065574 0.5612348178137652 0.5051229508196722 0.5566801619433198 0.3637295081967213 0.555161943319838 0.35963114754098363 0.5521255060728745 0.35450819672131145 0.5455465587044535 0.35348360655737704 0.5399797570850202 0.35758196721311475 0.5308704453441295 0.38831967213114754
0 0.49291497975708504 0.5860655737704918 0.4908906882591093 0.6823770491803278 0.49291497975708504 0.7008196721311475 0.4979757085020243 0.7028688524590164 0.5060728744939271 0.680327868852459 0.5116396761133604 0.6045081967213115 0.5111336032388664 0.5758196721311475 0.5080971659919028 0.569672131147541 0.4979757085020243 0.569672131147541 0.4939271255060729 0.5758196721311475
0 0.5101214574898786 0.5665983606557377 0.5055668016194332 0.6834016393442623 0.5086032388663968 0.6926229508196722 0.513663967611336 0.6956967213114754 0.5217611336032388 0.6885245901639344 0.5253036437246964 0.6782786885245902 0.5288461538461539 0.5594262295081968 0.5268218623481782 0.5512295081967213 0.5197368421052632 0.5491803278688525 0.5111336032388664 0.5594262295081968
0 0.5258097165991903 0.6096311475409836 0.5232793522267206 0.6649590163934426 0.5253036437246964 0.6834016393442623 0.5298582995951417 0.6864754098360656 0.5339068825910931 0.6813524590163934 0.5409919028340081 0.6372950819672131 0.5470647773279352 0.5829918032786885 0.5465587044534413 0.5563524590163934 0.5409919028340081 0.5522540983606558 0.5389676113360324 0.555327868852459 0.5318825910931174 0.5532786885245902 0.5288461538461539 0.5635245901639344
0 0.5587044534412956 0.4702868852459016 0.5581983805668016 0.5215163934426229 0.5632591093117408 0.5307377049180327 0.5708502024291497 0.5297131147540983 0.5759109311740891 0.5235655737704918 0.5809716599190283 0.4774590163934426 0.5804655870445344 0.44979508196721313 0.582995951417004 0.4180327868852459 0.5774291497975709 0.39959016393442626 0.5683198380566802 0.3862704918032787 0.562753036437247 0.38831967213114754 0.5597165991902834 0.39651639344262296 0.5617408906882592 0.42213114754098363
0 0.5369433198380567 0.6721311475409836 0.5369433198380567 0.7069672131147541 0.5404858299595142 0.7151639344262295 0.5450404858299596 0.7141393442622951 0.5460526315789473 0.7079918032786885 0.5546558704453441 0.6967213114754098 0.5566801619433198 0.6895491803278688 0.5581983805668016 0.6352459016393442 0.5637651821862348 0.6004098360655737 0.562246963562753 0.576844262295082 0.5561740890688259 0.5758196721311475 0.5480769230769231 0.5809426229508197
0 0.5602226720647774 0.6014344262295082 0.5602226720647774 0.6741803278688525 0.5668016194331984 0.735655737704918 0.5683198380566802 0.7438524590163934 0.5799595141700404 0.75 0.5845141700404858 0.7090163934426229 0.5855263157894737 0.632172131147541 0.5845141700404858 0.5901639344262295 0.5819838056680162 0.5758196721311475 0.5794534412955465 0.5717213114754098 0.5678137651821862 0.5727459016393442 0.5637651821862348 0.5799180327868853
0 0.5754048582995951 0.5030737704918032 0.5754048582995951 0.5184426229508197 0.5799595141700404 0.5297131147540983 0.597165991902834 0.5327868852459017 0.603744939271255 0.5225409836065574 0.6148785425101214 0.36168032786885246 0.6098178137651822 0.34938524590163933 0.6072874493927125 0.3473360655737705 0.6022267206477733 0.35655737704918034
0 0.5789473684210527 0.5747950819672131 0.5885627530364372 0.6444672131147541 0.5905870445344129 0.6741803278688525 0.5941295546558705 0.6813524590163934 0.6027327935222672 0.7202868852459017 0.6118421052631579 0.7254098360655737 0.6143724696356275 0.701844262295082 0.6143724696356275 0.6577868852459017 0.6088056680161943 0.5840163934426229 0.5996963562753036 0.5747950819672131 0.5890688259109311 0.5809426229508197
0 0.6067813765182186 0.4692622950819672 0.604757085020243 0.5225409836065574 0.6229757085020243 0.5409836065573771 0.6270242914979757 0.5420081967213115 0.631578947368421 0.5368852459016393 0.6351214574898786 0.5245901639344263 0.6366396761133604 0.39959016393442626 0.6361336032388664 0.3760245901639344 0.6300607287449392 0.3432377049180328 0.6199392712550608 0.3422131147540984 0.6148785425101214 0.36065573770491804 0.6143724696356275 0.39139344262295084
0 0.6148785425101214 0.6290983606557377 0.6148785425101214 0.6475409836065574 0.6219635627530364 0.6895491803278688 0.6330971659919028 0.7243852459016393 0.6427125506072875 0.7305327868852459 0.646255060728745 0.7110655737704918 0.6346153846153846 0.6147540983606558 0.6224696356275303 0.617827868852459
0 0.6260121457489879 0.48975409836065575 0.6255060728744939 0.5133196721311475 0.6295546558704453 0.5266393442622951 0.6538461538461539 0.5409836065573771 0.6634615384615384 0.5327868852459017 0.6629554655870445 0.4149590163934426 0.659919028340081 0.367827868852459 0.6543522267206477 0.3401639344262295 0.6406882591093117 0.36475409836065575 0.6381578947368421 0.3760245901639344 0.6346153846153846 0.4334016393442623 0.6351214574898786 0.46209016393442626 0.6305668016194332 0.4702868852459016
0 0.6270242914979757 0.5645491803278688 0.6285425101214575 0.5860655737704918 0.6356275303643725 0.6075819672131147 0.6422064777327935 0.6536885245901639 0.646255060728745 0.6567622950819673 0.659919028340081 0.7172131147540983 0.6659919028340081 0.7233606557377049 0.6745951417004049 0.7172131147540983 0.6786437246963563 0.7038934426229508 0.6786437246963563 0.6956967213114754 0.6852226720647774 0.6844262295081968 0.6953441295546559 0.7008196721311475 0.7024291497975709 0.7008196721311475 0.6998987854251012 0.6700819672131147 0.6918016194331984 0.6444672131147541 0.6887651821862348 0.6188524590163934 0.6897773279352226 0.5891393442622951 0.687246963562753 0.5819672131147541 0.6594129554655871 0.5522540983606558 0.6477732793522267 0.5584016393442623 0.631578947368421 0.5573770491803278
0 0.6639676113360324 0.48668032786885246 0.6614372469635628 0.5112704918032787 0.6659919028340081 0.5266393442622951 0.6776315789473685 0.5307377049180327 0.6882591093117408 0.5256147540983607 0.7019230769230769 0.5317622950819673 0.708502024291498 0.5225409836065574 0.7069838056680162 0.45184426229508196 0.708502024291498 0.42315573770491804 0.7054655870445344 0.41905737704918034 0.701417004048583 0.3719262295081967 0.6983805668016194 0.36475409836065575 0.694331983805668 0.36065573770491804 0.6811740890688259 0.36475409836065575
0 0.6867408906882592 0.5737704918032787 0.6907894736842105 0.6086065573770492 0.7282388663967612 0.6864754098360656 0.7398785425101214 0.6967213114754098 0.7555668016194332 0.6813524590163934 0.7525303643724697 0.6690573770491803 0.7540485829959515 0.6577868852459017 0.7510121457489879 0.6516393442622951 0.7408906882591093 0.5901639344262295 0.7338056680161943 0.5594262295081968 0.729251012145749 0.5491803278688525 0.7206477732793523 0.5461065573770492
0 0.7155870445344129 0.39139344262295084 0.715080971659919 0.4293032786885246 0.7095141700404858 0.4774590163934426 0.7115384615384616 0.514344262295082 0.7257085020242915 0.5235655737704918 0.7459514170040485 0.5133196721311475 0.7489878542510121 0.5081967213114754 0.7510121457489879 0.49385245901639346 0.7494939271255061 0.47438524590163933 0.7510121457489879 0.3801229508196721 0.7494939271255061 0.367827868852459 0.7322874493927125 0.36577868852459017 0.7231781376518218 0.3709016393442623 0.7165991902834008 0.3831967213114754
0 0.7322874493927125 0.5461065573770492 0.7317813765182186 0.5635245901639344 0.7525303643724697 0.6219262295081968 0.7656882591093117 0.6485655737704918 0.7747975708502024 0.6618852459016393 0.7818825910931174 0.6649590163934426 0.7990890688259109 0.6639344262295082 0.8041497975708503 0.6577868852459017 0.8061740890688259 0.6301229508196722 0.8001012145748988 0.6157786885245902 0.791497975708502 0.5614754098360656 0.7793522267206477 0.5153688524590164 0.7758097165991903 0.5102459016393442 0.771255060728745 0.5102459016393442 0.7596153846153846 0.5174180327868853 0.743421052631579 0.5307377049180327
0 0.7489878542510121 0.3739754098360656 0.7479757085020243 0.48155737704918034 0.7510121457489879 0.492827868852459 0.7540485829959515 0.4969262295081967 0.7661943319838057 0.4969262295081967 0.7945344129554656 0.47950819672131145 0.7965587044534413 0.4723360655737705 0.7970647773279352 0.4344262295081967 0.7925101214574899 0.41905737704918034 0.7930161943319838 0.39651639344262296 0.7834008097165992 0.3729508196721312 0.7742914979757085 0.35655737704918034 0.7611336032388664 0.35450819672131145 0.7520242914979757 0.36475409836065575