0 0.2692307692307692 0.5491803278688525 0.26771255060728744 0.5676229508196722 0.27125506072874495 0.5758196721311475 0.298582995951417 0.6004098360655737 0.30313765182186236 0.5860655737704918 0.3355263157894737 0.5174180327868853 0.3390688259109312 0.4969262295081967 0.33805668016194335 0.48155737704918034 0.3183198380566802 0.4641393442622951 0.3107287449392713 0.45081967213114754 0.2950404858299595 0.44979508196721313 0.28694331983805665 0.4702868852459016 0.2834008097165992 0.507172131147541
0 0.35728744939271256 0.4682377049180328 0.35728744939271256 0.48975409836065575 0.3648785425101215 0.5061475409836066 0.3896761133603239 0.5122950819672131 0.39625506072874495 0.5061475409836066 0.3992914979757085 0.4969262295081967 0.4008097165991903 0.4702868852459016 0.39068825910931176 0.4047131147540984 0.39220647773279355 0.34938524590163933 0.38866396761133604 0.3319672131147541 0.3800607287449393 0.32991803278688525 0.375 0.33811475409836067 0.3689271255060729 0.4016393442622951
0 0.32945344129554655 0.5286885245901639 0.32388663967611336 0.5635245901639344 0.3243927125506073 0.5840163934426229 0.319331983805668 0.6096311475409836 0.3066801619433198 0.6557377049180327 0.3026315789473684 0.6577868852459017 0.3026315789473684 0.6659836065573771 0.31376518218623484 0.6854508196721312 0.3259109311740891 0.694672131147541 0.33704453441295545 0.6854508196721312 0.34868421052631576 0.6567622950819673 0.3557692307692308 0.625 0.3709514170040486 0.5911885245901639 0.3770242914979757 0.5686475409836066 0.3790485829959514 0.548155737704918 0.34058704453441296 0.5184426229508197 0.3355263157894737 0.5194672131147541
0 0.4008097165991903 0.33811475409836067 0.402834008097166 0.3637295081967213 0.40030364372469635 0.3790983606557377 0.39979757085020245 0.4354508196721312 0.3942307692307692 0.5133196721311475 0.39979757085020245 0.5256147540983607 0.4089068825910931 0.5276639344262295 0.4215587044534413 0.5102459016393442 0.4230769230769231 0.48770491803278687 0.41346153846153844 0.3637295081967213 0.4084008097165992 0.33709016393442626 0.40384615384615385 0.33401639344262296
0 0.37196356275303644 0.5635245901639344 0.3724696356275304 0.5932377049180327 0.36690283400809715 0.6475409836065574 0.35779352226720645 0.6956967213114754 0.3582995951417004 0.7090163934426229 0.36133603238866396 0.7131147540983607 0.37601214574898784 0.7028688524590164 0.38461538461538464 0.7090163934426229 0.39878542510121456 0.6967213114754098 0.4058704453441296 0.6741803278688525 0.40789473684210525 0.6506147540983607 0.4225708502024291 0.5799180327868853 0.4240890688259109 0.5584016393442623 0.4200404858299595 0.5461065573770492 0.40696710526315794 0.5461065573770492 0.3942307692307692 0.5348360655737705 0.37550607287449395 0.548155737704918
0 0.3901821862348178 0.7079918032786885 0.38917004048583 0.7284836065573771 0.39220647773279355 0.7397540983606558 0.4043522267206478 0.7346311475409836 0.4124493927125506 0.7213114754098361 0.4311740890688259 0.680327868852459 0.4331983805668016 0.673155737704918 0.4316801619433198 0.6680327868852459 0.4357287449392713 0.6577868852459017 0.4347165991902834 0.6506147540983607 0.4392712550607287 0.6362704918032787 0.4610323886639676 0.5973360655737705 0.46356275303643724 0.5829918032786885 0.46204453441295545 0.569672131147541 0.4478744939271255 0.5532786885245902 0.4276315789473684 0.5655737704918032 0.4215587044534413 0.5840163934426229 0.4215587044534413 0.5942622950819673 0.4159919028340081 0.6239754098360656 0.40789473684210525 0.6454918032786885 0.4089068825910931 0.6495901639344263 0.4043522267206478 0.6577868852459017 0.4048582995951417 0.6618852459016393 0.3992914979757085 0.6690573770491803 0.39625506072874495 0.680327868852459 0.3967611336032389 0.6864754098360656
0 0.4333790485829959 0.7239795081967213 0.43482945344129553 0.6360604508196721 0.4333790485829959 0.5815440573770492 0.4383896761133603 0.5615020491803279 0.4480151821862348 0.553484631147541 0.46001417004048584 0.5625706967213114 0.4646290485829959 0.5775358606557377 0.4585637651821862 0.6173534836065574 0.45408046558704457 0.6750758196721311 0.44669635627530363 0.7156956967213115 0.43931224696356275 0.7333329918032786
0 0.4257393724696356 0.3394375 0.424288967611336 0.4051762295081967 0.42152024291497975 0.4757264344262295 0.418751012145749 0.5196434426229508 0.4238937246963563 0.5356772540983606 0.42943168016194333 0.537280737704918 0.442748987854251 0.5201782786885246 0.4480237854251012 0.5110922131147542 0.44578188259109314 0.48757581967213115 0.442748987854251 0.4691362704918033 0.4349696356275304 0.358202868852459 0.4304863360323887 0.3389620901639344
0 0.4465111336032389 0.33980122950819674 0.4476978744939271 0.42959118852459016 0.4462474696356275 0.4766239754098361 0.44479706477732794 0.5009426229508197 0.4488846153846154 0.5215194672131147 0.45310425101214574 0.5279334016393443 0.4639164979757085 0.5257950819672131 0.4720921052631579 0.5089600409836066 0.47196002024291495 0.48651229508196725 0.46549898785425103 0.4466936475409836 0.45613714574898784 0.35904200819672133 0.4494124493927125 0.31604405737704916 0.4469068825910931 0.3427674180327869
0 0.46189979757085026 0.7012049180327868 0.46145192307692307 0.6553247950819672 0.4619423076923077 0.6105665983606557 0.46047014170040484 0.5760020491803278 0.4699175101214575 0.5593422131147541 0.4787515182186235 0.5578504098360656 0.4862358299595142 0.5648124999999999 0.48648127530364377 0.596890368852459 0.4813279352226721 0.6476168032786884 0.4758066801619433 0.7097817622950819 0.4699175101214575 0.7410061475409836 0.4642737854251012 0.7420010245901639 0.46120647773279355 0.7183780737704918
0 0.49325101214574896 0.7209559426229508 0.488834008097166 0.6570502049180328 0.4896928137651822 0.6078155737704918 0.4884655870445344 0.5749928278688524 0.48858856275303647 0.5595758196721311 0.4915334008097166 0.5531106557377049 0.5009807692307692 0.5533596311475409 0.5069924089068826 0.5575860655737704 0.5076062753036437 0.5784733606557377 0.504415991902834 0.6197510245901638 0.4988947368421053 0.7105122950819672
0 0.5098142712550607 0.5574795081967213 0.5066244939271255 0.6621659836065574 0.5060111336032389 0.7148821721311476 0.5139863360323886 0.6937459016393442 0.5242925101214575 0.6084549180327868 0.5274822874493927 0.5617069672131147
0 0.5294063765182186 0.5558965163934426 0.5257257085020243 0.6125911885245902 0.5276887651821862 0.6940799180327869 0.5283021255060728 0.7224272540983607 0.5389762145748989 0.668468237704918 0.5421664979757085 0.6075461065573771 0.5464605263157895 0.5627879098360655
0 0.5422302631578947 0.7008637295081968 0.5439574898785424 0.6465532786885245 0.5437125506072874 0.5963237704918032 0.5439574898785424 0.5617602459016393 0.5445713562753037 0.5545491803278688 0.5568405870445344 0.5545491803278688 0.5653066801619433 0.56375 0.5619939271255061 0.6221844262295082 0.5456756072874495 0.7241444672131148
0 0.568086032388664 0.7588063524590164 0.5641837044534413 0.6309897540983607 0.563168016194332 0.5675829918032786 0.5725131578947369 0.5511147540983606 0.5867338056680161 0.5494672131147541 0.5920161943319838 0.5717008196721312 0.5790141700404858 0.7825051229508196 0.5743415991902834 0.7960922131147541 0.5668248987854251 0.7773032786885247 0.5680440283400809 0.7558934426229508
0 0.5944645748987855 0.7487469262295082 0.5954802631578948 0.6285225409836065 0.597918016194332 0.5749979508196721 0.6123421052631579 0.5597633196721311 0.6273755060728745 0.5593524590163934 0.6237186234817814 0.5935256147540983 0.6137641700404858 0.6602254098360656 0.6068567813765181 0.7191024590163935 0.604216093117409 0.7508053278688525
0 0.6330637651821862 0.7639805327868853 0.618843117408907 0.7145737704918033 0.602794028340081 0.675047131147541 0.5869478744939272 0.6355215163934427 0.5739458502024292 0.6157592213114754 0.5696796558704453 0.6013483606557377 0.5735394736842105 0.5910553278688525 0.5769934210526315 0.5774682377049181 0.5826816801619433 0.5700573770491804 0.5916204453441295 0.5749979508196721 0.5983243927125506 0.5704682377049181 0.6076695344129556 0.5778801229508196 0.6127484817813765 0.6005245901639344 0.6216872469635627 0.6367571721311476 0.6281882591093118 0.6853411885245901 0.6383456477732794 0.7351598360655738 0.6432216599190284 0.7578043032786885
0 0.47883755060728744 0.33345081967213114 0.4749777327935223 0.4442059426229508 0.4686801619433198 0.49855430327868855 0.47436842105263155 0.5179047131147542 0.4841199392712551 0.5228452868852459 0.49183957489878544 0.5121403688524591 0.4930587044534413 0.4425584016393443 0.48736993927125505 0.3643309426229508
0 0.5038168016194332 0.3486475409836065 0.4956993927125506 0.4532633196721311 0.49590283400809715 0.5034948770491803 0.49488663967611335 0.5331393442622951 0.5099205465587044 0.536844262295082 0.5180465587044534 0.5314918032786885 0.5178431174089069 0.4606752049180328 0.5117484817813766 0.3935635245901639
0 0.5347049595141701 0.3589784836065574 0.5231255060728744 0.45161680327868853 0.5192651821862349 0.4911424180327869 0.5188593117408907 0.5290215163934426 0.5347049595141701 0.5384918032786885 0.5438471659919029 0.5302571721311475 0.5438471659919029 0.479202868852459 0.5405966599190284 0.42156045081967214 0.5416123481781377 0.3503319672131147 0.539580971659919 0.3326280737704918
0 0.5551578947368421 0.3643872950819672 0.5490632591093118 0.4380860655737705 0.548251012145749 0.47061270491803275 0.5476411943319838 0.497375 0.5555642712550608 0.5286659836065574 0.5636907894736842 0.5146680327868852 0.5673471659919028 0.4611434426229508 0.5632844129554656 0.4113237704918033 0.560033906882591 0.3536823770491803
0 0.5697626518218624 0.46009836065573767 0.5655187246963562 0.4837879098360656 0.5657221659919028 0.5076680327868852 0.5714104251012145 0.5286659836065574 0.5833967611336032 0.5266075819672131 0.5919291497975708 0.5006690573770493 0.5901007085020243 0.4611434426229508 0.5943669028340082 0.34544774590163935 0.5955860323886639 0.3075686475409836 0.5884752024291497 0.32362602459016393 0.5793335020242915 0.3792090163934426
0 0.6155961538461537 0.6071372950819672 0.6082828947368422 0.5787284836065575 0.6123461538461539 0.5544364754098361 0.6249412955465588 0.5618473360655738 0.6348962550607288 0.5482602459016394 0.6460693319838057 0.5420840163934426 0.653383097165992 0.5507305327868853 0.6647596153846154 0.5569067622950821 0.6674008097165992 0.5602008196721311 0.66801012145749 0.5927264344262295 0.6696356275303644 0.6293709016393442 0.676745951417004 0.6713668032786886 0.6879195344129554 0.7150102459016394 0.6899509109311741 0.7318903688524591 0.6558208502024292 0.7421844262295082 0.6438350202429151 0.7327141393442623 0.6363183198380566 0.7129518442622951 0.6320521255060728 0.6758954918032787 0.6288016194331983 0.6454282786885246 0.6233162955465587 0.6256649590163934 0.6186437246963563 0.613313524590164
0 0.6062707489878543 0.33196413934426233 0.5930657894736842 0.4126629098360656 0.590830971659919 0.4451895491803279 0.5859554655870445 0.47071618852459013 0.5847363360323887 0.49418545081967213 0.5904245951417004 0.522594262295082 0.6068805668016194 0.5378278688524589 0.6190698380566801 0.5263002049180328 0.6217105263157895 0.4954200819672131 0.6192727732793523 0.4616588114754098 0.6182570850202429 0.434484631147541 0.6180536437246963 0.40236987704918037 0.6178507085020243 0.36078483606557377 0.6162252024291498 0.3303176229508197 0.6117560728744939 0.31549487704918033
0 0.6271958502024291 0.3550215163934426 0.6186634615384615 0.45218852459016395 0.6182570850202429 0.46207069672131146 0.6121624493927126 0.48800922131147545 0.6115526315789475 0.5127131147540984 0.6211012145748989 0.5390635245901639 0.6338997975708502 0.5456506147540983 0.6428385627530364 0.5312407786885246 0.6450733805668016 0.4962438524590164 0.6414164979757085 0.45218852459016395 0.6365409919028341 0.4110163934426229 0.6393851214574898 0.35172745901639346
0 0.6552312753036438 0.35131557377049183 0.6483238866396761 0.4151331967213115 0.6424321862348178 0.4596004098360656 0.6373532388663968 0.4814211065573771 0.6377596153846153 0.5036547131147541 0.6450733805668016 0.5279467213114754 0.6584817813765182 0.5283586065573771 0.672498987854251 0.522594262295082 0.6828598178137651 0.5040665983606557 0.6857044534412955 0.46906967213114753 0.678797064777328 0.41801536885245905 0.6720931174089069 0.3719016393442623 0.66579504048583 0.33361168032786886 0.660716093117409 0.3245532786885246
0 0.7020035425101215 0.7095071721311476 0.6845323886639676 0.6378657786885246 0.6790470647773279 0.6127510245901638 0.6668577935222673 0.589281762295082 0.6619822874493927 0.5686956967213115 0.6623886639676114 0.5468739754098361 0.6729524291497975 0.5419334016393443 0.6802661943319838 0.5411096311475411 0.6887985829959514 0.5324641393442623 0.6999721659919028 0.5250522540983606 0.7099266194331985 0.531640368852459 0.717036943319838 0.5514036885245901 0.7206938259109311 0.5691075819672131 0.7190683198380566 0.6078094262295082 0.7219129554655871 0.6308668032786885 0.7273977732793522 0.6563934426229509 0.7334924089068826 0.6778032786885245 0.7296325910931174 0.6950963114754098 0.7123643724696357 0.7066250000000001
0 0.7501837044534413 0.5970840163934427 0.732509109311741 0.5485 0.7215389676113361 0.5130922131147542 0.7191012145748987 0.4760358606557377 0.7335253036437247 0.4659487704918033 0.7483552631578947 0.48138831967213114 0.7540435222672065 0.5283258196721311 0.7595288461538461 0.5538524590163934 0.7662327935222673 0.5818504098360655 0.762372975708502 0.6044959016393443