0 0.25860323886639675 0.5358606557377049 0.25860323886639675 0.5440573770491803 0.26417004048583 0.5563524590163934 0.2798582995951417 0.5645491803278688 0.2874493927125506 0.548155737704918 0.291497975708502 0.5204918032786885 0.28289473684210525 0.5133196721311475 0.26366396761133604 0.5266393442622951
0 0.27479757085020245 0.5799180327868853 0.27125506072874495 0.6024590163934426 0.2722672064777328 0.610655737704918 0.27530364372469635 0.6127049180327869 0.29605263157894735 0.5819672131147541 0.3076923076923077 0.5584016393442623 0.2940283400809717 0.5409836065573771 0.2808704453441296 0.5625
0 0.28289473684210525 0.36475409836065575 0.26771255060728744 0.4600409836065574 0.2682186234817814 0.47848360655737704 0.2874493927125506 0.5051229508196722 0.29200404858299595 0.5061475409836066 0.298582995951417 0.5 0.30313765182186236 0.48565573770491804 0.3041497975708502 0.4293032786885246 0.3021255060728745 0.38422131147540983 0.29453441295546556 0.3483606557377049 0.28694331983805665 0.3514344262295082
0 0.3097165991902834 0.40061475409836067 0.30364372469635625 0.46209016393442626 0.30364372469635625 0.4969262295081967 0.3102226720647773 0.5081967213114754 0.3269230769230769 0.514344262295082 0.3350202429149798 0.5122950819672131 0.34210526315789475 0.4979508196721312 0.3466599190283401 0.4661885245901639 0.3350202429149798 0.36885245901639346 0.3248987854251012 0.3524590163934426
0 0.29706477732793524 0.6536885245901639 0.29453441295546556 0.6967213114754098 0.3026315789473684 0.7120901639344263 0.3066801619433198 0.7172131147540983 0.3173076923076923 0.7151639344262295 0.32793522267206476 0.7008196721311475 0.3350202429149798 0.6762295081967213 0.35880566801619435 0.5594262295081968 0.3567813765182186 0.5266393442622951 0.3183198380566802 0.5194672131147541 0.31224696356275305 0.5297131147540983
0 0.35121457489878544 0.33709016393442626 0.3441295546558704 0.492827868852459 0.34615384615384615 0.5194672131147541 0.3481781376518219 0.5245901639344263 0.3724696356275304 0.5358606557377049 0.38309716599190285 0.5307377049180327 0.3861336032388664 0.5235655737704918 0.3881578947368421 0.48770491803278687 0.3775303643724696 0.33811475409836067 0.36538461538461536 0.32684426229508196
0 0.3360323886639676 0.6741803278688525 0.3350202429149798 0.6844262295081968 0.3562753036437247 0.7315573770491803 0.3618421052631579 0.7397540983606558 0.3694331983805668 0.7407786885245902 0.3790485829959514 0.7049180327868853 0.4058704453441296 0.5758196721311475 0.4048582995951417 0.5502049180327869 0.36082995951417 0.5461065573770492
0 0.3881578947368421 0.5010245901639344 0.3881578947368421 0.5245901639344263 0.3982793522267207 0.5409836065573771 0.40789473684210525 0.5450819672131147 0.41700404858299595 0.5286885245901639 0.4180161943319838 0.5010245901639344 0.41346153846153844 0.39139344262295084 0.41194331983805665 0.38114754098360654 0.4084008097165992 0.3770491803278688 0.40384615384615385 0.382172131147541 0.4008097165991903 0.3985655737704918
0 0.41548582995951416 0.4426229508196721 0.4139676113360324 0.5594262295081968 0.4276315789473684 0.569672131147541 0.4347165991902834 0.569672131147541 0.44686234817813764 0.5502049180327869 0.4478744939271255 0.5204918032786885 0.4352226720647773 0.3770491803278688 0.4316801619433198 0.36475409836065575 0.4230769230769231 0.3729508196721312
0 0.4326923076923077 0.36475409836065575 0.4347165991902834 0.4323770491803279 0.4433198380566802 0.5655737704918032 0.4509109311740891 0.5942622950819673 0.4549595141700405 0.5993852459016393 0.4716599190283401 0.5614754098360656 0.472165991902834 0.5430327868852459 0.45394736842105265 0.3411885245901639 0.4478744939271255 0.33299180327868855 0.44129554655870445 0.3360655737704918 0.43775303643724695 0.3411885245901639
0 0.385793016194332 0.7439405737704918 0.39379757085020245 0.6354118852459016 0.4001462550607287 0.5912172131147542 0.41091194331983805 0.5693995901639345 0.4219529352226721 0.5660430327868852 0.4338223684210526 0.5805881147540983 0.429957995951417 0.6158319672131147 0.4216771255060729 0.6533135245901639 0.40815131578947367 0.7031024590163933 0.39655819838056683 0.7288360655737706 0.39352176113360327 0.7400245901639344 0.385793016194332 0.7534508196721312
0 0.396834008097166 0.7512131147540984 0.4100835020242915 0.6471598360655738 0.4117398785425101 0.5973709016393443 0.4150521255060729 0.5677213114754098 0.429957995951417 0.5643647540983607 0.4437596153846154 0.5705184426229508 0.45314473684210527 0.5839446721311475 0.4553527327935223 0.6191885245901639 0.4398952429149797 0.6617049180327869 0.4241614372469636 0.7036618852459017 0.4092555668016194 0.7489754098360656 0.4012505060728745 0.7679959016393443
0 0.4286508097165992 0.7704293032786885 0.4313380566801619 0.6432438524590164 0.43106224696356277 0.6147131147540984 0.43768674089068826 0.5951331967213115 0.45424848178137656 0.6012868852459017 0.4661179149797571 0.6135942622950821 0.4710865384615384 0.6359713114754098 0.4708107287449393 0.6689774590163935 0.4553527327935223 0.7215635245901639 0.44817611336032387 0.758485655737705 0.43437449392712546 0.7819815573770492 0.4318901821862348 0.7864569672131148
0 0.47359210526315787 0.44393032786885245 0.47257995951417003 0.5709795081967213 0.4811831983805668 0.5924959016393442 0.49282287449392714 0.5945450819672131 0.4983896761133603 0.5802008196721311 0.49687145748987854 0.4920860655737705 0.48928036437246963 0.42241393442622954 0.48523178137651823 0.4111434426229508 0.47612246963562754 0.41216803278688524
0 0.5144235829959514 0.37192213114754097 0.5075227732793522 0.46143032786885246 0.5042105263157896 0.5067438524590164 0.4989655870445344 0.5526168032786886 0.502002024291498 0.5845040983606558 0.5218765182186235 0.6085594262295081 0.5312616396761133 0.5917766393442623 0.5293294534412956 0.5380717213114754 0.5287773279352227 0.4854856557377049 0.526293016194332 0.4194733606557377 0.5265688259109311 0.3864672131147541 0.5240845141700404 0.366327868852459 0.5152515182186235 0.3730409836065574
0 0.4710253036437247 0.6381024590163935 0.4776497975708502 0.6174036885245902 0.48427479757085024 0.6129282786885245 0.49365991902834006 0.6246762295081967 0.49807641700404853 0.6604795081967214 0.4889671052631579 0.7259323770491803 0.47544180161943317 0.7746024590163934 0.4660566801619433 0.7964200819672131 0.4550151821862348 0.7925040983606558 0.4566715587044535 0.7449528688524589 0.4632960526315789 0.702436475409836 0.46495242914979756 0.6688709016393443 0.4679888663967611 0.6386618852459016
0 0.5012677125506073 0.7291055327868852 0.49602327935222673 0.6720440573770492 0.4974033400809717 0.6267305327868852 0.5150693319838057 0.6205768442622951 0.5225222672064777 0.6244928278688524 0.523626012145749 0.6608555327868852 0.5172773279352226 0.7056096311475409 0.5158972672064778 0.7207141393442623
0 0.5357449392712551 0.3750860655737705 0.5365728744939271 0.4713073770491803 0.5379534412955466 0.5110266393442623 0.534917004048583 0.5557807377049181 0.5307763157894737 0.5921434426229508 0.5420936234817814 0.6128422131147541 0.5597596153846154 0.606688524590164 0.5669367408906882 0.5708852459016394 0.5633481781376518 0.5294877049180328 0.5597596153846154 0.490327868852459 0.5569994939271256 0.4416577868852459 0.5523066801619433 0.4041762295081967 0.5478901821862349 0.3823586065573771 0.5409893724696355 0.37340778688524595
0 0.5215637651821862 0.722938524590164 0.5246002024291497 0.6759467213114755 0.5243238866396761 0.6580450819672131 0.5226680161943319 0.6334303278688524 0.5268081983805668 0.6194446721311475 0.5422661943319839 0.6216823770491803 0.5516513157894737 0.6300737704918032 0.5422661943319839 0.6798627049180328 0.5414382591093118 0.7134282786885247 0.5345374493927126 0.7425184426229507 0.5246002024291497 0.7492315573770492 0.5188036437246963 0.7313299180327869 0.5210116396761134 0.7201413934426228
0 0.550547064777328 0.722938524590164 0.5483385627530365 0.6731495901639345 0.5461305668016194 0.6457377049180328 0.5544114372469636 0.6216823770491803 0.5640723684210526 0.6155286885245901 0.5726295546558705 0.6367868852459017 0.5673851214574899 0.6787438524590164 0.5571715587044535 0.7167848360655737 0.5530313765182187 0.7307704918032787
0 0.5677327935222671 0.5846485655737704 0.5644205465587044 0.5488452868852459 0.5669048582995951 0.5203145491803278 0.568837044534413 0.4794764344262295 0.5682849190283401 0.41738012295081967 0.5727014170040485 0.3916465163934426 0.5796022267206479 0.40115676229508196 0.5870551619433199 0.4811547131147541 0.5964402834008097 0.5303842213114753 0.5997525303643725 0.552201844262295 0.6003046558704453 0.5801731557377049 0.5840187246963563 0.5908022540983607 0.5740814777327935 0.5902428278688524
0 0.604173076923077 0.7784508196721311 0.5881634615384616 0.735375 0.5807105263157895 0.6962151639344262 0.5773982793522268 0.6620901639344263 0.5735339068825912 0.6408319672131148 0.5707732793522267 0.6139795081967213 0.5823669028340082 0.5960778688524591 0.5923036437246963 0.5955184426229508 0.6008608299595142 0.6346782786885247 0.6080374493927125 0.6788729508196721 0.6080374493927125 0.7230676229508197 0.6085895748987855 0.7543954918032787 0.6141103238866397 0.7683811475409836 0.6074853238866397 0.7829262295081967 0.6050015182186235 0.7767725409836066
0 0.6060723684210526 0.38486065573770495 0.5983436234817814 0.4503135245901639 0.5977914979757085 0.5023401639344263 0.5961356275303643 0.5409405737704918 0.6038643724696356 0.5767438524590165 0.6168375506072875 0.5845758196721312 0.628154858299595 0.5756249999999999 0.6320197368421053 0.5347868852459017 0.6300875506072875 0.48555737704918034 0.627879048582996 0.44639754098360657 0.6201503036437247 0.3954897540983606 0.6154574898785425 0.3719938524590164 0.6066244939271256 0.3910143442622951
0 0.6440759109311741 0.6887110655737705 0.6440759109311741 0.6406004098360656 0.6454559716599191 0.5997622950819672 0.6327586032388663 0.5768258196721311 0.6092960526315789 0.5874549180327869 0.6021189271255061 0.6154262295081967 0.6076396761133602 0.6612991803278688 0.6206128542510121 0.704375 0.6247535425101214 0.7552827868852459 0.6346907894736842 0.7860512295081967 0.6429716599190283 0.7748627049180328 0.6432474696356275 0.7066127049180327 0.6418674089068825 0.6870327868852459
0 0.6255465587044534 0.37240881147540983 0.6186457489878542 0.4641547131147541 0.6147813765182186 0.5145030737704918 0.6216821862348177 0.5469497950819672 0.6407287449392712 0.5648514344262294 0.6572904858299595 0.5542223360655738 0.660879048582996 0.5251321721311475 0.6567383603238865 0.47142725409836067 0.6625349190283402 0.39926127049180327 0.6592226720647774 0.3589825819672131 0.6437646761133603 0.34947233606557376 0.6296872469635627 0.35226946721311475 0.6260986842105264 0.3763247950819672
0 0.6534671052631579 0.37219467213114754 0.6559514170040486 0.44995491803278687 0.6603679149797571 0.5025409836065574 0.6600915991902834 0.5310717213114754 0.6678208502024292 0.5417008196721312 0.6854868421052631 0.5277151639344262 0.6882469635627531 0.4919118852459016 0.679413967611336 0.46002459016393443 0.6741695344129556 0.41918647540983606 0.671408906882591 0.36883811475409833 0.6678208502024292 0.3470204918032787 0.6559514170040486 0.35317418032786885 0.6548471659919028 0.37778893442622946
0 0.6821806680161944 0.777626024590164 0.6634104251012145 0.7149702868852459 0.6482287449392713 0.6607059426229509 0.6358071862348178 0.6293780737704918 0.6272505060728745 0.6025256147540984 0.6231098178137653 0.5717571721311475 0.6449164979757085 0.556093237704918 0.6576138663967611 0.5572120901639345 0.6634104251012145 0.5611280737704918 0.6727955465587044 0.5986096311475411 0.6821806680161944 0.6461608606557377 0.6912894736842106 0.686998975409836 0.6943259109311741 0.7334313524590164 0.6954301619433199 0.7586055327868853 0.6816285425101214 0.7787448770491803
0 0.6940501012145749 0.7216834016393443 0.6777641700404858 0.6416854508196721 0.6711391700404858 0.5868616803278689 0.6664468623481781 0.5566526639344263 0.6647904858299595 0.5421075819672131 0.6788684210526316 0.5482612704918032 0.6885293522267207 0.5695194672131147 0.6965344129554656 0.5907776639344263 0.7034352226720648 0.6372100409836066 0.7108876518218623 0.6836424180327869 0.7106118421052632 0.7076977459016394 0.703711032388664 0.7216834016393443 0.697086032388664 0.7211239754098361
0 0.6936624493927125 0.3415040983606557 0.6870126518218623 0.4498401639344262 0.6850804655870446 0.48452459016393445 0.6875647773279352 0.5236844262295082 0.7024706477732794 0.5365512295081967 0.7286933198380566 0.523125 0.7405627530364373 0.5013073770491804 0.7300733805668016 0.46718237704918036 0.722620951417004 0.4375327868852459 0.7179281376518218 0.39837295081967217 0.7044028340080972 0.3536188524590164 0.7010900809716599 0.3373954918032787
0 0.7643016194331984 0.6920717213114754 0.740286943319838 0.6378073770491803 0.7217925101214575 0.5701168032786885 0.714615890688259 0.5410266393442623 0.7126837044534412 0.5320758196721311 0.7253810728744939 0.5180901639344262 0.7353183198380567 0.5141741803278689 0.7466356275303644 0.5069016393442622 0.7568486842105263 0.5136147540983607 0.7629215587044534 0.5449426229508197 0.7667859311740891 0.5896967213114754 0.7800354251012145 0.6243811475409836 0.7902484817813765 0.6551495901639345 0.7883162955465587 0.6859180327868852 0.7745146761133603 0.6982254098360655 0.7643016194331984 0.6971065573770492
0 0.7364225708502025 0.4895594262295082 0.7289696356275304 0.45207786885245904 0.7303496963562753 0.4168340163934426 0.7295217611336032 0.3810307377049181 0.7270374493927125 0.3396331967213115 0.7275890688259109 0.30271106557377053 0.7333861336032389 0.3004733606557377 0.743047064777328 0.33236065573770496 0.7510521255060728 0.3810307377049181 0.7654058704453441 0.4173934426229508 0.7736867408906883 0.4375327868852459 0.7750668016194332 0.4643852459016394 0.767338056680162 0.48564344262295084 0.7466356275303644 0.489 0.7400106275303644 0.4934754098360656
0 0.795492914979757 0.6338913934426229 0.7769989878542509 0.5863401639344262 0.768165991902834 0.551655737704918 0.7596088056680163 0.5270409836065574 0.7576766194331984 0.5041045081967213 0.7618173076923077 0.4850840163934426 0.7739625506072874 0.48452459016393445 0.7861077935222671 0.4722172131147541 0.802117914979757 0.46830122950819675 0.8139873481781377 0.47781147540983604 0.8189559716599191 0.5074610655737705 0.8206118421052632 0.55725 0.829169028340081 0.5980881147540984 0.8255804655870446 0.6232622950819672 0.8087424089068826 0.6355696721311476 0.8029458502024291 0.6350102459016393
0 0.7811396761133603 0.46046926229508195 0.7709261133603238 0.43473565573770495 0.7659574898785425 0.40452663934426225 0.7623694331983806 0.3547377049180328 0.7623694331983806 0.3189344262295082 0.7618173076923077 0.2999139344262295 0.7648537449392713 0.29320081967213113 0.7805875506072875 0.30606762295081963 0.8037742914979757 0.3692827868852459 0.8087424089068826 0.4062049180327869 0.8101229757085021 0.4330573770491803 0.8070865384615385 0.45095901639344266 0.7921806680161942 0.46102868852459017 0.783623987854251 0.46214754098360655 0.7819676113360323 0.4627069672131147