0 0.2859311740890688 0.5327868852459017 0.2823886639676113 0.5502049180327869 0.28441295546558704 0.5819672131147541 0.29200404858299595 0.6055327868852459 0.298582995951417 0.6075819672131147 0.34463562753036436 0.5502049180327869 0.35020242914979755 0.5215163934426229 0.3466599190283401 0.5051229508196722 0.33046558704453444 0.46209016393442626 0.3233805668016194 0.45491803278688525 0.31629554655870445 0.4610655737704918 0.29959514170040485 0.4918032786885246
0 0.3309716599190283 0.32581967213114754 0.3228744939271255 0.4364754098360656 0.33299595141700405 0.4661885245901639 0.34058704453441296 0.4672131147540984 0.35374493927125505 0.45799180327868855 0.35728744939271256 0.44672131147540983 0.35779352226720645 0.33709016393442626 0.34969635627530365 0.32172131147540983 0.3340080971659919 0.3094262295081967
0 0.395748987854251 0.4661885245901639 0.39625506072874495 0.4989754098360656 0.40789473684210525 0.5163934426229508 0.41700404858299595 0.5133196721311475 0.4225708502024291 0.4887295081967213 0.4185222672064777 0.3442622950819672 0.4149797570850202 0.3125 0.4084008097165992 0.31864754098360654 0.40536437246963564 0.33709016393442626
0 0.31781376518218624 0.6372950819672131 0.31629554655870445 0.6434426229508197 0.32388663967611336 0.6813524590163934 0.32945344129554655 0.6936475409836066 0.33704453441295545 0.6885245901639344 0.3775303643724696 0.6065573770491803 0.3881578947368421 0.5584016393442623 0.3866396761133603 0.5471311475409836 0.3658906882591093 0.5174180327868853 0.3567813765182186 0.5153688524590164 0.3491902834008097 0.5317622950819673
0 0.3876518218623482 0.5604508196721312 0.3491902834008097 0.6659836065573771 0.35374493927125505 0.6967213114754098 0.37449392712550605 0.7305327868852459 0.3785425101214575 0.7295081967213115 0.38866396761133604 0.7110655737704918 0.4326923076923077 0.6065573770491803 0.4357287449392713 0.5922131147540983 0.3992914979757085 0.548155737704918 0.39119433198380565 0.5512295081967213
0 0.41953441295546556 0.33709016393442626 0.42054655870445345 0.5112704918032787 0.4240890688259109 0.5256147540983607 0.4326923076923077 0.5297131147540983 0.4519230769230769 0.5174180327868853 0.4534412955465587 0.4969262295081967 0.44888663967611336 0.32991803278688525 0.43016194331983804 0.32581967213114754
0 0.4473684210526316 0.3319672131147541 0.4407894736842105 0.5112704918032787 0.4549595141700405 0.5317622950819673 0.4716599190283401 0.5102459016393442 0.4731781376518219 0.4918032786885246 0.4676113360323887 0.3719262295081967 0.4640688259109312 0.3442622950819672 0.45799595141700405 0.3237704918032787 0.4549595141700405 0.32172131147540983
0 0.39220647773279355 0.7161885245901639 0.3876518218623482 0.7469262295081968 0.3901821862348178 0.7622950819672131 0.3967611336032389 0.7663934426229508 0.40030364372469635 0.764344262295082 0.4433198380566802 0.673155737704918 0.4590080971659919 0.6188524590163934 0.4590080971659919 0.610655737704918 0.4473684210526316 0.5819672131147541 0.4392712550607287 0.5758196721311475 0.43218623481781376 0.5850409836065574
0 0.48026315789473684 0.3442622950819672 0.472165991902834 0.45389344262295084 0.472165991902834 0.47950819672131145 0.4741902834008097 0.5102459016393442 0.4868421052631579 0.5163934426229508 0.49190283400809715 0.5133196721311475 0.4944331983805668 0.5051229508196722 0.4984817813765182 0.3801229508196721 0.49544534412955465 0.36168032786885246 0.48633603238866396 0.3401639344262295
0 0.43876518218623484 0.742827868852459 0.43876518218623484 0.7653688524590164 0.4418016194331984 0.7745901639344263 0.44534412955465585 0.7745901639344263 0.4524291497975709 0.7633196721311475 0.479251012145749 0.6075819672131147 0.48026315789473684 0.5952868852459017 0.4665991902834008 0.5747950819672131 0.4564777327935223 0.5788934426229508 0.4509109311740891 0.6004098360655737 0.44483805668016196 0.6495901639344263
0 0.45445344129554655 0.7397540983606558 0.4549595141700405 0.7868852459016393 0.4665991902834008 0.7991803278688525 0.4893724696356275 0.6885245901639344 0.4939271255060729 0.6547131147540983 0.4939271255060729 0.617827868852459 0.4853238866396761 0.5829918032786885 0.48228744939271256 0.5819672131147541 0.4782388663967611 0.5911885245901639
0 0.4964574898785425 0.4774590163934426 0.4964574898785425 0.5133196721311475 0.49898785425101216 0.5215163934426229 0.5131578947368421 0.5276639344262295 0.5237854251012146 0.5245901639344263 0.5409919028340081 0.3411885245901639 0.5222672064777328 0.32786885245901637 0.5131578947368421 0.32991803278688525 0.5075910931174089 0.33811475409836067 0.5010121457489879 0.38114754098360654
0 0.527834008097166 0.4036885245901639 0.5242914979757085 0.5245901639344263 0.5288461538461539 0.5297131147540983 0.5480769230769231 0.5286885245901639 0.5536437246963563 0.514344262295082 0.5561740890688259 0.4036885245901639 0.5546558704453441 0.35655737704918034 0.5506072874493927 0.3411885245901639 0.5399797570850202 0.33811475409836067 0.5374493927125507 0.3422131147540984
0 0.4964574898785425 0.5717213114754098 0.4939271255060729 0.5829918032786885 0.4979757085020243 0.6629098360655737 0.5015182186234818 0.7008196721311475 0.5045546558704453 0.7008196721311475 0.5080971659919028 0.6967213114754098 0.5096153846153846 0.6875 0.5151821862348178 0.5706967213114754 0.513663967611336 0.5655737704918032 0.5020242914979757 0.5655737704918032
0 0.5101214574898786 0.6301229508196722 0.5091093117408907 0.6936475409836066 0.5141700404858299 0.6997950819672131 0.5217611336032388 0.6885245901639344 0.5369433198380567 0.5799180327868853 0.5318825910931174 0.5604508196721312 0.5172064777327935 0.5594262295081968 0.5131578947368421 0.5645491803278688
0 0.5308704453441295 0.5788934426229508 0.520748987854251 0.6967213114754098 0.5328947368421053 0.7202868852459017 0.5389676113360324 0.6926229508196722 0.548582995951417 0.5911885245901639 0.5460526315789473 0.5563524590163934 0.5359311740890689 0.5563524590163934
0 0.5521255060728745 0.5 0.5516194331983806 0.5225409836065574 0.5541497975708503 0.5276639344262295 0.5668016194331984 0.5327868852459017 0.5743927125506073 0.5245901639344263 0.5774291497975709 0.5030737704918032 0.5824898785425101 0.38831967213114754 0.5814777327935222 0.35450819672131145 0.5784412955465587 0.3422131147540984 0.5637651821862348 0.34938524590163933 0.562246963562753 0.3555327868852459
0 0.5399797570850202 0.6741803278688525 0.5404858299595142 0.6875 0.5460526315789473 0.7038934426229508 0.5526315789473685 0.6926229508196722 0.5668016194331984 0.5952868852459017 0.5647773279352226 0.5788934426229508 0.548582995951417 0.5737704918032787
0 0.5779352226720648 0.44672131147540983 0.5759109311740891 0.49385245901639346 0.5784412955465587 0.5102459016393442 0.5824898785425101 0.5286885245901639 0.5956477732793523 0.5307377049180327 0.604251012145749 0.5133196721311475 0.6310728744939271 0.35450819672131145 0.6295546558704453 0.33299180327868855 0.6118421052631579 0.33094262295081966 0.6007085020242915 0.3463114754098361 0.5915991902834008 0.36885245901639346 0.5845141700404858 0.39959016393442626
0 0.5910931174089069 0.4969262295081967 0.5905870445344129 0.514344262295082 0.5951417004048583 0.5297131147540983 0.6148785425101214 0.5440573770491803 0.6244939271255061 0.5409836065573771 0.6341093117408907 0.5174180327868853 0.6406882591093117 0.3514344262295082 0.6366396761133604 0.3319672131147541 0.6138663967611336 0.32889344262295084 0.603744939271255 0.35040983606557374
0 0.5637651821862348 0.5922131147540983 0.5394736842105263 0.6926229508196722 0.5394736842105263 0.7243852459016393 0.5592105263157895 0.7346311475409836 0.5718623481781376 0.7254098360655737 0.5794534412955465 0.7079918032786885 0.5946356275303644 0.5993852459016393 0.5779352226720648 0.5819672131147541 0.5708502024291497 0.5829918032786885
0 0.5819838056680162 0.5942622950819673 0.5799595141700404 0.5993852459016393 0.5819838056680162 0.6926229508196722 0.5840080971659919 0.7120901639344263 0.5915991902834008 0.7315573770491803 0.603744939271255 0.7141393442622951 0.6169028340080972 0.6383196721311475 0.6174089068825911 0.6147540983606558 0.6158906882591093 0.5993852459016393 0.6123481781376519 0.5932377049180327
0 0.6098178137651822 0.5881147540983607 0.6123481781376519 0.6690573770491803 0.6189271255060729 0.7141393442622951 0.6295546558704453 0.7192622950819673 0.6417004048582996 0.7172131147540983 0.646255060728745 0.7100409836065574 0.6487854251012146 0.6854508196721312 0.652834008097166 0.6270491803278688 0.6513157894736842 0.6045081967213115 0.646255060728745 0.5881147540983607 0.638663967611336 0.576844262295082
0 0.6361336032388664 0.34938524590163933 0.6199392712550608 0.5102459016393442 0.6229757085020243 0.5327868852459017 0.646255060728745 0.5409836065573771 0.6578947368421053 0.5286885245901639 0.6594129554655871 0.5204918032786885 0.6609311740890689 0.3555327868852459 0.6543522267206477 0.33094262295081966 0.6396761133603239 0.3319672131147541
0 0.6604251012145749 0.5840163934426229 0.6604251012145749 0.5983606557377049 0.667004048582996 0.6147540983606558 0.7231781376518218 0.7008196721311475 0.736336032388664 0.7079918032786885 0.757085020242915 0.6752049180327869 0.7555668016194332 0.6577868852459017 0.701417004048583 0.548155737704918 0.6847165991902834 0.5440573770491803
0 0.6508097165991903 0.4733606557377049 0.6497975708502024 0.5133196721311475 0.6543522267206477 0.5266393442622951 0.6690283400809717 0.5368852459016393 0.6933198380566802 0.5327868852459017 0.6958502024291497 0.5276639344262295 0.6978744939271255 0.5061475409836066 0.6847165991902834 0.3719262295081967 0.6781376518218624 0.36065573770491804 0.6619433198380567 0.36065573770491804 0.6604251012145749 0.36475409836065575 0.6558704453441295 0.38831967213114754
0 0.6816801619433198 0.4354508196721312 0.680668016194332 0.44774590163934425 0.6831983805668016 0.45799180327868855 0.7105263157894737 0.4887295081967213 0.7201417004048583 0.48975409836065575 0.770242914979757 0.3801229508196721 0.7545546558704453 0.36065573770491804 0.7348178137651822 0.36885245901639346 0.6902834008097166 0.41598360655737704
0 0.7155870445344129 0.4969262295081967 0.7181174089068826 0.5235655737704918 0.7601214574898786 0.639344262295082 0.7672064777327935 0.6424180327868853 0.7909919028340081 0.6116803278688525 0.7732793522267206 0.4887295081967213 0.7677125506072875 0.4733606557377049 0.742914979757085 0.4682377049180328