0 0.249417004048583 0.6403186475409837 0.26061285425101216 0.6054098360655737 0.27783704453441294 0.5716649590163935 0.28874595141700404 0.5513022540983606 0.29965485829959515 0.5594477459016393 0.31314726720647773 0.5879559426229508 0.32635222672064773 0.602501024590164 0.3180273279352227 0.6327551229508196 0.2930521255060729 0.6548637295081968 0.27927226720647774 0.6600993852459016 0.2677894736842105 0.6560266393442623 0.2603259109311741 0.6484631147540983
0 0.2990804655870445 0.4058514344262295 0.2832914979757085 0.45414139344262294 0.2758274291497976 0.4925399590163934 0.27869838056680163 0.5210481557377049 0.3065445344129554 0.5332663934426229 0.31831427125506073 0.5245389344262295 0.32089827935222676 0.4913770491803279 0.3229073886639676 0.4407592213114754 0.3211852226720648 0.39421516393442624 0.30482186234817815 0.377343237704918 0.3005156882591093 0.394797131147541
0 0.34070597165991906 0.4838135245901639 0.3231948380566802 0.496030737704918 0.3099893724696356 0.5053401639344263 0.31486943319838057 0.5414118852459017 0.3366872469635627 0.5402479508196721 0.3470217611336033 0.5297756147540984 0.35362449392712547 0.5030122950819672 0.3533375506072875 0.4873043032786885 0.340419028340081 0.4826495901639344
0 0.3610880566801619 0.4942858606557377 0.3498922064777328 0.5111577868852459 0.35046659919028345 0.5443206967213114 0.3702747975708502 0.5559569672131148 0.3857763157894737 0.5431567622950819 0.38462803643724697 0.5117397540983607 0.3722839068825911 0.4919579918032787
0 0.41821558704453443 0.4715952868852459 0.41735475708502023 0.5216301229508197 0.41419686234817815 0.5466475409836066 0.43055971659919023 0.5600297131147541 0.44376518218623484 0.5501383196721311 0.447210020242915 0.5227940573770492 0.4457747975708502 0.4820676229508197 0.4351533400809717 0.45937704918032785 0.42367004048582996 0.46635860655737704
0 0.40536437246963564 0.6137295081967213 0.4104251012145749 0.7418032786885246 0.41194331983805665 0.7520491803278688 0.4159919028340081 0.7530737704918032 0.4230769230769231 0.7469262295081968 0.4311740890688259 0.7172131147540983 0.4392712550607287 0.6147540983606558 0.4347165991902834 0.5993852459016393 0.42105263157894735 0.5963114754098361 0.40941295546558704 0.6024590163934426
0 0.44281376518218624 0.41598360655737704 0.44129554655870445 0.5758196721311475 0.4473684210526316 0.5973360655737705 0.4559716599190283 0.6014344262295082 0.46356275303643724 0.5963114754098361 0.4691295546558704 0.5829918032786885 0.4645748987854251 0.4395491803278688 0.45445344129554655 0.4149590163934426
0 0.43218623481781376 0.625 0.43016194331983804 0.7663934426229508 0.43370445344129555 0.7735655737704918 0.4392712550607287 0.7756147540983607 0.44483805668016196 0.7663934426229508 0.4564777327935223 0.7243852459016393 0.4605263157894737 0.6967213114754098 0.46558704453441296 0.6229508196721312 0.4625506072874494 0.6075819672131147 0.45799595141700405 0.6034836065573771 0.4357287449392713 0.6086065573770492
0 0.4590080971659919 0.7120901639344263 0.4574898785425101 0.7704918032786885 0.46153846153846156 0.7858606557377049 0.4665991902834008 0.7909836065573771 0.4797570850202429 0.7776639344262295 0.48633603238866396 0.7325819672131147 0.4888663967611336 0.6885245901639344 0.4888663967611336 0.6413934426229508 0.48633603238866396 0.6260245901639344 0.4782388663967611 0.617827868852459 0.47115384615384615 0.617827868852459 0.46558704453441296 0.6239754098360656 0.4610323886639676 0.6526639344262295
0 0.4701417004048583 0.5594262295081968 0.4691295546558704 0.5901639344262295 0.4716599190283401 0.6004098360655737 0.48228744939271256 0.6055327868852459 0.4939271255060729 0.5983606557377049 0.4939271255060729 0.4344262295081967 0.48228744939271256 0.4293032786885246
0 0.5075910931174089 0.3637295081967213 0.4964574898785425 0.5850409836065574 0.5015182186234818 0.5942622950819673 0.5247975708502024 0.5922131147540983 0.5273279352226721 0.492827868852459 0.5151821862348178 0.36065573770491804 0.5096153846153846 0.35758196721311475
0 0.4888663967611336 0.6301229508196722 0.4873481781376518 0.7397540983606558 0.4898785425101215 0.75 0.49949392712550605 0.75 0.5055668016194332 0.7397540983606558 0.5091093117408907 0.7233606557377049 0.5121457489878543 0.6260245901639344 0.4974696356275304 0.6229508196721312 0.4908906882591093 0.625
0 0.507085020242915 0.5993852459016393 0.5050607287449392 0.6034836065573771 0.5050607287449392 0.6188524590163934 0.5121457489878543 0.7223360655737705 0.513663967611336 0.7274590163934426 0.5217611336032388 0.7264344262295082 0.5298582995951417 0.7110655737704918 0.5293132591093117 0.6231045081967213 0.5273036437246964 0.6009959016393442
0 0.5273036437246964 0.5992500000000001 0.5307484817813766 0.6271772540983607 0.5321842105263158 0.6702305327868853 0.5404858299595142 0.7315573770491803 0.5455465587044535 0.7336065573770492 0.5506072874493927 0.7172131147540983 0.5480769230769231 0.6065573770491803 0.5374493927125507 0.5952868852459017
0 0.5501012145748988 0.610655737704918 0.5526315789473685 0.7202868852459017 0.5566801619433198 0.7305327868852459 0.5642712550607287 0.7366803278688525 0.5683198380566802 0.7336065573770492 0.5718623481781376 0.7090163934426229 0.5733805668016194 0.6147540983606558 0.5713562753036437 0.6096311475409836 0.5612348178137652 0.6055327868852459
0 0.534919028340081 0.4805327868852459 0.5308704453441295 0.5870901639344263 0.5328947368421053 0.5922131147540983 0.5561740890688259 0.5963114754098361 0.5602226720647774 0.5860655737704918 0.5602226720647774 0.5625 0.5566801619433198 0.4375 0.5521255060728745 0.41598360655737704 0.5465587044534413 0.41598360655737704 0.5399797570850202 0.4364754098360656
0 0.562246963562753 0.5665983606557377 0.5617408906882592 0.5870901639344263 0.5662955465587044 0.6014344262295082 0.5779352226720648 0.6045081967213115 0.5870445344129555 0.5973360655737705 0.5885627530364372 0.576844262295082 0.5855263157894737 0.5020491803278688 0.5799595141700404 0.41188524590163933 0.576417004048583 0.4077868852459016 0.5713562753036437 0.41700819672131145 0.5683198380566802 0.43135245901639346
0 0.5926113360323887 0.44672131147540983 0.5895748987854251 0.5778688524590164 0.5941295546558705 0.5983606557377049 0.6007085020242915 0.6014344262295082 0.6158906882591093 0.5840163934426229 0.6169028340080972 0.5655737704918032 0.6072874493927125 0.42315573770491804 0.6002024291497976 0.4077868852459016 0.5946356275303644 0.4098360655737705
0 0.5748987854251012 0.6168032786885246 0.5743927125506073 0.6383196721311475 0.5814777327935222 0.7079918032786885 0.5915991902834008 0.7622950819672131 0.5991902834008097 0.7766393442622951 0.6052631578947368 0.7704918032786885 0.6067813765182186 0.7592213114754098 0.6012145748987854 0.6219262295081968 0.5915991902834008 0.6055327868852459 0.5809716599190283 0.6075819672131147
0 0.6032388663967612 0.6004098360655737 0.6077935222672065 0.6885245901639344 0.6143724696356275 0.7479508196721312 0.6270242914979757 0.75 0.631578947368421 0.7438524590163934 0.6325910931174089 0.6034836065573771 0.6300607287449392 0.5952868852459017 0.6204453441295547 0.5870901639344263 0.6077935222672065 0.5922131147540983
0 0.6330971659919028 0.5932377049180327 0.6336032388663968 0.632172131147541 0.6406882591093117 0.7161885245901639 0.6503036437246964 0.7418032786885246 0.6578947368421053 0.7479508196721312 0.6614372469635628 0.7284836065573771 0.6639676113360324 0.6065573770491803 0.6594129554655871 0.5942622950819673 0.646255060728745 0.5860655737704918
0 0.6953441295546559 0.4805327868852459 0.694838056680162 0.5215163934426229 0.6998987854251012 0.5922131147540983 0.708502024291498 0.6147540983606558 0.7171052631578947 0.6168032786885246 0.7338056680161943 0.5993852459016393 0.7373481781376519 0.5881147540983607 0.7373481781376519 0.5625 0.729251012145749 0.5051229508196722 0.7130566801619433 0.45081967213114754 0.7009109311740891 0.45286885245901637
0 0.7358299595141701 0.4723360655737705 0.7348178137651822 0.548155737704918 0.7393724696356275 0.5665983606557377 0.7474696356275303 0.5676229508196722 0.7758097165991903 0.5502049180327869 0.7773279352226721 0.5225409836065574 0.7672064777327935 0.45491803278688525 0.7601214574898786 0.4354508196721312 0.7479757085020243 0.42315573770491804 0.742914979757085 0.4262295081967213 0.7383603238866396 0.4415983606557377