0 0.24848178137651822 0.4774590163934426 0.24949392712550608 0.4887295081967213 0.2611336032388664 0.5245901639344263 0.26366396761133604 0.5286885245901639 0.2727732793522267 0.5286885245901639 0.2839068825910931 0.514344262295082 0.29200404858299595 0.46209016393442626 0.3049483805668016 0.3654426229508197 0.26720647773279355 0.444672131147541 0.2555668016194332 0.45491803278688525
0 0.23228744939271256 0.6342213114754098 0.22823886639676114 0.6690573770491803 0.23279352226720648 0.694672131147541 0.2403846153846154 0.7049180327868853 0.24898785425101214 0.7059426229508197 0.2793522267206478 0.6557377049180327 0.2859311740890688 0.6352459016393442 0.28643724696356276 0.6260245901639344 0.2813765182186235 0.6065573770491803 0.2667004048582996 0.5819672131147541 0.25 0.569672131147541 0.23987854251012145 0.5840163934426229
0 0.2854251012145749 0.5051229508196722 0.2834008097165992 0.5225409836065574 0.2874493927125506 0.5440573770491803 0.3097165991902834 0.5676229508196722 0.3223684210526316 0.5563524590163934 0.3269230769230769 0.5379098360655737 0.33046558704453444 0.4426229508196721 0.32945344129554655 0.41188524590163933 0.3259109311740891 0.39036885245901637 0.32135627530364375 0.38729508196721313 0.3102226720647773 0.4016393442622951 0.298582995951417 0.4426229508196721
0 0.26619433198380565 0.6967213114754098 0.2646761133603239 0.7418032786885246 0.27884615384615385 0.7592213114754098 0.2899797570850202 0.7510245901639344 0.30313765182186236 0.7295081967213115 0.3117408906882591 0.7079918032786885 0.3350202429149798 0.6280737704918032 0.3375506072874494 0.5983606557377049 0.3107287449392713 0.5727459016393442 0.2935222672064777 0.5717213114754098 0.2874493927125506 0.5881147540983607
0 0.32894736842105265 0.5286885245901639 0.3259109311740891 0.5625 0.33046558704453444 0.5829918032786885 0.35374493927125505 0.5983606557377049 0.36133603238866396 0.5922131147540983 0.36791497975708504 0.5799180327868853 0.37196356275303644 0.5317622950819673 0.3648785425101215 0.47848360655737704 0.3491902834008097 0.430327868852459 0.3441295546558704 0.44364754098360654
0 0.30465587044534415 0.7622950819672131 0.305668016194332 0.7745901639344263 0.33299595141700405 0.7920081967213115 0.3375506072874494 0.7889344262295082 0.34969635627530365 0.7653688524590164 0.38360323886639675 0.6690573770491803 0.3856275303643725 0.6342213114754098 0.35779352226720645 0.6065573770491803 0.3415991902834008 0.6075819672131147
0 0.375 0.45081967213114754 0.36791497975708504 0.5891393442622951 0.37601214574898784 0.6086065573770492 0.3815789473684211 0.6116803278688525 0.39979757085020245 0.5881147540983607 0.40131578947368424 0.5676229508196722 0.39220647773279355 0.4364754098360656 0.38866396761133604 0.42725409836065575 0.3790485829959514 0.42725409836065575
0 0.4068825910931174 0.44364754098360654 0.39878542510121456 0.5963114754098361 0.3992914979757085 0.6034836065573771 0.40789473684210525 0.6157786885245902 0.4316801619433198 0.5963114754098361 0.4342105263157895 0.5604508196721312 0.4276315789473684 0.4415983606557377 0.41953441295546556 0.4334016393442623 0.4084008097165992 0.4375
0 0.3851214574898785 0.6608606557377049 0.3765182186234818 0.7879098360655737 0.3770242914979757 0.8217213114754098 0.37955465587044535 0.826844262295082 0.3851214574898785 0.8258196721311475 0.39271255060728744 0.8012295081967213 0.4139676113360324 0.6793032786885246 0.4175101214574899 0.6454918032786885 0.4058704453441296 0.632172131147541 0.3881578947368421 0.6342213114754098
0 0.41548582995951416 0.6618852459016393 0.4124493927125506 0.8217213114754098 0.4200404858299595 0.8370901639344263 0.4276315789473684 0.8299180327868853 0.4311740890688259 0.8186475409836066 0.4498987854251012 0.6567622950819673 0.43775303643724695 0.639344262295082 0.43218623481781376 0.6383196721311475 0.42206477732793524 0.6424180327868853
0 0.4549595141700405 0.4047131147540984 0.4569838056680162 0.5881147540983607 0.46305668016194335 0.6096311475409836 0.479251012145749 0.6127049180327869 0.4873481781376518 0.6024590163934426 0.48431174089068824 0.4989754098360656 0.4706477732793522 0.4108606557377049 0.4665991902834008 0.39959016393442626
0 0.4291497975708502 0.4375 0.42864372469635625 0.5174180327868853 0.4316801619433198 0.6034836065573771 0.4352226720647773 0.6147540983606558 0.4402834008097166 0.6168032786885246 0.45040485829959515 0.6034836065573771 0.4559716599190283 0.5891393442622951 0.45445344129554655 0.4774590163934426 0.45040485829959515 0.42315573770491804 0.444331983805668 0.4026639344262295 0.4407894736842105 0.3985655737704918 0.43775303643724695 0.4016393442622951
0 0.44635627530364375 0.6875 0.44534412955465585 0.8063524590163934 0.4549595141700405 0.8114754098360656 0.46710526315789475 0.7704918032786885 0.47368421052631576 0.6905737704918032 0.4731781376518219 0.673155737704918 0.46305668016194335 0.6424180327868853 0.45394736842105265 0.6434426229508197 0.4498987854251012 0.6495901639344263
0 0.49139676113360325 0.4077868852459016 0.4888663967611336 0.4180327868852459 0.4888663967611336 0.5860655737704918 0.4898785425101215 0.5993852459016393 0.49696356275303644 0.6168032786885246 0.506578947368421 0.6209016393442623 0.5161943319838057 0.6147540983606558 0.5192307692307693 0.6065573770491803 0.5187246963562753 0.555327868852459 0.5101214574898786 0.42008196721311475 0.507085020242915 0.4036885245901639 0.5025303643724697 0.3975409836065574
0 0.47469635627530365 0.6424180327868853 0.4797570850202429 0.7438524590163934 0.4848178137651822 0.7663934426229508 0.49038461538461536 0.7776639344262295 0.4959514170040486 0.7684426229508197 0.4979757085020243 0.7561475409836066 0.49949392712550605 0.6444672131147541 0.49038461538461536 0.6372950819672131 0.4772267206477733 0.6383196721311475
0 0.5010121457489879 0.6413934426229508 0.5005060728744939 0.6649590163934426 0.5060728744939271 0.7418032786885246 0.5091093117408907 0.7602459016393442 0.5141700404858299 0.7663934426229508 0.5197368421052632 0.7510245901639344 0.5222672064777328 0.6413934426229508 0.521255060728745 0.6372950819672131
0 0.5242914979757085 0.6403688524590164 0.5237854251012146 0.6618852459016393 0.5313765182186235 0.735655737704918 0.5328947368421053 0.7469262295081968 0.5374493927125507 0.7520491803278688 0.5445344129554656 0.7469262295081968 0.5460526315789473 0.7315573770491803 0.5455465587044535 0.6413934426229508 0.5369433198380567 0.6311475409836066
0 0.5227732793522267 0.5092213114754098 0.5227732793522267 0.610655737704918 0.5379554655870445 0.6157786885245902 0.548582995951417 0.6055327868852459 0.5521255060728745 0.5891393442622951 0.555668016194332 0.42725409836065575 0.5526315789473685 0.4077868852459016 0.5318825910931174 0.4036885245901639 0.5263157894736842 0.44672131147540983
0 0.5566801619433198 0.4887295081967213 0.5546558704453441 0.5963114754098361 0.5571862348178138 0.6024590163934426 0.5662955465587044 0.6075819672131147 0.5794534412955465 0.6024590163934426 0.5845141700404858 0.5778688524590164 0.582995951417004 0.41905737704918034 0.5799595141700404 0.4036885245901639 0.5642712550607287 0.41905737704918034
0 0.5470647773279352 0.6403688524590164 0.5546558704453441 0.7295081967213115 0.5652834008097166 0.7663934426229508 0.5728744939271255 0.7663934426229508 0.5759109311740891 0.7622950819672131 0.5769230769230769 0.7448770491803278 0.5738866396761133 0.6454918032786885 0.5612348178137652 0.6362704918032787
0 0.5769230769230769 0.6454918032786885 0.576417004048583 0.6608606557377049 0.5870445344129555 0.7797131147540983 0.59665991902834 0.8104508196721312 0.6072874493927125 0.8135245901639344 0.6103238866396761 0.8063524590163934 0.604251012145749 0.6383196721311475 0.5996963562753036 0.6311475409836066 0.5875506072874493 0.6290983606557377
0 0.5885627530364372 0.4405737704918033 0.5860323886639676 0.5758196721311475 0.597165991902834 0.5983606557377049 0.611336032388664 0.5983606557377049 0.6148785425101214 0.5911885245901639 0.6118421052631579 0.4067622950819672 0.6077935222672065 0.39959016393442626 0.5951417004048583 0.39959016393442626 0.5910931174089069 0.4077868852459016
0 0.6158906882591093 0.5286885245901639 0.611336032388664 0.5502049180327869 0.6148785425101214 0.5809426229508197 0.6224696356275303 0.5911885245901639 0.6346153846153846 0.5973360655737705 0.6437246963562753 0.5911885245901639 0.645242914979757 0.5430327868852459 0.6417004048582996 0.5184426229508197 0.638663967611336 0.5122950819672131 0.6274256072874493 0.3907838114754098 0.6145561740890688 0.4084825819672131
0 0.604757085020243 0.6424180327868853 0.6032388663967612 0.6577868852459017 0.6174089068825911 0.7674180327868853 0.6244939271255061 0.8094262295081968 0.6346153846153846 0.819672131147541 0.6371457489878543 0.8104508196721312 0.6391700404858299 0.6465163934426229 0.6305668016194332 0.6331967213114754 0.6194331983805668 0.6290983606557377
0 0.6401821862348178 0.6465163934426229 0.6406882591093117 0.6793032786885246 0.6604251012145749 0.7786885245901639 0.673582995951417 0.8186475409836066 0.6811740890688259 0.8176229508196722 0.6831983805668016 0.7827868852459017 0.673582995951417 0.6454918032786885 0.6700404858299596 0.6362704918032787 0.6553643724696356 0.6260245901639344 0.6487854251012146 0.6260245901639344 0.6432186234817814 0.6342213114754098
0 0.6523279352226721 0.4334016393442623 0.6442307692307693 0.5676229508196722 0.6467611336032388 0.5829918032786885 0.6659919028340081 0.6004098360655737 0.6740890688259109 0.5911885245901639 0.6730769230769231 0.4692622950819672 0.6675101214574899 0.4262295081967213 0.6619433198380567 0.42008196721311475 0.6573886639676113 0.42110655737704916
0 0.6751012145748988 0.548155737704918 0.6751012145748988 0.5850409836065574 0.6811740890688259 0.6004098360655737 0.6958502024291497 0.6034836065573771 0.7125506072874493 0.5983606557377049 0.7211538461538461 0.5758196721311475 0.7211538461538461 0.555327868852459 0.7115384615384616 0.4487704918032787 0.7054655870445344 0.430327868852459 0.6973684210526315 0.42827868852459017 0.6918016194331984 0.4344262295081967 0.6831983805668016 0.47438524590163933
0 0.715080971659919 0.4354508196721312 0.7145748987854251 0.5153688524590164 0.7196356275303644 0.5440573770491803 0.7246963562753036 0.5522540983606558 0.736336032388664 0.5563524590163934 0.7530364372469636 0.5389344262295082 0.7596153846153846 0.5256147540983607 0.7606275303643725 0.5163934426229508 0.7560728744939271 0.48463114754098363 0.7408906882591093 0.444672131147541 0.7262424089068826 0.36470184426229507
0 0.7465931174089069 0.3661875 0.7575910931174089 0.48565573770491804 0.7621457489878543 0.5092213114754098 0.7753036437246964 0.5235655737704918 0.7818825910931174 0.5215163934426229 0.7869433198380567 0.5112704918032787 0.7970647773279352 0.47540983606557374 0.7950404858299596 0.45901639344262296 0.7798582995951417 0.4364754098360656
0 0.7064777327935222 0.6342213114754098 0.7069838056680162 0.6465163934426229 0.7135627530364372 0.6598360655737705 0.7206477732793523 0.6680327868852459 0.736336032388664 0.6752049180327869 0.7815242914979756 0.7316536885245902 0.7967505060728745 0.720156762295082 0.8012287449392713 0.691718237704918 0.7459514170040485 0.5788934426229508 0.7408906882591093 0.5737704918032787 0.7282388663967612 0.5758196721311475 0.7241902834008097 0.5799180327868853
0 0.7515182186234818 0.5737704918032787 0.7515182186234818 0.5870901639344263 0.7575910931174089 0.610655737704918 0.7925101214574899 0.6741803278688525 0.8162955465587044 0.6987704918032787 0.8223684210526315 0.6967213114754098 0.8274291497975709 0.6844262295081968 0.8284412955465587 0.6659836065573771 0.8021255060728745 0.5543032786885246 0.7975708502024291 0.5430327868852459 0.7945344129554656 0.5389344262295082 0.771255060728745 0.5440573770491803 0.7555668016194332 0.5604508196721312