0 0.2980769230769231 0.3452868852459016 0.30771912955465586 0.43206967213114755 0.3006072874493927 0.48975409836065575 0.32135627530364375 0.514344262295082 0.3309716599190283 0.5133196721311475 0.3375506072874494 0.4979508196721312 0.3395748987854251 0.48155737704918034 0.3410931174089069 0.40061475409836067 0.32540485829959515 0.3391393442622951 0.31224696356275305 0.33094262295081966
0 0.305668016194332 0.5983606557377049 0.283209008097166 0.6570727459016393 0.3075156882591093 0.6848381147540984 0.34969635627530365 0.617827868852459 0.35880566801619435 0.5952868852459017 0.3547570850202429 0.5717213114754098 0.3340080971659919 0.5461065573770492 0.3183198380566802 0.5440573770491803 0.31275303643724695 0.555327868852459
0 0.3026315789473684 0.6885245901639344 0.3021255060728745 0.6967213114754098 0.305668016194332 0.7079918032786885 0.3142712550607287 0.7223360655737705 0.32540485829959515 0.7295081967213115 0.34058704453441296 0.7254098360655737 0.3507085020242915 0.7202868852459017 0.3881578947368421 0.6813524590163934 0.3967611336032389 0.6629098360655737 0.3977732793522267 0.6526639344262295 0.3729757085020243 0.5983606557377049 0.3638663967611336 0.5952868852459017 0.305668016194332 0.6772540983606558
0 0.3426113360323887 0.4026639344262295 0.3355263157894737 0.5092213114754098 0.33653846153846156 0.5286885245901639 0.3431174089068826 0.5399590163934426 0.36133603238866396 0.5471311475409836 0.3694331983805668 0.5389344262295082 0.3734817813765182 0.5102459016393442 0.36538461538461536 0.4385245901639344 0.35728744939271256 0.39139344262295084 0.3491902834008097 0.38831967213114754 0.3451417004048583 0.39241803278688525
0 0.37449392712550605 0.48565573770491804 0.3729757085020243 0.5420081967213115 0.3800607287449393 0.5717213114754098 0.4043522267206478 0.5706967213114754 0.416497975708502 0.5512295081967213 0.4180161943319838 0.5286885245901639 0.40030364372469635 0.43135245901639346 0.3917004048582996 0.4293032786885246 0.38461538461538464 0.4354508196721312 0.3785425101214575 0.45081967213114754
0 0.4149797570850202 0.4354508196721312 0.4144736842105263 0.5635245901639344 0.423582995951417 0.5778688524590164 0.4276315789473684 0.5788934426229508 0.4433198380566802 0.5604508196721312 0.4458502024291498 0.5450819672131147 0.43724696356275305 0.4354508196721312 0.4352226720647773 0.42315573770491804 0.42864372469635625 0.41290983606557374 0.4200404858299595 0.4139344262295082
0 0.4407894736842105 0.4036885245901639 0.4397773279352227 0.47540983606557374 0.44281376518218624 0.5737704918032787 0.4549595141700405 0.5952868852459017 0.4625506072874494 0.5860655737704918 0.46963562753036436 0.5686475409836066 0.4645748987854251 0.4395491803278688 0.4610323886639676 0.4036885245901639 0.4524291497975709 0.3760245901639344 0.44686234817813764 0.3719262295081967 0.4433198380566802 0.375
0 0.4073886639676113 0.625 0.4058704453441296 0.7838114754098361 0.4073886639676113 0.798155737704918 0.41548582995951416 0.805327868852459 0.4352226720647773 0.7745901639344263 0.4407894736842105 0.625 0.4316801619433198 0.6137295081967213 0.41194331983805665 0.617827868852459
0 0.4331983805668016 0.6567622950819673 0.4316801619433198 0.7295081967213115 0.43724696356275305 0.8002049180327869 0.44281376518218624 0.8125 0.451417004048583 0.8135245901639344 0.4574898785425101 0.798155737704918 0.4645748987854251 0.6413934426229508 0.4625506072874494 0.6301229508196722 0.4483805668016194 0.6219262295081968 0.4397773279352227 0.6229508196721312 0.4352226720647773 0.6331967213114754
0 0.46153846153846156 0.6567622950819673 0.46204453441295545 0.7909836065573771 0.4706477732793522 0.8145491803278688 0.4807692307692308 0.8145491803278688 0.48582995951417 0.8022540983606558 0.48785425101214575 0.7715163934426229 0.4893724696356275 0.7161885245901639 0.4873481781376518 0.6557377049180327 0.4832995951417004 0.6372950819672131 0.4782388663967611 0.6290983606557377 0.4681174089068826 0.6260245901639344 0.4625506072874494 0.6352459016393442
0 0.4741902834008097 0.4672131147540984 0.4701417004048583 0.5840163934426229 0.47469635627530365 0.5942622950819673 0.48633603238866396 0.5993852459016393 0.4939271255060729 0.5911885245901639 0.4949392712550607 0.5840163934426229 0.49898785425101216 0.41700819672131145 0.4984817813765182 0.4067622950819672 0.4868421052631579 0.3862704918032787 0.4812753036437247 0.39549180327868855
0 0.4979757085020243 0.45184426229508196 0.49544534412955465 0.5901639344262295 0.5010121457489879 0.6014344262295082 0.5086032388663968 0.6075819672131147 0.5253036437246964 0.6034836065573771 0.5344129554655871 0.5911885245901639 0.5267155870445344 0.5486987704918033 0.5187606275303643 0.43047131147540985 0.5174347165991903 0.37673155737704916 0.5161943319838057 0.3401639344262295 0.5091093117408907 0.3452868852459016 0.5045546558704453 0.35860655737704916
0 0.4888663967611336 0.6311475409836066 0.48785425101214575 0.6444672131147541 0.4979757085020243 0.7581967213114754 0.5040485829959515 0.7827868852459017 0.5141700404858299 0.7909836065573771 0.5167004048582996 0.7827868852459017 0.5167004048582996 0.7069672131147541 0.5111336032388664 0.6342213114754098 0.49898785425101216 0.6260245901639344
0 0.5126518218623481 0.6280737704918032 0.5121457489878543 0.6577868852459017 0.5172064777327935 0.7161885245901639 0.520748987854251 0.7305327868852459 0.5288461538461539 0.7295081967213115 0.5334008097165992 0.6659836065573771 0.5318825910931174 0.6301229508196722 0.5263157894736842 0.6239754098360656
0 0.5337864372469635 0.6794641393442623 0.5354251012145749 0.7766393442622951 0.541497975708502 0.7889344262295082 0.5480769230769231 0.7715163934426229 0.5566801619433198 0.6536885245901639 0.5566801619433198 0.6280737704918032 0.5526315789473685 0.6127049180327869 0.530251012145749 0.6122899590163935
0 0.5196447368421052 0.35971413934426233 0.5247975708502024 0.48565573770491804 0.527834008097166 0.5922131147540983 0.5328947368421053 0.5993852459016393 0.5536437246963563 0.5993852459016393 0.5632591093117408 0.5829918032786885 0.5637651821862348 0.5737704918032787 0.5445344129554656 0.4364754098360656 0.5267155870445344 0.3310532786885246
0 0.7201417004048583 0.5655737704918032 0.7206477732793523 0.5891393442622951 0.7393724696356275 0.6260245901639344 0.7728755060728745 0.7078729508196722 0.7962980769230769 0.6711506147540983 0.771255060728745 0.5584016393442623 0.7616396761133604 0.5409836065573771 0.7515182186234818 0.5409836065573771 0.7236842105263158 0.5584016393442623
0 0.673582995951417 0.625 0.673582995951417 0.6403688524590164 0.6776315789473685 0.6506147540983607 0.6887651821862348 0.6659836065573771 0.7034412955465587 0.6772540983606558 0.7538724696356276 0.7463862704918033 0.7618274291497976 0.6845860655737704 0.7165991902834008 0.5840163934426229 0.7069838056680162 0.5799180327868853 0.6978744939271255 0.5870901639344263
0 0.6305668016194332 0.6301229508196722 0.6305668016194332 0.6403688524590164 0.6351214574898786 0.6567622950819673 0.6721077935222672 0.8108053278688525 0.6924367408906883 0.7973698770491803 0.6680161943319838 0.6260245901639344 0.6644736842105263 0.6147540983606558 0.638663967611336 0.6127049180327869
0 0.6082995951417004 0.6260245901639344 0.6148785425101214 0.7930327868852459 0.6229757085020243 0.8165983606557377 0.6346153846153846 0.8125 0.6366396761133604 0.8073770491803278 0.6376518218623481 0.6413934426229508 0.6351214574898786 0.6260245901639344 0.6255060728744939 0.6147540983606558
0 0.5784412955465587 0.6885245901639344 0.5754048582995951 0.7674180327868853 0.5799595141700404 0.805327868852459 0.5845141700404858 0.8073770491803278 0.5926113360323887 0.8002049180327869 0.6002024291497976 0.7848360655737705 0.6067813765182186 0.7438524590163934 0.6088056680161943 0.6526639344262295 0.6052631578947368 0.6260245901639344 0.5951417004048583 0.6229508196721312 0.5865384615384616 0.6342213114754098 0.5814777327935222 0.6547131147540983
0 0.5541497975708503 0.6813524590163934 0.5516194331983806 0.7704918032786885 0.5526315789473685 0.7745901639344263 0.562246963562753 0.7766393442622951 0.5683198380566802 0.7674180327868853 0.5743927125506073 0.7254098360655737 0.5804655870445344 0.6331967213114754 0.5718623481781376 0.6239754098360656 0.5592105263157895 0.6301229508196722
0 0.5511133603238867 0.39651639344262296 0.5536437246963563 0.48770491803278687 0.562246963562753 0.5727459016393442 0.5683198380566802 0.5881147540983607 0.5769230769230769 0.5891393442622951 0.5819838056680162 0.5829918032786885 0.5840080971659919 0.5706967213114754 0.582995951417004 0.4764344262295082 0.5748987854251012 0.36065573770491804 0.5688259109311741 0.35040983606557374 0.5612348178137652 0.3473360655737705 0.555161943319838 0.36065573770491804
0 0.5814777327935222 0.35758196721311475 0.5799595141700404 0.42725409836065575 0.5824898785425101 0.555327868852459 0.5941295546558705 0.5799180327868853 0.604251012145749 0.5870901639344263 0.6138663967611336 0.5676229508196722 0.6163967611336032 0.4702868852459016 0.6118421052631579 0.3719262295081967 0.6082995951417004 0.36065573770491804 0.5996963562753036 0.3524590163934426 0.583502024291498 0.3524590163934426
0 0.6133603238866396 0.38114754098360654 0.604757085020243 0.5450819672131147 0.6103238866396761 0.5584016393442623 0.6270242914979757 0.569672131147541 0.6422064777327935 0.5625 0.6442307692307693 0.5573770491803278 0.6548582995951417 0.43135245901639346 0.6568825910931174 0.3719262295081967 0.638663967611336 0.36270491803278687 0.617914979757085 0.36270491803278687 0.6143724696356275 0.367827868852459
0 0.6356275303643725 0.5256147540983607 0.6371457489878543 0.548155737704918 0.65334008097166 0.5676229508196722 0.680161943319838 0.5717213114754098 0.6882591093117408 0.5594262295081968 0.6923076923076923 0.41598360655737704 0.6912955465587044 0.39959016393442626 0.6837044534412956 0.3729508196721312 0.6690283400809717 0.36885245901639346 0.6614372469635628 0.3709016393442623 0.6573886639676113 0.3780737704918033
0 0.6887651821862348 0.3801229508196721 0.6862348178137652 0.4702868852459016 0.6897773279352226 0.5327868852459017 0.6998987854251012 0.5450819672131147 0.7246963562753036 0.5379098360655737 0.7322874493927125 0.5215163934426229 0.7332995951417004 0.4989754098360656 0.7186234817813765 0.3801229508196721 0.6938259109311741 0.375
0 0.722165991902834 0.3698770491803279 0.7191295546558705 0.41905737704918034 0.7332995951417004 0.5 0.7545546558704453 0.5040983606557377 0.7793522267206477 0.4774590163934426 0.7818825910931174 0.4661885245901639 0.7808704453441295 0.45081967213114754 0.7515182186234818 0.3411885245901639 0.7413967611336032 0.3360655737704918 0.7338056680161943 0.33811475409836067 0.7272267206477733 0.35040983606557374