0 0.29554655870445345 0.3637295081967213 0.2874493927125506 0.49385245901639346 0.29605263157894735 0.514344262295082 0.3223684210526316 0.5225409836065574 0.3309716599190283 0.5102459016393442 0.3274291497975709 0.39651639344262296 0.3188259109311741 0.36065573770491804 0.3102226720647773 0.3401639344262295 0.30111336032388664 0.3350409836065574
0 0.26568825910931176 0.5368852459016393 0.26417004048583 0.5563524590163934 0.24064625506072873 0.6302151639344262 0.28190688259109314 0.6735368852459016 0.298582995951417 0.6065573770491803 0.3188259109311741 0.5758196721311475 0.3233805668016194 0.5563524590163934 0.32186234817813764 0.5389344262295082 0.2834008097165992 0.4969262295081967 0.27479757085020245 0.5030737704918032
0 0.3324898785425101 0.39959016393442626 0.3319838056680162 0.4395491803278688 0.33856275303643724 0.4661885245901639 0.354251012145749 0.48565573770491804 0.36639676113360325 0.4805327868852459 0.37803643724696356 0.4487704918032787 0.3694331983805668 0.4016393442622951 0.36082995951417 0.3729508196721312 0.35374493927125505 0.36475409836065575 0.3476720647773279 0.3668032786885246
0 0.4068825910931174 0.3790983606557377 0.4048582995951417 0.5215163934426229 0.40789473684210525 0.5368852459016393 0.41548582995951416 0.5420081967213115 0.4311740890688259 0.5327868852459017 0.4402834008097166 0.5204918032786885 0.44129554655870445 0.4887295081967213 0.4215587044534413 0.35758196721311475 0.4185222672064777 0.35450819672131145 0.41143724696356276 0.35963114754098363
0 0.3952429149797571 0.5635245901639344 0.39473684210526316 0.5860655737704918 0.4043522267206478 0.7028688524590164 0.40789473684210525 0.7274590163934426 0.4159919028340081 0.7284836065573771 0.4225708502024291 0.6956967213114754 0.42813765182186236 0.5645491803278688 0.42459514170040485 0.5573770491803278 0.4139676113360324 0.555327868852459
0 0.4251012145748988 0.5676229508196722 0.4251012145748988 0.7059426229508197 0.4352226720647773 0.7213114754098361 0.4483805668016194 0.7202868852459017 0.4524291497975709 0.7172131147540983 0.45394736842105265 0.7079918032786885 0.4590080971659919 0.5788934426229508 0.45546558704453444 0.5655737704918032 0.4473684210526316 0.5522540983606558 0.43016194331983804 0.5563524590163934
0 0.46558704453441296 0.39959016393442626 0.465080971659919 0.5256147540983607 0.4726720647773279 0.5379098360655737 0.48228744939271256 0.5358606557377049 0.49038461538461536 0.5297131147540983 0.49190283400809715 0.5235655737704918 0.48582995951417 0.3555327868852459 0.48279352226720645 0.3442622950819672 0.4716599190283401 0.3452868852459016
0 0.42864372469635625 0.35348360655737704 0.4230769230769231 0.39651639344262296 0.43724696356275305 0.5256147540983607 0.44281376518218624 0.5399590163934426 0.44686234817813764 0.5399590163934426 0.4610323886639676 0.5235655737704918 0.4640688259109312 0.5010245901639344 0.4519230769230769 0.3719262295081967 0.4397773279352227 0.3135245901639344
0 0.4564777327935223 0.5911885245901639 0.4559716599190283 0.6618852459016393 0.4605263157894737 0.7008196721311475 0.4726720647773279 0.7510245901639344 0.4812753036437247 0.7592213114754098 0.48582995951417 0.7581967213114754 0.49038461538461536 0.735655737704918 0.4908906882591093 0.7161885245901639 0.4848178137651822 0.5747950819672131 0.47520242914979755 0.5543032786885246 0.46963562753036436 0.5543032786885246 0.4605263157894737 0.5645491803278688
0 0.4848178137651822 0.5635245901639344 0.4924089068825911 0.6967213114754098 0.49696356275303644 0.7131147540983607 0.5025303643724697 0.7213114754098361 0.5096153846153846 0.7079918032786885 0.5091093117408907 0.5655737704918032 0.5060728744939271 0.555327868852459 0.4979757085020243 0.5522540983606558 0.4898785425101215 0.5532786885245902
0 0.4939271255060729 0.4364754098360656 0.4939271255060729 0.5204918032786885 0.5020242914979757 0.5307377049180327 0.5222672064777328 0.5266393442622951 0.5242914979757085 0.514344262295082 0.5232793522267206 0.48155737704918034 0.5131578947368421 0.375 0.5030364372469636 0.3760245901639344 0.4984817813765182 0.38422131147540983
0 0.5253036437246964 0.4600409836065574 0.5247975708502024 0.5112704918032787 0.5268218623481782 0.5204918032786885 0.5369433198380567 0.5256147540983607 0.5531376518218624 0.5215163934426229 0.555161943319838 0.5133196721311475 0.5546558704453441 0.4692622950819672 0.5513446356275304 0.3914385245901639 0.5394139676113361 0.32192110655737705 0.5269858299595142 0.3471086065573771 0.5288461538461539 0.43135245901639346
0 0.5091093117408907 0.5522540983606558 0.5075910931174089 0.5594262295081968 0.5126518218623481 0.6813524590163934 0.5172064777327935 0.7090163934426229 0.5253036437246964 0.7131147540983607 0.5374493927125507 0.6598360655737705 0.5359311740890689 0.5409836065573771 0.5293522267206477 0.5348360655737705 0.5182186234817814 0.5368852459016393
0 0.5359311740890689 0.5430327868852459 0.5354251012145749 0.5840163934426229 0.541497975708502 0.6926229508196722 0.5526315789473685 0.7100409836065574 0.5617408906882592 0.6977459016393442 0.5637651821862348 0.6618852459016393 0.5576923076923077 0.5430327868852459 0.5445344129554656 0.5358606557377049 0.5389676113360324 0.5368852459016393
0 0.555161943319838 0.5543032786885246 0.5506072874493927 0.6270491803278688 0.5592105263157895 0.6875 0.5652834008097166 0.7049180327868853 0.5708502024291497 0.7059426229508197 0.5774291497975709 0.6844262295081968 0.5804655870445344 0.5512295081967213 0.5718623481781376 0.5399590163934426 0.5602226720647774 0.5379098360655737 0.5571862348178138 0.5409836065573771
0 0.583502024291498 0.4651639344262295 0.583502024291498 0.49385245901639346 0.5921052631578947 0.5122950819672131 0.6032388663967612 0.5133196721311475 0.6123481781376519 0.4979508196721312 0.6148785425101214 0.48155737704918034 0.6143724696356275 0.3411885245901639 0.6118421052631579 0.2786885245901639 0.6082995951417004 0.2725409836065574 0.6002024291497976 0.27561475409836067 0.5951417004048583 0.3135245901639344
0 0.5523385627530365 0.3400563524590164 0.5543274291497976 0.443827868852459 0.5583041497975709 0.5203975409836066 0.5759109311740891 0.5174180327868853 0.5804655870445344 0.5112704918032787 0.583502024291498 0.49385245901639346 0.5718623481781376 0.29918032786885246 0.5673076923076923 0.28790983606557374 0.5521255060728745 0.29098360655737704
0 0.583502024291498 0.5512295081967213 0.5824898785425101 0.5758196721311475 0.5865384615384616 0.6977459016393442 0.5905870445344129 0.7274590163934426 0.5961538461538461 0.7305327868852459 0.6002024291497976 0.7284836065573771 0.6077935222672065 0.7120901639344263 0.6123481781376519 0.6444672131147541 0.6128542510121457 0.5963114754098361 0.6088056680161943 0.5522540983606558 0.6032388663967612 0.5348360655737705 0.5910931174089069 0.5358606557377049
0 0.6093117408906883 0.5471311475409836 0.6077935222672065 0.5594262295081968 0.6219635627530364 0.6854508196721312 0.625 0.7008196721311475 0.6305668016194332 0.7120901639344263 0.6351214574898786 0.7120901639344263 0.6432186234817814 0.6813524590163934 0.6432186234817814 0.5491803278688525 0.6406882591093117 0.5358606557377049 0.631578947368421 0.5286885245901639 0.6189271255060729 0.5297131147540983
0 0.6391700404858299 0.5368852459016393 0.6381578947368421 0.5532786885245902 0.6492914979757085 0.6895491803278688 0.6578947368421053 0.7079918032786885 0.6624493927125507 0.7079918032786885 0.6654858299595142 0.6977459016393442 0.6720647773279352 0.5440573770491803 0.6680161943319838 0.5327868852459017 0.6543522267206477 0.5276639344262295 0.6417004048582996 0.5286885245901639
0 0.7074898785425101 0.45081967213114754 0.707995951417004 0.4774590163934426 0.7165991902834008 0.49077868852459017 0.7439271255060729 0.4918032786885246 0.7520242914979757 0.48155737704918034 0.7545546558704453 0.4641393442622951 0.7560728744939271 0.33811475409836067 0.7530364372469636 0.3237704918032787 0.7413967611336032 0.3094262295081967 0.736336032388664 0.3094262295081967 0.7282388663967612 0.33299180327868855
0 0.736336032388664 0.5348360655737705 0.7358299595141701 0.5491803278688525 0.7398785425101214 0.5645491803278688 0.763663967611336 0.5942622950819673 0.7878987854251012 0.6400358606557377 0.8072864372469636 0.6198862704918033 0.8157373481781376 0.5856311475409837 0.7894736842105263 0.5010245901639344 0.7793522267206477 0.48155737704918034 0.7555668016194332 0.5051229508196722