0 0.3436234817813765 0.5297131147540983 0.3436234817813765 0.5512295081967213 0.34969635627530365 0.5614754098360656 0.36133603238866396 0.569672131147541 0.3714574898785425 0.5706967213114754 0.3815789473684211 0.5604508196721312 0.3815789473684211 0.5348360655737705 0.3699392712550607 0.44672131147540983 0.3648785425101215 0.4354508196721312 0.3582995951417004 0.4293032786885246 0.35374493927125505 0.430327868852459 0.34969635627530365 0.4375 0.347165991902834 0.507172131147541
0 0.521255060728745 0.4375 0.5187246963562753 0.44364754098360654 0.520242914979757 0.5604508196721312 0.5242914979757085 0.5665983606557377 0.5445344129554656 0.5655737704918032 0.5470647773279352 0.5614754098360656 0.5470647773279352 0.5440573770491803 0.5359311740890689 0.45389344262295084 0.5379554655870445 0.42725409836065575 0.52834008097166 0.42827868852459017
0 0.5986842105263158 0.4651639344262295 0.59665991902834 0.5174180327868853 0.5931174089068826 0.5409836065573771 0.5946356275303644 0.5604508196721312 0.6062753036437247 0.5809426229508197 0.6290485829959515 0.5799180327868853 0.6275303643724697 0.5051229508196722 0.625 0.5030737704918032 0.6194331983805668 0.47950819672131145 0.618421052631579 0.46209016393442626 0.6204453441295547 0.4385245901639344 0.6098178137651822 0.42827868852459017 0.6022267206477733 0.430327868852459 0.6027327935222672 0.4487704918032787
0 0.6148785425101214 0.5317622950819673 0.6138663967611336 0.5594262295081968 0.6174089068825911 0.5788934426229508 0.6417004048582996 0.5850409836065574 0.6477732793522267 0.5799180327868853 0.6422064777327935 0.5573770491803278 0.6447368421052632 0.5256147540983607 0.6437246963562753 0.47848360655737704 0.6265182186234818 0.44979508196721313 0.6239878542510121 0.49385245901639346
0 0.646255060728745 0.44979508196721313 0.645242914979757 0.5153688524590164 0.6356275303643725 0.5799180327868853 0.6417004048582996 0.5850409836065574 0.6705465587044535 0.5809426229508197 0.6776315789473685 0.5686475409836066 0.6786437246963563 0.5584016393442623 0.673582995951417 0.5194672131147541 0.6705465587044535 0.4682377049180328 0.6634615384615384 0.4385245901639344 0.666497975708502 0.4344262295081967 0.652834008097166 0.4364754098360656
0 0.680668016194332 0.5266393442622951 0.6781376518218624 0.5409836065573771 0.6826923076923077 0.5594262295081968 0.6928137651821862 0.5676229508196722 0.7165991902834008 0.5686475409836066 0.7322874493927125 0.45901639344262296 0.7307692307692307 0.4426229508196721 0.7231781376518218 0.4385245901639344 0.707995951417004 0.44672131147540983
0 0.6821862348178138 0.6219262295081968 0.6816801619433198 0.6301229508196722 0.6892712550607287 0.6506147540983607 0.7353238866396761 0.6977459016393442 0.7408886639676114 0.6887079918032787 0.7232697368421053 0.6536629098360656 0.7352145748987855 0.6591014344262295 0.7444721659919028 0.6814569672131148 0.7560728744939271 0.6700819672131147 0.7196356275303644 0.5870901639344263 0.7135627530364372 0.5788934426229508 0.6973684210526315 0.5850409836065574
0 0.5941295546558705 0.6096311475409836 0.597165991902834 0.7131147540983607 0.6002024291497976 0.7254098360655737 0.604251012145749 0.7264344262295082 0.6153846153846154 0.7141393442622951 0.6189271255060729 0.6168032786885246 0.6148785425101214 0.6024590163934426 0.6072874493927125 0.5993852459016393 0.5961538461538461 0.6024590163934426
0 0.5718623481781376 0.5881147540983607 0.5657894736842105 0.6034836065573771 0.5678137651821862 0.6331967213114754 0.5657894736842105 0.6557377049180327 0.5683198380566802 0.6956967213114754 0.5759109311740891 0.701844262295082 0.5794534412955465 0.6967213114754098 0.5895748987854251 0.6629098360655737 0.5926113360323887 0.6209016393442623 0.5875506072874493 0.6034836065573771
0 0.5511133603238867 0.6229508196721312 0.5501012145748988 0.6813524590163934 0.5531376518218624 0.6895491803278688 0.5602226720647774 0.6895491803278688 0.5683198380566802 0.6260245901639344 0.5602226720647774 0.610655737704918 0.5526315789473685 0.6147540983606558
0 0.5268218623481782 0.6301229508196722 0.5247975708502024 0.6813524590163934 0.5298582995951417 0.6875 0.5399797570850202 0.680327868852459 0.5430161943319838 0.6711065573770492 0.5465587044534413 0.6229508196721312 0.5445344129554656 0.6065573770491803 0.5308704453441295 0.6004098360655737 0.5288461538461539 0.6045081967213115
0 0.5080971659919028 0.6024590163934426 0.5045546558704453 0.6311475409836066 0.5055668016194332 0.6895491803278688 0.513663967611336 0.6834016393442623 0.5192307692307693 0.6690573770491803 0.5253036437246964 0.639344262295082 0.527834008097166 0.6065573770491803 0.5273279352226721 0.5983606557377049 0.5242914979757085 0.5963114754098361 0.5121457489878543 0.5952868852459017
0 0.4757085020242915 0.6034836065573771 0.47520242914979755 0.7049180327868853 0.48228744939271256 0.7161885245901639 0.48633603238866396 0.7090163934426229 0.4964574898785425 0.6362704918032787 0.49898785425101216 0.6301229508196722 0.5 0.5819672131147541 0.4908906882591093 0.5706967213114754 0.479251012145749 0.5747950819672131
0 0.4473684210526316 0.576844262295082 0.44635627530364375 0.610655737704918 0.4498987854251012 0.6577868852459017 0.4478744939271255 0.6967213114754098 0.45445344129554655 0.7223360655737705 0.4600202429149798 0.7243852459016393 0.46356275303643724 0.7161885245901639 0.4701417004048583 0.6362704918032787 0.4772267206477733 0.5911885245901639 0.46305668016194335 0.5665983606557377 0.4549595141700405 0.5676229508196722
0 0.4175101214574899 0.5881147540983607 0.4175101214574899 0.6444672131147541 0.42105263157894735 0.6967213114754098 0.423582995951417 0.7131147540983607 0.42813765182186236 0.7141393442622951 0.4458502024291498 0.6065573770491803 0.44888663967611336 0.5717213114754098 0.4433198380566802 0.5676229508196722 0.4225708502024291 0.5686475409836066 0.4200404858299595 0.5717213114754098