0 0.6685222672064778 0.43135245901639346 0.6675101214574899 0.45594262295081966 0.6589068825910931 0.5245901639344263 0.6594129554655871 0.5522540983606558 0.6690283400809717 0.5676229508196722 0.6751012145748988 0.5706967213114754 0.6857287449392713 0.5584016393442623 0.687246963562753 0.5440573770491803 0.6847165991902834 0.430327868852459 0.6811740890688259 0.4026639344262295 0.673582995951417 0.39959016393442626
0 0.6346153846153846 0.4456967213114754 0.6224696356275303 0.5286885245901639 0.6351214574898786 0.5573770491803278 0.6467611336032388 0.5706967213114754 0.6558704453441295 0.5594262295081968 0.6589068825910931 0.5430327868852459 0.6578947368421053 0.5 0.6659919028340081 0.42418032786885246 0.6654858299595142 0.4047131147540984 0.6578947368421053 0.3975409836065574 0.6497975708502024 0.39651639344262296 0.6442307692307693 0.4067622950819672
0 0.5976720647773279 0.48770491803278687 0.5986842105263158 0.5379098360655737 0.6072874493927125 0.555327868852459 0.6163967611336032 0.5563524590163934 0.625 0.5368852459016393 0.6336032388663968 0.4661885245901639 0.6361336032388664 0.39139344262295084 0.6346153846153846 0.3637295081967213 0.6325910931174089 0.36065573770491804 0.6255060728744939 0.36065573770491804 0.6194331983805668 0.3729508196721312 0.6052631578947368 0.42725409836065575
0 0.5748987854251012 0.44774590163934425 0.5759109311740891 0.4610655737704918 0.5738866396761133 0.49077868852459017 0.569331983805668 0.5174180327868853 0.569331983805668 0.5440573770491803 0.5748987854251012 0.555327868852459 0.5855263157894737 0.5563524590163934 0.5951417004048583 0.548155737704918 0.6002024291497976 0.5297131147540983 0.5976720647773279 0.45491803278688525 0.5981781376518218 0.4334016393442623 0.604251012145749 0.38831967213114754 0.6032388663967612 0.3719262295081967 0.5946356275303644 0.3719262295081967 0.5845141700404858 0.3944672131147541
0 0.534919028340081 0.5030737704918032 0.5323886639676113 0.5512295081967213 0.5339068825910931 0.5563524590163934 0.5607287449392713 0.5604508196721312 0.5662955465587044 0.5543032786885246 0.569331983805668 0.5358606557377049 0.5678137651821862 0.47950819672131145 0.5713562753036437 0.4344262295081967 0.5688259109311741 0.39549180327868855 0.5647773279352226 0.3780737704918033 0.5541497975708503 0.3801229508196721 0.548582995951417 0.39549180327868855
0 0.4974696356275304 0.35348360655737704 0.49696356275303644 0.40061475409836067 0.5 0.4036885245901639 0.494627024291498 0.40951331967213117 0.4984817813765182 0.42827868852459017 0.49696356275303644 0.4375 0.5025303643724697 0.48360655737704916 0.5005060728744939 0.5153688524590164 0.5015182186234818 0.5348360655737705 0.5086032388663968 0.5543032786885246 0.5258097165991903 0.5614754098360656 0.5308704453441295 0.555327868852459 0.5328947368421053 0.5440573770491803 0.5334008097165992 0.48360655737704916 0.5253036437246964 0.43135245901639346 0.5151821862348178 0.38524590163934425 0.5101214574898786 0.3411885245901639 0.5030364372469636 0.3422131147540984
0 0.4681174089068826 0.36475409836065575 0.465080971659919 0.3729508196721312 0.46558704453441296 0.38831967213114754 0.4691295546558704 0.41905737704918034 0.47469635627530365 0.4405737704918033 0.47874493927125505 0.47950819672131145 0.4807692307692308 0.5420081967213115 0.4853238866396761 0.5563524590163934 0.49898785425101216 0.5563524590163934 0.5035425101214575 0.5450819672131147 0.5010121457489879 0.514344262295082 0.5020242914979757 0.4959016393442623 0.4888663967611336 0.4077868852459016 0.47469635627530365 0.36885245901639346
0 0.4418016194331984 0.39036885245901637 0.4402834008097166 0.39549180327868855 0.4423076923076923 0.4375 0.4407894736842105 0.45799180327868855 0.44483805668016196 0.48668032786885246 0.44635627530364375 0.48975409836065575 0.46963562753036436 0.4887295081967213 0.4716599190283401 0.48565573770491804 0.4706477732793522 0.4733606557377049 0.4665991902834008 0.45901639344262296 0.45951417004048584 0.4077868852459016 0.4549595141700405 0.39651639344262296
0 0.3132591093117409 0.4456967213114754 0.3117408906882591 0.45491803278688525 0.3147773279352227 0.48770491803278687 0.31224696356275305 0.5430327868852459 0.3142712550607287 0.5645491803278688 0.3183198380566802 0.5737704918032787 0.3309716599190283 0.5870901639344263 0.3532388663967611 0.5829918032786885 0.36285425101214575 0.5614754098360656 0.36285425101214575 0.5471311475409836 0.3603238866396761 0.5327868852459017 0.35374493927125505 0.5174180327868853 0.33653846153846156 0.4426229508196721 0.3259109311740891 0.4354508196721312 0.31629554655870445 0.4385245901639344
0 0.4352226720647773 0.6055327868852459 0.4331983805668016 0.6229508196721312 0.43724696356275305 0.6567622950819673 0.4392712550607287 0.7284836065573771 0.4423076923076923 0.7387295081967213 0.4509109311740891 0.7448770491803278 0.4590080971659919 0.7161885245901639 0.4625506072874494 0.6372950819672131 0.4665991902834008 0.6024590163934426 0.46305668016194335 0.5901639344262295 0.45040485829959515 0.5819672131147541 0.43876518218623484 0.5952868852459017
0 0.4665991902834008 0.610655737704918 0.465080971659919 0.6301229508196722 0.47115384615384615 0.7243852459016393 0.4726720647773279 0.7366803278688525 0.4777327935222672 0.7479508196721312 0.48279352226720645 0.7489754098360656 0.4908906882591093 0.7264344262295082 0.4924089068825911 0.6885245901639344 0.4964574898785425 0.6547131147540983 0.4974696356275304 0.6065573770491803 0.4812753036437247 0.5881147540983607 0.4691295546558704 0.5993852459016393
0 0.4964574898785425 0.5963114754098361 0.4964574898785425 0.6301229508196722 0.49949392712550605 0.6557377049180327 0.5015182186234818 0.7161885245901639 0.5055668016194332 0.7377049180327869 0.5096153846153846 0.7377049180327869 0.5131578947368421 0.735655737704918 0.520242914979757 0.7049180327868853 0.5192307692307693 0.6403688524590164 0.5217611336032388 0.6157786885245902 0.521255060728745 0.5942622950819673 0.5177125506072875 0.5901639344262295 0.5005060728744939 0.5901639344262295
0 0.5242914979757085 0.5993852459016393 0.5232793522267206 0.6147540983606558 0.5323886639676113 0.7243852459016393 0.5389676113360324 0.7284836065573771 0.5445344129554656 0.7049180327868853 0.5465587044534413 0.5840163934426229 0.5384615384615384 0.5829918032786885