0 0.5951417004048583 0.5256147540983607 0.5996963562753036 0.6639344262295082 0.6062753036437247 0.7079918032786885 0.6088056680161943 0.7161885245901639 0.6148785425101214 0.7213114754098361 0.6209514170040485 0.7079918032786885 0.6199392712550608 0.610655737704918 0.6234817813765182 0.5327868852459017 0.6209514170040485 0.5184426229508197 0.6158906882591093 0.5122950819672131 0.6032388663967612 0.514344262295082
0 0.5789473684210527 0.4426229508196721 0.5784412955465587 0.4672131147540984 0.5824898785425101 0.48565573770491804 0.5991902834008097 0.48565573770491804 0.6017206477732794 0.47438524590163933 0.6057692307692307 0.3739754098360656 0.604757085020243 0.29098360655737704 0.6012145748987854 0.2797131147540984 0.5981781376518218 0.2797131147540984 0.5951417004048583 0.28688524590163933
0 0.5576923076923077 0.4415983606557377 0.5587044534412956 0.48155737704918034 0.5718623481781376 0.48155737704918034 0.5769230769230769 0.4733606557377049 0.5789473684210527 0.45184426229508196 0.5804655870445344 0.35040983606557374 0.576417004048583 0.32172131147540983 0.5723684210526315 0.3155737704918033 0.5678137651821862 0.3206967213114754
0 0.5318825910931174 0.3176229508196721 0.5344129554655871 0.42144774590163936 0.5303643724696356 0.45286885245901637 0.5308704453441295 0.49385245901639346 0.5359311740890689 0.5 0.5516194331983806 0.4989754098360656 0.5576923076923077 0.48258196721311475 0.5581983805668016 0.4661885245901639 0.5541497975708503 0.42827868852459017 0.5531376518218624 0.3709016393442623 0.5450404858299596 0.29405737704918034 0.5374493927125507 0.29508196721311475
0 0.5055668016194332 0.3135245901639344 0.506578947368421 0.47540983606557374 0.5121457489878543 0.4979508196721312 0.5167004048582996 0.5010245901639344 0.5288461538461539 0.4979508196721312 0.5323886639676113 0.48975409836065575 0.5323886639676113 0.4733606557377049 0.5253036437246964 0.36885245901639346 0.5182186234817814 0.30225409836065575 0.5131578947368421 0.29713114754098363
0 0.48026315789473684 0.3350409836065574 0.4777327935222672 0.3452868852459016 0.4797570850202429 0.35860655737704916 0.4782388663967611 0.3729508196721312 0.4898785425101215 0.49077868852459017 0.4959514170040486 0.4979508196721312 0.5096153846153846 0.4979508196721312 0.5111336032388664 0.49385245901639346 0.507085020242915 0.4395491803278688 0.49949392712550605 0.3801229508196721 0.4939271255060729 0.35450819672131145 0.4939271255060729 0.3411885245901639 0.48582995951417 0.33094262295081966
0 0.4342105263157895 0.29815573770491804 0.4342105263157895 0.3104508196721312 0.42965587044534415 0.3135245901639344 0.4311740890688259 0.3729508196721312 0.43876518218623484 0.4487704918032787 0.4392712550607287 0.4979508196721312 0.44129554655870445 0.5102459016393442 0.4473684210526316 0.5204918032786885 0.4600202429149798 0.5020491803278688 0.4665991902834008 0.5030737704918032 0.4706477732793522 0.4979508196721312 0.4726720647773279 0.47848360655737704 0.472165991902834 0.44979508196721313 0.4686234817813765 0.4036885245901639 0.45799595141700405 0.35655737704918034 0.4549595141700405 0.3165983606557377 0.44686234817813764 0.29405737704918034
0 0.44888663967611336 0.5604508196721312 0.4483805668016194 0.5829918032786885 0.4625506072874494 0.6987704918032787 0.4706477732793522 0.7459016393442623 0.47469635627530365 0.7366803278688525 0.47874493927125505 0.6926229508196722 0.4731781376518219 0.5594262295081968 0.4691295546558704 0.5522540983606558 0.45799595141700405 0.5471311475409836 0.45394736842105265 0.5491803278688525
0 0.4757085020242915 0.5327868852459017 0.4741902834008097 0.555327868852459 0.4782388663967611 0.6670081967213115 0.4898785425101215 0.735655737704918 0.4939271255060729 0.7469262295081968 0.49898785425101216 0.7479508196721312 0.5025303643724697 0.7397540983606558 0.5040485829959515 0.7120901639344263 0.4964574898785425 0.5276639344262295 0.4893724696356275 0.5174180327868853 0.48228744939271256 0.5215163934426229
0 0.49696356275303644 0.5256147540983607 0.4974696356275304 0.5655737704918032 0.5060728744939271 0.6577868852459017 0.513663967611336 0.6956967213114754 0.5172064777327935 0.6956967213114754 0.5197368421052632 0.6413934426229508 0.5156882591093117 0.5543032786885246 0.5161943319838057 0.5245901639344263 0.5106275303643725 0.5215163934426229
0 0.5177125506072875 0.5256147540983607 0.5222672064777328 0.6721311475409836 0.520748987854251 0.673155737704918 0.521255060728745 0.6967213114754098 0.5293522267206477 0.6997950819672131 0.5328947368421053 0.6967213114754098 0.5374493927125507 0.6813524590163934 0.5328947368421053 0.5286885245901639 0.5298582995951417 0.507172131147541 0.521255060728745 0.5061475409836066
0 0.5384615384615384 0.5040983606557377 0.5334008097165992 0.5133196721311475 0.5384615384615384 0.6577868852459017 0.5399797570850202 0.6670081967213115 0.548582995951417 0.6844262295081968 0.5521255060728745 0.6813524590163934 0.5541497975708503 0.6547131147540983 0.5501012145748988 0.5809426229508197 0.5536437246963563 0.5194672131147541 0.5501012145748988 0.5030737704918032
0 0.5526315789473685 0.5245901639344263 0.5511133603238867 0.5727459016393442 0.5541497975708503 0.6362704918032787 0.5566801619433198 0.6577868852459017 0.5642712550607287 0.6649590163934426 0.5683198380566802 0.6495901639344263 0.5688259109311741 0.5256147540983607 0.5637651821862348 0.5194672131147541 0.5561740890688259 0.5194672131147541