0 0.6792792792792792 0.4135135135135135 0.6785585585585585 0.42364864864864865 0.6807207207207208 0.43986486486486487 0.6918918918918919 0.4594594594594595 0.7009009009009008 0.46554054054054056 0.7171171171171171 0.46418918918918917 0.7311711711711711 0.42364864864864865 0.7304504504504504 0.4114864864864865 0.7264864864864865 0.3993243243243243 0.7088288288288288 0.3689189189189189 0.7048648648648649 0.3668918918918919 0.6965765765765766 0.3716216216216216
0 0.6590990990990991 0.4135135135135135 0.6623423423423423 0.45337837837837835 0.6587387387387388 0.5168918918918919 0.6598198198198199 0.5432432432432432 0.6630630630630631 0.5486486486486486 0.6731531531531532 0.5533783783783783 0.6846846846846847 0.5486486486486486 0.6958558558558559 0.5358108108108108 0.7009009009009008 0.5175675675675676 0.6998198198198198 0.5020270270270271 0.6897297297297297 0.475 0.6781981981981982 0.40202702702702703 0.676036036036036 0.3966216216216216 0.6731531531531532 0.3945945945945946 0.6663063063063063 0.3972972972972973 0.6612612612612613 0.40337837837837837
0 0.6144144144144145 0.5216216216216216 0.6147747747747748 0.5513513513513514 0.616936936936937 0.5581081081081081 0.6255855855855856 0.5641891891891891 0.64 0.5594594594594594 0.6504504504504505 0.5641891891891891 0.6580180180180181 0.55 0.6587387387387388 0.5317567567567567 0.6565765765765765 0.525 0.6544144144144144 0.5020270270270271 0.6500900900900901 0.4817567567567568 0.6475675675675676 0.4783783783783784 0.6482882882882883 0.44324324324324327 0.6515315315315315 0.43513513513513513 0.6500900900900901 0.4277027027027027 0.6302702702702703 0.4195945945945946 0.6255855855855856 0.46216216216216216 0.6187387387387387 0.5047297297297297
0 0.6500900900900901 0.5736486486486486 0.6500900900900901 0.5912162162162162 0.6749549549549549 0.6898648648648649 0.6893693693693693 0.7101351351351352 0.7048648648648649 0.7121621621621622 0.7088288288288288 0.7081081081081081 0.7102702702702702 0.7047297297297297 0.7095495495495495 0.6885135135135135 0.7030630630630631 0.6378378378378379 0.6987387387387387 0.5763513513513514 0.6954954954954955 0.5614864864864865 0.6904504504504505 0.5547297297297298 0.6735135135135135 0.5574324324324325 0.6645045045045045 0.5662162162162162 0.6536936936936937 0.5668918918918919
0 0.6057657657657658 0.5952702702702702 0.6054054054054054 0.6101351351351352 0.6075675675675676 0.6189189189189189 0.6201801801801802 0.6493243243243243 0.630990990990991 0.6959459459459459 0.6457657657657657 0.7277027027027027 0.6504504504504505 0.727027027027027 0.654054054054054 0.7216216216216216 0.6536936936936937 0.7101351351351352 0.6446742342342342 0.6934972972972973 0.6436882882882883 0.6617216216216216 0.6610209009009009 0.7006756756756757 0.6659459459459459 0.7013513513513514 0.6713513513513514 0.6966216216216217 0.6724324324324324 0.6925675675675675 0.6706306306306307 0.6824324324324325 0.6572972972972972 0.6256756756756757 0.6536936936936937 0.5831081081081081 0.6396396396396397 0.5702702702702702 0.6324324324324324 0.5702702702702702 0.6147747747747748 0.5824324324324325
0 0.5787387387387387 0.6155405405405405 0.5812612612612612 0.6385135135135135 0.5852252252252252 0.6513513513513514 0.5924324324324325 0.6635135135135135 0.601081081081081 0.6932432432432433 0.6079279279279279 0.7263513513513513 0.6126126126126126 0.7364864864864865 0.6190990990990991 0.7398648648648649 0.623063063063063 0.7202702702702702 0.6129729729729729 0.6452702702702703 0.6111711711711711 0.6148648648648649 0.6028828828828828 0.5986486486486486 0.5895495495495495 0.6054054054054054 0.5837837837837838 0.6047297297297297
0 0.5567567567567567 0.629054054054054 0.5578378378378378 0.6533783783783784 0.5693693693693693 0.7216216216216216 0.5798198198198198 0.7587837837837837 0.5881081081081081 0.768918918918919 0.5917117117117117 0.7587837837837837 0.592072072072072 0.7506756756756757 0.5843376576576577 0.688885135135135 0.5841441441441442 0.6560810810810811 0.5787387387387387 0.6229729729729729 0.5668468468468468 0.6162162162162163 0.5614414414414415 0.6202702702702703
0 0.5286486486486487 0.6337837837837837 0.5362162162162162 0.7675675675675676 0.5416216216216216 0.7716216216216216 0.5455855855855856 0.7695945945945946 0.5488288288288288 0.7635135135135135 0.5513513513513514 0.6466216216216216 0.5491891891891892 0.6344594594594595 0.5409009009009009 0.625 0.5318918918918919 0.6256756756756757
0 0.5063063063063064 0.6317567567567568 0.5063063063063064 0.6594594594594595 0.5135135135135135 0.7594594594594595 0.5214414414414414 0.7614864864864865 0.5248886486486487 0.753747972972973 0.5246911711711711 0.7075628378378378 0.5243243243243243 0.6459459459459459 0.5210810810810811 0.6317567567567568 0.5135135135135135 0.6283783783783784
0 0.48252252252252253 0.6344594594594595 0.4818018018018018 0.6527027027027027 0.48624144144144144 0.6894581081081081 0.4870302702702703 0.7223418918918919 0.4897297297297297 0.7520270270270271 0.4944144144144144 0.7560810810810811 0.4983783783783784 0.7513513513513513 0.5005405405405405 0.7412162162162163 0.49964972972972976 0.7227114864864865 0.4994526126126126 0.6890885135135135 0.501981981981982 0.6385135135135135 0.49801801801801804 0.6297297297297297 0.4861261261261261 0.629054054054054
0 0.45585585585585586 0.6344594594594595 0.4587387387387387 0.7141891891891892 0.46306306306306305 0.7520270270270271 0.46702702702702703 0.7594594594594595 0.4756756756756757 0.7520270270270271 0.47927927927927927 0.722972972972973 0.4789189189189189 0.6418918918918919 0.4753153153153153 0.6304054054054054 0.4688288288288288 0.6256756756756757 0.4587387387387387 0.6283783783783784
0 0.42414414414414414 0.6371621621621621 0.4252252252252252 0.6966216216216217 0.42162162162162165 0.7452702702702703 0.42414414414414414 0.754054054054054 0.43243243243243246 0.7581081081081081 0.4381981981981982 0.7479729729729729 0.4464864864864865 0.7135135135135136 0.45225225225225224 0.6310810810810811 0.44828828828828826 0.6216216216216216 0.43891891891891893 0.6135135135135135 0.42954954954954955 0.6195945945945946
0 0.39207207207207206 0.6297297297297297 0.3917117117117117 0.7256756756756757 0.3963963963963964 0.7378378378378379 0.40216216216216216 0.7385135135135135 0.40540540540540543 0.7358108108108108 0.40756756756756757 0.7243243243243244 0.4144144144144144 0.6621621621621622 0.42486486486486486 0.6270270270270271 0.42984864864864863 0.6060912162162162 0.42629945945945946 0.5924202702702703 0.415849009009009 0.5913121621621622 0.3933704504504505 0.5868783783783784 0.39218738738738734 0.6009189189189189 0.3913989189189189 0.6068304054054054 0.3913989189189189 0.6101554054054054
0 0.3465409009009009 0.5709905405405405 0.3488082882882883 0.602027027027027 0.34742810810810815 0.6193925675675676 0.3432872072072072 0.6437783783783784 0.33153153153153153 0.6722972972972973 0.32972972972972975 0.6824324324324325 0.33045045045045046 0.6993243243243243 0.33405405405405403 0.7040540540540541 0.34234234234234234 0.7013513513513514 0.35708972972972974 0.6574493243243243 0.3614277477477477 0.6515371621621622 0.363990990990991 0.6622527027027028 0.3520720720720721 0.7189189189189189 0.35963963963963963 0.7189189189189189 0.3700900900900901 0.7047297297297297 0.37585585585585585 0.6885135135135135 0.3845045045045045 0.6493243243243243 0.3945945945945946 0.6195945945945946 0.40864864864864864 0.5986486486486486 0.40324324324324323 0.5722972972972973 0.3855855855855856 0.5655405405405406 0.38054054054054054 0.5560810810810811 0.37585585585585585 0.5527027027027027 0.35718846846846847 0.5624925675675676
0 0.28612612612612615 0.6648648648648648 0.28540540540540543 0.6777027027027027 0.29081081081081084 0.6932432432432433 0.2936936936936937 0.6918918918918919 0.30234234234234236 0.7 0.30774774774774777 0.697972972972973 0.3261261261261261 0.6608108108108108 0.3399354954954955 0.6110662162162163 0.35567567567567565 0.5675675675675675 0.35315315315315315 0.5567567567567567 0.32216216216216215 0.5364864864864864 0.31423423423423424 0.5371621621621622 0.3052252252252252 0.5452702702702703 0.30018018018018017 0.5621621621621622 0.2983783783783784 0.5972972972972973
0 0.23079711711711712 0.6184391891891892 0.2286281081081081 0.6302621621621621 0.24065621621621622 0.6298932432432433 0.24036036036036035 0.6337837837837837 0.2464864864864865 0.6364864864864865 0.2572972972972973 0.6351351351351351 0.274954954954955 0.6222972972972973 0.2891618018018018 0.5853648648648648 0.307027027027027 0.5445945945945946 0.3081081081081081 0.5256756756756756 0.30666666666666664 0.518918918918919 0.29081081081081084 0.5020270270270271 0.26990990990990993 0.5047297297297297 0.2634234234234234 0.5094594594594595 0.2572972972972973 0.5243243243243243 0.2536936936936937 0.5493243243243243 0.2510079279279279 0.571877027027027
0 0.2472072072072072 0.3918918918918919 0.24756756756756756 0.40405405405405403 0.2594594594594595 0.425 0.270990990990991 0.42567567567567566 0.2818018018018018 0.41486486486486485 0.28864864864864864 0.39594594594594595 0.292972972972973 0.37567567567567567 0.29225225225225226 0.3554054054054054 0.29009009009009007 0.3493243243243243 0.2825225225225225 0.34324324324324323 0.2634234234234234 0.3385135135135135 0.25513513513513514 0.34864864864864864
0 0.2857657657657658 0.4277027027027027 0.28468468468468466 0.43513513513513513 0.2857657657657658 0.4581081081081081 0.29081081081081084 0.4966216216216216 0.3027027027027027 0.5135135135135135 0.3153153153153153 0.5155405405405405 0.31963963963963965 0.5054054054054054 0.31963963963963965 0.49324324324324326 0.30342342342342343 0.43648648648648647 0.29477477477477476 0.4222972972972973 0.29081081081081084 0.42162162162162165
0 0.32432432432432434 0.41081081081081083 0.32288288288288286 0.4905405405405405 0.31963963963963965 0.5101351351351351 0.3207207207207207 0.5304054054054054 0.32216216216216215 0.5344594594594595 0.32684684684684684 0.5371621621621622 0.3293693693693694 0.5445945945945946 0.33969981981981984 0.5412162162162162 0.3481081081081081 0.5445945945945946 0.35855855855855856 0.5418918918918919 0.36324324324324325 0.529054054054054 0.3636036036036036 0.5013513513513513 0.3455855855855856 0.40878378378378377 0.33225225225225224 0.3918918918918919 0.32576576576576577 0.3993243243243243
0 0.3643243243243243 0.4189189189189189 0.36832900900900906 0.47370540540540534 0.3589189189189189 0.5405405405405406 0.3618018018018018 0.5540540540540541 0.37045045045045044 0.5587837837837838 0.372972972972973 0.5635135135135135 0.38882882882882885 0.55 0.39135135135135135 0.5445945945945946 0.3935135135135135 0.5283783783783784 0.3874551351351352 0.5043722972972973 0.38198198198198197 0.43445945945945946 0.3762162162162162 0.40675675675675677 0.37333333333333335 0.40202702702702703 0.3668468468468468 0.40405405405405403
0 0.41873873873873874 0.4155405405405405 0.40864864864864864 0.5716216216216217 0.41621621621621624 0.5878378378378378 0.42414414414414414 0.5898648648648649 0.4320720720720721 0.5837837837837838 0.43783783783783786 0.5689189189189189 0.43675675675675674 0.44932432432432434 0.4320720720720721 0.4135135135135135 0.4273873873873874 0.3972972972972973 0.4237837837837838 0.39864864864864863 0.421981981981982 0.40675675675675677 0.41945945945945945 0.4081081081081081
0 0.39747747747747747 0.42702702702702705 0.38594594594594595 0.4743243243243243 0.3863063063063063 0.47905405405405405 0.3927790990990991 0.5158263513513514 0.4044126126126126 0.5073283783783784 0.409009009009009 0.49864864864864866 0.4104504504504505 0.4871621621621622 0.4118918918918919 0.4391891891891892 0.4082882882882883 0.4101351351351351 0.4057657657657658 0.4101351351351351
0 0.4371171171171171 0.5405405405405406 0.4385585585585586 0.5587837837837838 0.43567567567567567 0.5797297297297297 0.43747747747747745 0.5912162162162162 0.44684684684684683 0.6027027027027027 0.4547747747747748 0.6 0.4594594594594595 0.5912162162162162 0.4645045045045045 0.497972972972973 0.4655855855855856 0.43445945945945946 0.4648648648648649 0.42567567567567566 0.4627027027027027 0.4222972972972973 0.45369369369369367 0.4243243243243243 0.4500900900900901 0.4283783783783784 0.44828828828828826 0.43513513513513513
0 0.4601801801801802 0.5554054054054054 0.45981981981981984 0.5898648648648649 0.46126126126126127 0.5972972972972973 0.4695495495495495 0.606081081081081 0.48324324324324325 0.6081081081081081 0.4872072072072072 0.5912162162162162 0.48792792792792794 0.48445945945945945 0.48576576576576574 0.42702702702702705 0.4781981981981982 0.3945945945945946 0.4735135135135135 0.3993243243243243 0.4699099099099099 0.4114864864864865 0.4663063063063063 0.4472972972972973
0 0.4900900900900901 0.47905405405405405 0.4915315315315315 0.5155405405405405 0.48576576576576574 0.6027027027027027 0.4976576576576577 0.6094594594594595 0.5138738738738738 0.6074324324324324 0.5181981981981982 0.5837837837837838 0.5153153153153153 0.4966216216216216 0.5095495495495496 0.4506756756756757 0.5063063063063064 0.44391891891891894 0.5016216216216216 0.44256756756756754 0.49513513513513513 0.4581081081081081
0 0.5171171171171172 0.41824324324324325 0.5171171171171172 0.5952702702702702 0.5218018018018018 0.6067567567567568 0.5304504504504505 0.6067567567567568 0.5390990990990991 0.597972972972973 0.5416216216216216 0.5797297297297297 0.5372972972972972 0.5256756756756756 0.5372972972972972 0.4817567567567568 0.534054054054054 0.41824324324324325 0.5326126126126126 0.41216216216216217 0.5254054054054054 0.40337837837837837 0.5207207207207207 0.40405405405405403 0.5192792792792793 0.41081081081081083 0.5174774774774775 0.4114864864864865
0 0.5401801801801802 0.4817567567567568 0.5394594594594595 0.55 0.5412612612612613 0.5682432432432433 0.5427027027027027 0.5756756756756757 0.5527927927927928 0.597972972972973 0.5585585585585585 0.5993243243243244 0.5657657657657658 0.5878378378378378 0.5686486486486486 0.5689189189189189 0.5657657657657658 0.4939189189189189 0.56 0.43175675675675673 0.5556756756756757 0.41216216216216217 0.5477477477477477 0.4114864864864865 0.5412612612612613 0.42702702702702705 0.5427027027027027 0.46283783783783783
0 0.5672072072072072 0.47635135135135137 0.5657657657657658 0.5209459459459459 0.5672072072072072 0.547972972972973 0.5744144144144144 0.5662162162162162 0.5801801801801801 0.5702702702702702 0.5863063063063063 0.5608108108108109 0.5917117117117117 0.5168918918918919 0.5852252252252252 0.43783783783783786 0.5816216216216217 0.43108108108108106 0.5798198198198198 0.4195945945945946 0.5758558558558559 0.4195945945945946 0.5736936936936937 0.4277027027027027
0 0.5863063063063063 0.55 0.5873873873873874 0.5682432432432433 0.603963963963964 0.5891891891891892 0.6079279279279279 0.5898648648648649 0.618018018018018 0.5743243243243243 0.6183783783783784 0.5635135135135135 0.6162162162162163 0.5547297297297298 0.6097297297297297 0.4574324324324324 0.6079279279279279 0.44594594594594594 0.6050450450450451 0.44256756756756754 0.6018018018018018 0.44391891891891894 0.5974774774774775 0.4581081081081081 0.5927927927927928 0.4864864864864865 0.5938738738738739 0.5074324324324324