0 0.31376518218623484 0.45901639344262296 0.3132591093117409 0.47848360655737704 0.31781376518218624 0.49385245901639346 0.33704453441295545 0.5081967213114754 0.3456477732793522 0.5081967213114754 0.34969635627530365 0.5020491803278688 0.354251012145749 0.4395491803278688 0.35374493927125505 0.3709016393442623 0.3491902834008097 0.3452868852459016 0.3410931174089069 0.3422131147540984 0.3360323886639676 0.35348360655737704
0 0.2854251012145749 0.38831967213114754 0.2889676113360324 0.44672131147540983 0.2909919028340081 0.44979508196721313 0.3081983805668016 0.44364754098360654 0.3142712550607287 0.44979508196721313 0.32388663967611336 0.4036885245901639 0.32186234817813764 0.35655737704918034 0.3061740890688259 0.3483606557377049 0.29706477732793524 0.35655737704918034
0 0.3527327935222672 0.4774590163934426 0.3507085020242915 0.5051229508196722 0.3532388663967611 0.5225409836065574 0.3567813765182186 0.5297131147540983 0.3770242914979757 0.5368852459016393 0.3876518218623482 0.5297131147540983 0.3917004048582996 0.5215163934426229 0.3942307692307692 0.5040983606557377 0.3896761133603239 0.45286885245901637 0.3917004048582996 0.42725409836065575 0.3896761133603239 0.4016393442622951 0.3841093117408907 0.38114754098360654 0.3734817813765182 0.3760245901639344 0.37044534412955465 0.3801229508196721 0.3598178137651822 0.42520491803278687
0 0.3952429149797571 0.4692622950819672 0.395748987854251 0.4959016393442623 0.3917004048582996 0.5307377049180327 0.39979757085020245 0.5440573770491803 0.4048582995951417 0.5440573770491803 0.4200404858299595 0.5245901639344263 0.4230769230769231 0.5061475409836066 0.4215587044534413 0.4149590163934426 0.4149797570850202 0.382172131147541 0.4073886639676113 0.3862704918032787
0 0.4240890688259109 0.3944672131147541 0.4180161943319838 0.5358606557377049 0.4276315789473684 0.555327868852459 0.4478744939271255 0.5348360655737705 0.4534412955465587 0.5204918032786885 0.45546558704453444 0.47950819672131145 0.44888663967611336 0.4016393442622951 0.4509109311740891 0.35860655737704916 0.43876518218623484 0.35655737704918034 0.4311740890688259 0.3637295081967213 0.42611336032388664 0.3760245901639344
0 0.4478744939271255 0.4077868852459016 0.4473684210526316 0.48668032786885246 0.4423076923076923 0.5327868852459017 0.4549595141700405 0.5604508196721312 0.4590080971659919 0.5614754098360656 0.4701417004048583 0.5502049180327869 0.4741902834008097 0.5348360655737705 0.46305668016194335 0.3442622950819672 0.4574898785425101 0.3452868852459016 0.4519230769230769 0.36065573770491804
0 0.47368421052631576 0.5092213114754098 0.4731781376518219 0.548155737704918 0.47621457489878544 0.5594262295081968 0.48431174089068824 0.5645491803278688 0.4964574898785425 0.5625 0.4984817813765182 0.555327868852459 0.5045546558704453 0.3760245901639344 0.49544534412955465 0.3463114754098361 0.4853238866396761 0.35655737704918034 0.4817813765182186 0.3770491803278688
0 0.49949392712550605 0.5235655737704918 0.49898785425101216 0.5655737704918032 0.5020242914979757 0.5747950819672131 0.5126518218623481 0.5819672131147541 0.527834008097166 0.5778688524590164 0.52834008097166 0.5286885245901639 0.5237854251012146 0.4108606557377049 0.521255060728745 0.39651639344262296 0.5131578947368421 0.3944672131147541 0.507085020242915 0.4077868852459016
0 0.5336492914979757 0.49619774590163934 0.5298582995951417 0.5799180327868853 0.5465587044534413 0.5850409836065574 0.5536437246963563 0.5819672131147541 0.5576923076923077 0.5758196721311475 0.5587044534412956 0.5440573770491803 0.555668016194332 0.5040983606557377 0.555161943319838 0.44364754098360654 0.5490890688259109 0.39549180327868855 0.5354251012145749 0.3975409836065574 0.534919028340081 0.4405737704918033
0 0.5617408906882592 0.4077868852459016 0.5592105263157895 0.5676229508196722 0.5632591093117408 0.5788934426229508 0.5769230769230769 0.576844262295082 0.5850202429149798 0.5604508196721312 0.5804655870445344 0.44979508196721313 0.5733805668016194 0.4108606557377049 0.569331983805668 0.4057377049180328
0 0.5799595141700404 0.4077868852459016 0.5860323886639676 0.5532786885245902 0.5951417004048583 0.569672131147541 0.6027327935222672 0.569672131147541 0.6143724696356275 0.5409836065573771 0.6103238866396761 0.4344262295081967 0.604251012145749 0.4047131147540984 0.5981781376518218 0.39241803278688525 0.5845141700404858 0.3975409836065574
0 0.6067813765182186 0.4016393442622951 0.606627024291498 0.4108329918032787 0.6027327935222672 0.4979508196721312 0.604757085020243 0.5276639344262295 0.6108299595141701 0.5450819672131147 0.6275303643724697 0.5573770491803278 0.6341093117408907 0.5573770491803278 0.6396761133603239 0.5461065573770492 0.6417004048582996 0.5266393442622951 0.6361336032388664 0.47950819672131145 0.6298127530364372 0.41852356557377046 0.6210703441295546 0.3862233606557377 0.6165091093117409 0.3754569672131148 0.6108299595141701 0.3801229508196721
0 0.6290485829959515 0.42315573770491804 0.6285425101214575 0.4569672131147541 0.6361336032388664 0.5174180327868853 0.6411943319838057 0.5256147540983607 0.6598395748987854 0.5454180327868852 0.6644736842105263 0.5174180327868853 0.6604251012145749 0.4583329918032787 0.656419028340081 0.4339047131147541 0.6537580971659919 0.41006352459016393 0.6503036437246964 0.3709016393442623 0.645242914979757 0.367827868852459 0.6325910931174089 0.3801229508196721 0.6310728744939271 0.39344262295081966 0.6330971659919028 0.4016393442622951 0.6295546558704453 0.4077868852459016