0 0.28066295546558706 0.4350450819672131 0.2897813765182186 0.4083688524590164 0.3026912955465587 0.401827868852459 0.32653896761133605 0.3872920081967213 0.33729706477732796 0.38511168032786885 0.33926973684210526 0.4072786885245902 0.3326351214574899 0.43562397540983605 0.3216978744939271 0.47559733606557375 0.3120151821862348 0.48686168032786886 0.302332995951417 0.49122233606557375 0.29229149797570847 0.47959426229508195 0.2904984817813765 0.46178790983606555 0.28924342105263157 0.45415676229508195 0.28332641700404854 0.4432551229508197
0 0.2631077935222672 0.567718237704918 0.27798734817813764 0.567718237704918 0.2846472672064777 0.5688678278688525 0.29768471659919027 0.5674313524590164 0.31114676113360323 0.5705901639344262 0.3156811740890688 0.5769088114754098 0.318373987854251 0.588109631147541 0.3176654858299595 0.6107981557377049 0.31553947368421054 0.648420081967213 0.31341396761133605 0.6616311475409835 0.30292763157894737 0.6817346311475411 0.2955592105263158 0.6797243852459016 0.29074089068825915 0.6728319672131147 0.2850728744939271 0.6642161885245902 0.27784564777327936 0.6558872950819672 0.2676427125506073 0.6449743852459017 0.26055718623481783 0.6363575819672131 0.24780364372469638 0.6225727459016394 0.24596153846153845 0.6139569672131148 0.24992914979757086 0.5912684426229508 0.2558810728744939 0.5740368852459017 0.2628243927125506 0.5674313524590164
0 0.3472687246963563 0.3855184426229508 0.33409008097165993 0.42543852459016396 0.3292722672064778 0.453296106557377 0.32020293522267207 0.4719631147540984 0.31340080971659917 0.4854620901639344 0.3118421052631579 0.5115963114754098 0.3160936234817814 0.5259559426229508 0.32672165991902835 0.5388801229508197 0.3430177125506073 0.5451977459016394 0.35237044534412953 0.5337100409836065 0.3536457489878542 0.5115963114754098 0.35463765182186235 0.4831639344262295 0.3549210526315789 0.4610502049180328 0.3569048582995952 0.42170491803278687 0.3566214574898785 0.39327254098360653 0.3583223684210526 0.37805122950819675 0.34996153846153844 0.37833811475409834
0 0.3780136639676114 0.39868750000000003 0.3581578947368421 0.4968032786885246 0.3523572874493927 0.5230276639344262 0.3496801619433198 0.5483483606557377 0.35369585020242916 0.5659815573770492 0.36485070850202433 0.571859631147541 0.38202935222672063 0.5732161885245901 0.3864913967611336 0.5714077868852458 0.392292004048583 0.5465399590163934 0.3920688259109312 0.5166977459016394 0.39050708502024295 0.4814303278688524 0.38872216599190285 0.4452592213114754 0.388498987854251 0.399140368852459 0.3869377530364373 0.37517622950819673 0.38091396761133606 0.38647950819672133
0 0.31817358299595144 0.5862592213114753 0.32846255060728746 0.5701055327868852 0.33440435222672066 0.5724559426229509 0.3477368421052632 0.5842038934426229 0.35817105263157895 0.5897838114754098 0.3649822874493927 0.6032950819672132 0.3696199392712551 0.6132807377049181 0.36150455465587045 0.6332530737704918 0.35512803643724694 0.6629170081967213 0.34846153846153843 0.6922868852459017 0.34092560728744936 0.7113780737704918 0.32802783400809715 0.7469170081967212 0.31469534412955463 0.7613084016393443 0.30933350202429155 0.7621895491803279 0.306 0.7498534836065573 0.3071594129554656 0.7157838114754098 0.3070146761133603 0.6931680327868853 0.3071594129554656 0.6746649590163935 0.3080288461538461 0.6502879098360657 0.30976821862348175 0.6309026639344262 0.31484008097165994 0.6035881147540983 0.31556477732793525 0.598889344262295
0 0.36483755060728745 0.6640911885245901 0.36208400809716595 0.6367766393442623 0.36411285425101214 0.6197418032786886 0.3673011133603239 0.6062315573770491 0.3752717611336033 0.5997704918032787 0.3928071862348178 0.6050563524590163 0.402371963562753 0.6100502049180327 0.4081685222672065 0.6144549180327868 0.4159944331983806 0.627672131147541 0.4141103238866397 0.6467633196721312 0.4051255060728745 0.6823012295081967 0.3977343117408907 0.7052100409836065 0.3919377530364373 0.7295881147540983 0.3871553643724696 0.7436854508196721 0.3788947368421053 0.7712940573770491 0.3735328947368421 0.7856854508196721 0.3661417004048583 0.794202868852459 0.3580263157894737 0.7886229508196722 0.3494762145748988 0.7806926229508196 0.345707995951417 0.7680635245901639 0.3449838056680162 0.7571967213114754 0.3536786437246964 0.7107909836065573 0.35991042510121457 0.6831823770491803 0.36280870445344127 0.6702592213114754
0 0.4086320850202429 0.38955225409836064 0.4045425101214575 0.42488217213114754 0.4019342105263158 0.4601270491803279 0.4003400809716599 0.4941967213114754 0.3974412955465587 0.5147561475409836 0.3929488866396761 0.5297346311475409 0.38802176113360326 0.5400143442622951 0.3897606275303644 0.558811475409836 0.4048324898785425 0.576140368852459 0.410919028340081 0.5749651639344263 0.41700556680161943 0.5734969262295081 0.4245414979757085 0.5567561475409836 0.42468623481781376 0.5335532786885246 0.4238168016194332 0.5147561475409836 0.4245414979757085 0.4941967213114754 0.4235268218623482 0.47334323770491804 0.4206285425101215 0.45043442622950824 0.41903441295546556 0.43105020491803275 0.41613613360323887 0.4084344262295082 0.41280313765182186 0.3946301229508197 0.4110637651821862 0.39022438524590164
0 0.42842712550607287 0.4101229508196721 0.41799291497975705 0.5158565573770492 0.41842763157894736 0.547576844262295 0.41915232793522267 0.5669610655737706 0.419587044534413 0.5837028688524589 0.42451417004048586 0.5945696721311475 0.4342236842105263 0.5913391393442623 0.4417596153846154 0.5751854508196721 0.4479908906882591 0.5740102459016394 0.45480212550607285 0.5707797131147541 0.45857034412955466 0.5455204918032787 0.4561067813765182 0.5185 0.45146912955465585 0.49471004098360655 0.44987499999999997 0.4700389344262295 0.44335374493927127 0.42686372950819673 0.44016548582995957 0.4121782786885246 0.43552783400809714 0.4054231557377049 0.43031072874493925 0.4051301229508196
0 0.45399746963562754 0.39900409836065576 0.4493603238866397 0.429843237704918 0.4496497975708502 0.4571577868852459 0.4486356275303644 0.5158995901639344 0.4483456477732794 0.5361649590163935 0.4483456477732794 0.5590737704918032 0.450085020242915 0.5772838114754099 0.4555915991902834 0.5887377049180327 0.460373987854251 0.5928504098360655 0.46733046558704455 0.5957868852459017 0.4732717611336032 0.5831577868852459 0.47834412955465583 0.5678852459016394 0.4825465587044534 0.5537868852459016 0.4829817813765182 0.5405706967213114 0.4805177125506073 0.5226547131147541 0.47544585020242913 0.49798360655737706 0.4708081983805668 0.4721372950819672 0.46993876518218625 0.4451157786885246 0.4687793522267206 0.4280809426229508 0.4667505060728745 0.4060532786885246 0.4626928137651822 0.3893125 0.4589251012145749 0.38637499999999997 0.4545774291497976 0.3890184426229508
0 0.7579701417004049 0.6478411885245902 0.7627085020242915 0.6142305327868853 0.7590470647773279 0.5902233606557377 0.7575394736842105 0.5692704918032786 0.7642160931174089 0.5583575819672131 0.7773542510121457 0.557921106557377 0.7935080971659919 0.5592315573770491 0.8103076923076923 0.564469262295082 0.8225840080971659 0.5828022540983607 0.8219377530364372 0.612048155737705 0.8087995951417004 0.6260163934426229 0.7956614372469636 0.6364928278688524 0.7883385627530365 0.6661741803278689 0.780585020242915 0.6718493852459017 0.7687393724696356 0.6696670081967213
0 0.7442914979757085 0.4003924180327869 0.7533375506072875 0.4449159836065574 0.7595835020242915 0.46717725409836064 0.7634605263157894 0.49293135245901637 0.7701371457489878 0.503844262295082 0.7789676113360324 0.5125737704918033 0.7884443319838056 0.5073360655737705 0.7936133603238866 0.4907489754098361 0.8030900809716599 0.47459836065573774 0.8065364372469636 0.46281249999999996 0.8022287449392712 0.4453524590163934 0.7946902834008097 0.43487602459016395 0.7832753036437247 0.41959836065573775 0.7733679149797571 0.40781352459016396 0.7494605263157894 0.39777356557377047 0.746660931174089 0.39602766393442623
0 0.7196356275303644 0.3985655737704918 0.7181174089068826 0.42008196721311475 0.722165991902834 0.4600409836065574 0.7201417004048583 0.49077868852459017 0.7282388663967612 0.5440573770491803 0.7444331983805668 0.5461065573770492 0.7611336032388664 0.5317622950819673 0.7641700404858299 0.5256147540983607 0.7656882591093117 0.4969262295081967 0.742914979757085 0.41290983606557374 0.7368421052631579 0.4026639344262295 0.7322874493927125 0.3831967213114754 0.7241902834008097 0.38422131147540983
0 0.707995951417004 0.6137295081967213 0.708502024291498 0.6301229508196722 0.7201417004048583 0.6577868852459017 0.7343117408906883 0.7059426229508197 0.7560728744939271 0.7438524590163934 0.7631578947368421 0.7438524590163934 0.7697368421052632 0.7274590163934426 0.7722672064777328 0.6977459016393442 0.7641700404858299 0.6536885245901639 0.7611336032388664 0.6311475409836066 0.7611336032388664 0.6065573770491803 0.7575910931174089 0.5942622950819673 0.7515182186234818 0.5829918032786885 0.7439271255060729 0.5829918032786885 0.7373481781376519 0.5922131147540983 0.7201417004048583 0.5993852459016393
0 0.6553643724696356 0.6290983606557377 0.6568825910931174 0.6536885245901639 0.6659919028340081 0.6690573770491803 0.680161943319838 0.7182377049180327 0.6882591093117408 0.7581967213114754 0.6928137651821862 0.7684426229508197 0.7009109311740891 0.7838114754098361 0.708502024291498 0.7848360655737705 0.7115384615384616 0.7817622950819673 0.7135627530364372 0.7704918032786885 0.7241902834008097 0.764344262295082 0.7246963562753036 0.7438524590163934 0.7120445344129555 0.6721311475409836 0.7120445344129555 0.6413934426229508 0.7044534412955465 0.6137295081967213 0.6907894736842105 0.6096311475409836 0.6771255060728745 0.6198770491803278 0.6619433198380567 0.6209016393442623
0 0.6246578947368422 0.6336967213114755 0.6258218623481782 0.6558135245901638 0.6285425101214575 0.6649590163934426 0.6356275303643725 0.6854508196721312 0.6406882591093117 0.7120901639344263 0.6396761133603239 0.7202868852459017 0.6437246963562753 0.7295081967213115 0.6482793522267206 0.7592213114754098 0.6553643724696356 0.7756147540983607 0.6609311740890689 0.798155737704918 0.6659919028340081 0.8063524590163934 0.6700404858299596 0.8043032786885246 0.673582995951417 0.7899590163934426 0.6695344129554656 0.7561475409836066 0.6619433198380567 0.6383196721311475 0.6558704453441295 0.6280737704918032 0.6422064777327935 0.6280737704918032
0 0.687753036437247 0.45081967213114754 0.6857287449392713 0.48155737704918034 0.6771255060728745 0.5245901639344263 0.6791497975708503 0.5573770491803278 0.6852226720647774 0.5676229508196722 0.6923076923076923 0.5706967213114754 0.6968623481781376 0.5717213114754098 0.7044534412955465 0.5635245901639344 0.7165991902834008 0.5706967213114754 0.7246963562753036 0.5584016393442623 0.7267206477732794 0.5461065573770492 0.7176113360323887 0.42008196721311475 0.7004048582995951 0.42315573770491804
0 0.6437246963562753 0.5276639344262295 0.6432186234817814 0.5502049180327869 0.6477732793522267 0.5717213114754098 0.659919028340081 0.5727459016393442 0.6715587044534413 0.5829918032786885 0.6791497975708503 0.576844262295082 0.6842105263157895 0.5665983606557377 0.6761133603238867 0.45491803278688525 0.6766194331983806 0.4344262295081967 0.673582995951417 0.4088114754098361 0.6700404858299596 0.39959016393442626 0.6634615384615384 0.4036885245901639 0.6503036437246964 0.4344262295081967 0.6518218623481782 0.4692622950819672
0 0.6143724696356275 0.5389344262295082 0.6138663967611336 0.5645491803278688 0.6158906882591093 0.5737704918032787 0.6381578947368421 0.5963114754098361 0.645748987854251 0.5932377049180327 0.6538461538461539 0.5758196721311475 0.6553643724696356 0.5635245901639344 0.6482793522267206 0.5102459016393442 0.652834008097166 0.4672131147540984 0.6518218623481782 0.44672131147540983 0.6538461538461539 0.4395491803278688 0.6503036437246964 0.42725409836065575 0.6305668016194332 0.43135245901639346 0.6255060728744939 0.4682377049180328 0.6219635627530364 0.47438524590163933
0 0.603744939271255 0.6608606557377049 0.6027327935222672 0.6741803278688525 0.6189271255060729 0.7971311475409836 0.6239878542510121 0.8125 0.6351214574898786 0.8114754098360656 0.638663967611336 0.7786885245901639 0.6366396761133604 0.7612704918032787 0.6371457489878543 0.6905737704918032 0.6351214574898786 0.6383196721311475 0.6229757085020243 0.6311475409836066 0.6148785425101214 0.6331967213114754
0 0.5895748987854251 0.5440573770491803 0.590080971659919 0.5727459016393442 0.6017206477732794 0.6034836065573771 0.6108299595141701 0.6034836065573771 0.6219635627530364 0.5799180327868853 0.617914979757085 0.5256147540983607 0.6214574898785425 0.48975409836065575 0.618421052631579 0.42725409836065575 0.6072874493927125 0.4047131147540984
0 0.5652834008097166 0.5584016393442623 0.5642712550607287 0.5922131147540983 0.5673076923076923 0.6004098360655737 0.5769230769230769 0.6055327868852459 0.5865384615384616 0.5922131147540983 0.5890688259109311 0.5829918032786885 0.5905870445344129 0.47540983606557374 0.5890688259109311 0.4426229508196721 0.5860323886639676 0.4364754098360656 0.5799595141700404 0.4364754098360656 0.5774291497975709 0.4405737704918033 0.5723684210526315 0.48155737704918034 0.5723684210526315 0.5112704918032787 0.5688259109311741 0.5245901639344263
0 0.5435222672064778 0.4661885245901639 0.5374493927125507 0.5512295081967213 0.5379554655870445 0.5952868852459017 0.5465587044534413 0.6045081967213115 0.5602226720647774 0.6024590163934426 0.5652834008097166 0.5901639344262295 0.5668016194331984 0.5686475409836066 0.5662955465587044 0.5450819672131147 0.5637651821862348 0.5327868852459017 0.5657894736842105 0.48258196721311475 0.5632591093117408 0.4405737704918033 0.5602226720647774 0.42418032786885246 0.5561740890688259 0.42008196721311475 0.5511133603238867 0.42213114754098363 0.5455465587044535 0.444672131147541
0 0.5101214574898786 0.48155737704918034 0.5091093117408907 0.5286885245901639 0.506578947368421 0.5461065573770492 0.507085020242915 0.5891393442622951 0.5172064777327935 0.6034836065573771 0.5334008097165992 0.6024590163934426 0.5369433198380567 0.5932377049180327 0.5374493927125507 0.576844262295082 0.5334008097165992 0.5307377049180327 0.5339068825910931 0.49385245901639346 0.5313765182186235 0.45491803278688525 0.5222672064777328 0.42315573770491804 0.5161943319838057 0.42520491803278687 0.513663967611336 0.4364754098360656
0 0.48582995951417 0.4108606557377049 0.4807692307692308 0.5686475409836066 0.48633603238866396 0.5891393442622951 0.49898785425101216 0.5983606557377049 0.5040485829959515 0.5932377049180327 0.5080971659919028 0.5809426229508197 0.5080971659919028 0.5635245901639344 0.5030364372469636 0.5276639344262295 0.5005060728744939 0.4395491803278688 0.49544534412955465 0.4067622950819672 0.49038461538461536 0.4057377049180328
0 0.4043522267206478 0.6659836065573771 0.3972672064777328 0.7592213114754098 0.3972672064777328 0.7817622950819673 0.40030364372469635 0.7971311475409836 0.4043522267206478 0.7971311475409836 0.40789473684210525 0.7909836065573771 0.42105263157894735 0.7469262295081968 0.430668016194332 0.680327868852459 0.43775303643724695 0.6618852459016393 0.43876518218623484 0.6454918032786885 0.4316801619433198 0.632172131147541 0.41194331983805665 0.6301229508196722 0.4068825910931174 0.6383196721311475
0 0.4266194331983806 0.7592213114754098 0.42459514170040485 0.8022540983606558 0.42813765182186236 0.8094262295081968 0.4367408906882591 0.8114754098360656 0.4640688259109312 0.6721311475409836 0.4600202429149798 0.6454918032786885 0.45445344129554655 0.6311475409836066 0.4433198380566802 0.632172131147541 0.43623481781376516 0.6495901639344263 0.4331983805668016 0.6844262295081968 0.43370445344129555 0.7223360655737705
0 0.4559716599190283 0.7684426229508197 0.4574898785425101 0.8084016393442623 0.4590080971659919 0.8125 0.46963562753036436 0.8104508196721312 0.47469635627530365 0.7899590163934426 0.49190283400809715 0.6772540983606558 0.49190283400809715 0.6526639344262295 0.48582995951417 0.6331967213114754 0.47520242914979755 0.6342213114754098 0.4676113360323887 0.6506147540983607
0 0.49291497975708504 0.6352459016393442 0.4939271255060729 0.680327868852459 0.4964574898785425 0.7008196721311475 0.49291497975708504 0.7879098360655737 0.4974696356275304 0.7940573770491803 0.5091093117408907 0.7909836065573771 0.5177125506072875 0.6290983606557377 0.5146761133603239 0.6168032786885246 0.5086032388663968 0.6096311475409836 0.5025303643724697 0.6086065573770492 0.4964574898785425 0.6147540983606558
0 0.5121457489878543 0.6413934426229508 0.5101214574898786 0.6618852459016393 0.5141700404858299 0.7069672131147541 0.5126518218623481 0.7807377049180327 0.513663967611336 0.7920081967213115 0.5197368421052632 0.7920081967213115 0.5227732793522267 0.7899590163934426 0.527834008097166 0.7745901639344263 0.5303643724696356 0.6362704918032787 0.5288461538461539 0.6270491803278688 0.5177125506072875 0.6260245901639344
0 0.5677120445344129 0.6445030737704918 0.5692302631578947 0.7889702868852458 0.5778335020242915 0.8197079918032787 0.581376012145749 0.8166342213114753 0.5859306680161943 0.8033145491803279 0.5980764170040486 0.6506506147540984 0.5960521255060729 0.6352817622950819 0.5864367408906882 0.6240112704918033 0.5727727732793522 0.6291342213114753
0 0.5288461538461539 0.6342213114754098 0.52834008097166 0.6516393442622951 0.5313765182186235 0.673155737704918 0.5308704453441295 0.7756147540983607 0.534919028340081 0.7848360655737705 0.5409919028340081 0.7879098360655737 0.5450404858299596 0.7633196721311475 0.5450404858299596 0.7172131147540983 0.5531376518218624 0.6301229508196722 0.5354251012145749 0.6239754098360656 0.5308704453441295 0.6260245901639344
0 0.548582995951417 0.7151639344262295 0.5490890688259109 0.7756147540983607 0.5546558704453441 0.7899590163934426 0.5607287449392713 0.7909836065573771 0.5637651821862348 0.7838114754098361 0.5632591093117408 0.7520491803278688 0.569838056680162 0.701844262295082 0.5708502024291497 0.6331967213114754 0.5612348178137652 0.6311475409836066 0.5536437246963563 0.639344262295082