0 0.2692307692307692 0.41188524590163933 0.27039018218623484 0.45403278688524595 0.2550607287449393 0.5163934426229508 0.2555668016194332 0.5399590163934426 0.2667004048582996 0.5543032786885246 0.2834008097165992 0.5635245901639344 0.29048582995951416 0.5573770491803278 0.29605263157894735 0.5389344262295082 0.29554655870445345 0.4661885245901639 0.2930161943319838 0.4385245901639344 0.28846153846153844 0.4139344262295082 0.2813765182186235 0.39549180327868855 0.2742914979757085 0.3985655737704918
0 0.2990890688259109 0.5092213114754098 0.298582995951417 0.5215163934426229 0.3183198380566802 0.5317622950819673 0.32186234817813764 0.514344262295082 0.32540485829959515 0.4661885245901639 0.31376518218623484 0.4661885245901639
0 0.3825910931174089 0.5245901639344263 0.3805668016194332 0.5758196721311475 0.3825910931174089 0.6014344262295082 0.3952429149797571 0.6086065573770492 0.4058704453441296 0.6004098360655737 0.4084008097165992 0.5952868852459017 0.4043522267206478 0.5461065573770492 0.4058704453441296 0.5245901639344263 0.3992914979757085 0.47438524590163933 0.3917004048582996 0.4702868852459016 0.3851214574898785 0.48258196721311475
0 0.4023279352226721 0.45491803278688525 0.40131578947368424 0.4661885245901639 0.4043522267206478 0.48770491803278687 0.40384615384615385 0.5747950819672131 0.4089068825910931 0.5942622950819673 0.4089068825910931 0.6034836065573771 0.4175101214574899 0.6096311475409836 0.4291497975708502 0.5901639344262295 0.42864372469635625 0.507172131147541 0.4215587044534413 0.4702868852459016 0.4185222672064777 0.4672131147540984 0.41548582995951416 0.444672131147541 0.4104251012145749 0.444672131147541
0 0.4271255060728745 0.46209016393442626 0.43218623481781376 0.5891393442622951 0.43775303643724695 0.6086065573770492 0.4478744939271255 0.610655737704918 0.4600202429149798 0.5911885245901639 0.4600202429149798 0.5737704918032787 0.45546558704453444 0.5512295081967213 0.4478744939271255 0.47438524590163933 0.4438259109311741 0.45594262295081966 0.4352226720647773 0.4364754098360656 0.4291497975708502 0.4395491803278688
0 0.45445344129554655 0.4415983606557377 0.4605263157894737 0.5676229508196722 0.4640688259109312 0.5983606557377049 0.4706477732793522 0.6086065573770492 0.48380566801619435 0.6045081967213115 0.4883603238866397 0.5911885245901639 0.4757085020242915 0.4774590163934426 0.4625506072874494 0.44364754098360654 0.458502024291498 0.4395491803278688
0 0.4893724696356275 0.4764344262295082 0.49038461538461536 0.5727459016393442 0.4934210526315789 0.6034836065573771 0.5015182186234818 0.6168032786885246 0.5141700404858299 0.6147540983606558 0.5187246963562753 0.6065573770491803 0.5187246963562753 0.5747950819672131 0.5141700404858299 0.5338114754098361 0.5131578947368421 0.49385245901639346 0.5055668016194332 0.46209016393442626 0.4939271255060729 0.4610655737704918
0 0.5197368421052632 0.5799180327868853 0.5192307692307693 0.6024590163934426 0.5217611336032388 0.610655737704918 0.5409919028340081 0.6157786885245902 0.5455465587044535 0.6045081967213115 0.5495951417004049 0.5174180327868853 0.5480769230769231 0.4661885245901639 0.5445344129554656 0.4323770491803279 0.5409919028340081 0.43135245901639346 0.5354251012145749 0.4385245901639344 0.5308704453441295 0.46209016393442626
0 0.555161943319838 0.5727459016393442 0.555161943319838 0.5993852459016393 0.5602226720647774 0.6055327868852459 0.5754048582995951 0.6004098360655737 0.5804655870445344 0.5870901639344263 0.5809716599190283 0.4651639344262295 0.5804655870445344 0.45081967213114754 0.576417004048583 0.4375 0.5723684210526315 0.4385245901639344 0.5652834008097166 0.45901639344262296 0.5597165991902834 0.5389344262295082
0 0.582995951417004 0.5635245901639344 0.583502024291498 0.5901639344262295 0.5946356275303644 0.6024590163934426 0.6052631578947368 0.6024590163934426 0.6123481781376519 0.5881147540983607 0.6199392712550608 0.44364754098360654 0.6189271255060729 0.41290983606557374 0.6148785425101214 0.4139344262295082 0.6067813765182186 0.42725409836065575
0 0.6123481781376519 0.5379098360655737 0.611336032388664 0.5911885245901639 0.6255060728744939 0.5952868852459017 0.6310728744939271 0.6086065573770492 0.6396761133603239 0.6055327868852459 0.645748987854251 0.5881147540983607 0.6477732793522267 0.5717213114754098 0.6523279352226721 0.41905737704918034 0.6467611336032388 0.39959016393442626 0.6346153846153846 0.39549180327868855 0.6204453441295547 0.41188524590163933
0 0.6371457489878543 0.5706967213114754 0.6366396761133604 0.5911885245901639 0.6391700404858299 0.5942622950819673 0.6459175101214575 0.5932377049180327 0.6619433198380567 0.6086065573770492 0.6725708502024291 0.5963114754098361 0.673582995951417 0.5608606557377049 0.6857287449392713 0.45081967213114754 0.6821862348178138 0.4180327868852459 0.6740890688259109 0.41290983606557374 0.6619433198380567 0.41598360655737704 0.6503036437246964 0.42725409836065575 0.6467611336032388 0.4989754098360656
0 0.6761133603238867 0.5317622950819673 0.6730769230769231 0.5676229508196722 0.6740890688259109 0.5911885245901639 0.6766194331983806 0.6004098360655737 0.7004048582995951 0.6075819672131147 0.7100202429149798 0.6034836065573771 0.7140688259109311 0.5829918032786885 0.7120445344129555 0.5604508196721312 0.7135627530364372 0.5307377049180327 0.7246963562753036 0.44672131147540983 0.7140688259109311 0.4405737704918033 0.687246963562753 0.44364754098360654
0 0.7130566801619433 0.5491803278688525 0.7135627530364372 0.569672131147541 0.722165991902834 0.5860655737704918 0.742914979757085 0.5778688524590164 0.7525303643724697 0.5625 0.7515182186234818 0.4723360655737705 0.7474696356275303 0.430327868852459 0.7398785425101214 0.42520491803278687 0.729251012145749 0.42827868852459017
0 0.742914979757085 0.5850409836065574 0.7413967611336032 0.6004098360655737 0.7459514170040485 0.6188524590163934 0.759952935222672 0.6410522540983606 0.770242914979757 0.6711065573770492 0.7747975708502024 0.694672131147541 0.7909919028340081 0.6997950819672131 0.7980769230769231 0.6967213114754098 0.8016194331983806 0.6895491803278688 0.805668016194332 0.6618852459016393 0.8016194331983806 0.6065573770491803 0.7828947368421053 0.5543032786885246 0.7727732793522267 0.5543032786885246
0 0.6968623481781376 0.6229508196721312 0.6973684210526315 0.6454918032786885 0.708502024291498 0.6700819672131147 0.7176113360323887 0.7049180327868853 0.728744939271255 0.7346311475409836 0.742914979757085 0.75 0.757085020242915 0.7366803278688525 0.7596153846153846 0.7008196721311475 0.7506447368421052 0.6654487704918032 0.7454453441295547 0.6198770491803278 0.7398785425101214 0.6004098360655737 0.7282388663967612 0.5973360655737705 0.7211538461538461 0.6004098360655737
0 0.6411943319838057 0.6137295081967213 0.6422064777327935 0.6434426229508197 0.6604251012145749 0.7469262295081968 0.6700404858299596 0.7817622950819673 0.6751012145748988 0.7899590163934426 0.6816801619433198 0.7909836065573771 0.6842105263157895 0.7817622950819673 0.6705718623481781 0.7258411885245902 0.67459008097166 0.7002909836065574 0.6834868421052631 0.7107438524590164 0.6923076923076923 0.7715163934426229 0.6953441295546559 0.7827868852459017 0.7004048582995951 0.7889344262295082 0.7049595141700404 0.7909836065573771 0.708502024291498 0.7858606557377049 0.7130566801619433 0.7756147540983607 0.7125506072874493 0.7622950819672131 0.7019230769230769 0.7223360655737705 0.6953441295546559 0.6752049180327869 0.6958502024291497 0.6219262295081968 0.6811740890688259 0.6157786885245902 0.667004048582996 0.6188524590163934 0.6477732793522267 0.6086065573770492
0 0.5905870445344129 0.6434426229508197 0.5986842105263158 0.7387295081967213 0.6108299595141701 0.7848360655737705 0.6153846153846154 0.7920081967213115 0.6209514170040485 0.7827868852459017 0.6239878542510121 0.7592213114754098 0.6194331983805668 0.6362704918032787 0.6153846153846154 0.625 0.6067813765182186 0.6168032786885246 0.6012145748987854 0.6209016393442623
0 0.5683198380566802 0.6413934426229508 0.5678137651821862 0.6926229508196722 0.5759109311740891 0.7520491803278688 0.5840080971659919 0.7715163934426229 0.5915991902834008 0.7715163934426229 0.59665991902834 0.7192622950819673 0.5890688259109311 0.632172131147541 0.583502024291498 0.6260245901639344 0.5779352226720648 0.6270491803278688 0.5718623481781376 0.6301229508196722
0 0.5425101214574899 0.6434426229508197 0.5404858299595142 0.6834016393442623 0.5470647773279352 0.735655737704918 0.5526315789473685 0.7612704918032787 0.5602226720647774 0.7612704918032787 0.5642712550607287 0.7336065573770492 0.5642712550607287 0.6372950819672131 0.5612348178137652 0.6311475409836066 0.5521255060728745 0.6311475409836066 0.5465587044534413 0.6342213114754098
0 0.5192307692307693 0.6352459016393442 0.5187246963562753 0.6752049180327869 0.5237854251012146 0.7264344262295082 0.527834008097166 0.7469262295081968 0.5328947368421053 0.75 0.5369433198380567 0.7284836065573771 0.5374493927125507 0.6383196721311475 0.5328947368421053 0.6311475409836066
0 0.4964574898785425 0.6383196721311475 0.4959514170040486 0.6813524590163934 0.49949392712550605 0.7295081967213115 0.5010121457489879 0.735655737704918 0.507085020242915 0.7397540983606558 0.5131578947368421 0.7274590163934426 0.5156882591093117 0.6372950819672131 0.5131578947368421 0.6311475409836066 0.5 0.6311475409836066
0 0.47469635627530365 0.6485655737704918 0.47368421052631576 0.7397540983606558 0.47520242914979755 0.7520491803278688 0.4817813765182186 0.7581967213114754 0.4908906882591093 0.7131147540983607 0.4959514170040486 0.6403688524590164 0.4939271255060729 0.6362704918032787 0.4782388663967611 0.6372950819672131
0 0.45040485829959515 0.6424180327868853 0.4478744939271255 0.6752049180327869 0.4493927125506073 0.7592213114754098 0.4509109311740891 0.7715163934426229 0.458502024291498 0.7776639344262295 0.4640688259109312 0.7581967213114754 0.4681174089068826 0.7243852459016393 0.4706477732793522 0.6495901639344263 0.4665991902834008 0.632172131147541 0.4640688259109312 0.6311475409836066
0 0.42054655870445345 0.6557377049180327 0.4240890688259109 0.7827868852459017 0.4316801619433198 0.7868852459016393 0.43876518218623484 0.7715163934426229 0.44635627530364375 0.7397540983606558 0.4493927125506073 0.6475409836065574 0.4397773279352227 0.6219262295081968 0.43724696356275305 0.6209016393442623 0.4251012145748988 0.632172131147541
0 0.35020242914979755 0.625 0.3507085020242915 0.6547131147540983 0.3426113360323887 0.7581967213114754 0.3436234817813765 0.7745901639344263 0.3466599190283401 0.7786885245901639 0.354251012145749 0.7725409836065574 0.3675015182186235 0.6982940573770492 0.3700845141700405 0.723264344262295 0.3643724696356275 0.7827868852459017 0.3699392712550607 0.7827868852459017 0.375 0.7776639344262295 0.3815789473684211 0.7581967213114754 0.3896761133603239 0.694672131147541 0.3982793522267207 0.6577868852459017 0.39979757085020245 0.6147540983606558 0.3851214574898785 0.610655737704918 0.37196356275303644 0.6004098360655737 0.3522267206477733 0.6147540983606558
0 0.2894736842105263 0.6967213114754098 0.28643724696356276 0.7202868852459017 0.2909919028340081 0.742827868852459 0.29453441295546556 0.7469262295081968 0.3168016194331984 0.742827868852459 0.3299595141700405 0.7243852459016393 0.33451417004048584 0.7090163934426229 0.33451417004048584 0.6977459016393442 0.3507085020242915 0.6413934426229508 0.35121457489878544 0.6147540983606558 0.34210526315789475 0.6055327868852459 0.319331983805668 0.5942622950819673 0.3107287449392713 0.5952868852459017 0.30465587044534415 0.6188524590163934 0.3041497975708502 0.6377049180327868 0.30307034412955464 0.6622909836065574 0.2935222672064777 0.6875
0 0.2606275303643725 0.5911885245901639 0.25050607287449395 0.6577868852459017 0.24493927125506074 0.6772540983606558 0.24595141700404857 0.6926229508196722 0.2565789473684211 0.6997950819672131 0.25860323886639675 0.7090163934426229 0.27530364372469635 0.6926229508196722 0.2909919028340081 0.6608606557377049 0.3041497975708502 0.6270491803278688 0.3081983805668016 0.6014344262295082 0.30718623481781376 0.5932377049180327 0.3021255060728745 0.5840163934426229 0.277834008097166 0.5655737704918032 0.26720647773279355 0.569672131147541