0 0.4008097165991903 0.4604190573770492 0.40131578947368424 0.5331649590163935 0.3952429149797571 0.5997633196721311 0.40131578947368424 0.6151321721311476 0.40789473684210525 0.6202551229508197 0.4190283400809717 0.6038616803278689 0.42054655870445345 0.5956649590163935 0.4180161943319838 0.5321403688524591 0.4200404858299595 0.5290665983606557 0.42206477732793524 0.4686157786885246 0.4215587044534413 0.44914856557377053 0.4180161943319838 0.4368534836065574 0.40789473684210525 0.4348043032786886 0.4048582995951417 0.4378780737704918
0 0.42288107287449395 0.5670389344262294 0.41877884615384614 0.5908483606557378 0.424 0.6184375 0.4370536437246964 0.6169252049180328 0.4465637651821862 0.5991629098360656 0.45103947368421055 0.5814006147540983 0.44302074898785426 0.5330256147540983 0.43295091093117405 0.4411895491803279 0.42661082995951416 0.4302295081967213 0.4212029352226721 0.44572438524590163 0.4195247975708502 0.4740686475409836 0.42362702429149796 0.5190420081967213 0.42232186234817815 0.5575911885245901
0 0.39614777327935224 0.7368678278688524 0.40714979757085024 0.6956741803278688 0.41367661943319833 0.6673299180327869 0.4172196356275304 0.6507008196721311 0.4233734817813765 0.6404969262295082 0.43307034412955464 0.6420081967213115 0.4353081983805668 0.6559918032786886 0.4278486842105263 0.6828247950819673 0.4188977732793522 0.7153268442622951 0.4088284412955466 0.7421588114754099 0.4021148785425101 0.7538750000000001 0.3965207489878542 0.7489620901639344
0 0.4368046558704453 0.7681465163934427 0.4317697368421053 0.7046547131147541 0.43475354251012144 0.638139344262295 0.44072064777327935 0.6173534836065574 0.44911234817813767 0.6109282786885245 0.45974139676113357 0.616219262295082 0.46253846153846156 0.6370061475409836 0.46272520242914983 0.668373975409836 0.45974139676113357 0.7197725409836067 0.45526568825910935 0.7560532786885246 0.4520956477732794 0.7821301229508197 0.4453825910931174 0.7825081967213114 0.4396017206477733 0.7726823770491804
0 0.474037955465587 0.8012602459016394 0.47124038461538464 0.7298319672131148 0.4650870445344129 0.6791895491803279 0.46098431174089066 0.6621823770491803 0.46079807692307695 0.6436639344262295 0.469376012145749 0.6342161885245902 0.47888613360323884 0.6240122950819672 0.4848532388663968 0.6368616803278688 0.4870910931174089 0.6516004098360656 0.487464068825911 0.6791895491803279 0.48988815789473683 0.705266393442623 0.4911938259109312 0.7547756147540983 0.48970192307692306 0.7793401639344262 0.4828021255060729 0.7971034836065574
0 0.5069352226720647 0.7640358606557377 0.49220394736842105 0.7020553278688525 0.48791497975708503 0.6759784836065573 0.4830662955465587 0.6601055327868853 0.48232034412955466 0.6517909836065574 0.4920172064777328 0.6408309426229508 0.502087044534413 0.6449887295081967 0.5093598178137652 0.6536803278688524 0.5121568825910932 0.6778678278688525 0.5168188259109312 0.7039456967213116 0.5199888663967611 0.7322899590163935 0.5183107287449393 0.7545881147540983 0.5129028340080971 0.7663032786885247
0 0.44653289473684216 0.4200676229508197 0.452127024291498 0.49829918032786885 0.452127024291498 0.5391157786885246 0.44671912955465587 0.5693493852459016 0.44634615384615384 0.6018514344262296 0.452872975708502 0.621126024590164 0.4653669028340081 0.6192356557377049 0.47562297570850204 0.600717213114754 0.4746907894736842 0.5795532786885246 0.47077479757085017 0.5580112704918033 0.4696558704453441 0.5217305327868853 0.4655536437246963 0.48015881147540984 0.4608917004048583 0.44652254098360655 0.45809412955465584 0.4196895491803279 0.4515678137651822 0.41024180327868853
0 0.47273785425101217 0.4376198770491804 0.4773997975708502 0.48826229508196717 0.4766538461538462 0.5347479508196721 0.4764676113360324 0.5714067622950819 0.47273785425101217 0.5785870901639345 0.4740435222672065 0.5989959016393442 0.4818755060728745 0.6186475409836065 0.4947424089068826 0.6133565573770492 0.5012692307692308 0.6020194672131148 0.49679352226720647 0.579343237704918 0.4945556680161943 0.5536444672131148 0.4926912955465587 0.5215204918032788 0.49138562753036436 0.48864036885245904 0.48896153846153845 0.4674764344262295 0.4842995951417004 0.44328893442622946 0.4770268218623482 0.4300614754098361 0.4738567813765182 0.42703790983606554 0.47311082995951415 0.43837602459016395
0 0.49797267206477736 0.450969262295082 0.5000242914979757 0.4944303278688525 0.5000242914979757 0.5360030737704918 0.49946457489878543 0.5654815573770492 0.49685425101214575 0.5828657786885245 0.4990915991902834 0.597983606557377 0.5084154858299595 0.6153678278688525 0.5197904858299595 0.6240604508196721 0.527622975708502 0.6206588114754099 0.527622975708502 0.5934477459016394 0.5246391700404858 0.5412940573770492 0.5203502024291498 0.49632069672131146 0.5166204453441295 0.4623073770491803 0.5127044534412956 0.43887499999999996 0.5082292510121458 0.43169467213114754 0.5011432186234818 0.4403872950819672
0 0.5129868421052631 0.6539323770491804 0.528252024291498 0.6468145491803279 0.532913967611336 0.6555071721311475 0.5379488866396761 0.7035030737704918 0.5392545546558705 0.7405409836065574 0.5398137651821863 0.7651055327868853 0.5353385627530364 0.7643504098360655 0.5260146761133603 0.7473432377049181 0.519674089068826 0.7208883196721312 0.5165040485829959 0.6906536885245902 0.5140799595141701 0.6717571721311475
0 0.5360713562753037 0.6466629098360656 0.5493238866396761 0.6449252049180327 0.5556644736842105 0.6460584016393442 0.5597667004048583 0.6800717213114754 0.5612586032388664 0.7023698770491804 0.5666664979757084 0.7280686475409837 0.5703957489878543 0.7518780737704918 0.5703957489878543 0.7692633196721312 0.5586477732793522 0.759436475409836 0.5487646761133603 0.7375174180327869 0.544288967611336 0.7087940573770491 0.5396275303643725 0.6823391393442623 0.5351518218623482 0.6660891393442623 0.5342196356275304 0.6521055327868853
0 0.5558213562753037 0.6435471311475409 0.5656002024291498 0.6301424180327869 0.5745511133603239 0.6308975409836065 0.5801457489878542 0.6335430327868852 0.5848076923076923 0.6456372950819673 0.584247975708502 0.6800286885245901 0.5872317813765182 0.7068616803278689 0.59021508097166 0.7416311475409836 0.5941310728744938 0.769219262295082 0.5969286437246963 0.7869825819672132 0.5887236842105263 0.7884938524590165 0.5814509109311741 0.7801793032786886 0.572872975708502 0.7556147540983607 0.5685840080971659 0.7102633196721311 0.563549089068826 0.6807848360655738 0.5579549595141701 0.6592428278688525
0 0.5449412955465588 0.43619774590163934 0.5356179149797571 0.48495081967213116 0.5344989878542511 0.525389344262295 0.530955971659919 0.5575133196721311 0.5289043522267206 0.5907704918032787 0.5292773279352228 0.6160922131147542 0.5393471659919028 0.622516393442623 0.5546381578947368 0.6187377049180328 0.561164979757085 0.6108012295081968 0.5639620445344129 0.586235655737705 0.5606057692307692 0.5612920081967213 0.560046052631579 0.5359713114754098 0.561537955465587 0.507248975409836 0.561164979757085 0.47058913934426233 0.5589271255060729 0.43808811475409837 0.5546381578947368 0.42674999999999996 0.5486710526315789 0.4282612704918033
0 0.5785592105263158 0.4237233606557377 0.5677439271255061 0.4498002049180328 0.5642009109311742 0.4747438524590164 0.5645738866396761 0.5068678278688524 0.5677439271255061 0.5348340163934426 0.5668112348178138 0.5624231557377048 0.5625222672064778 0.5824528688524591 0.5636411943319839 0.6062633196721311 0.5718461538461539 0.6123094262295082 0.5824757085020242 0.6077745901639344 0.5908669028340081 0.5854764344262294 0.588629048582996 0.5503299180327869 0.587323886639676 0.5023329918032787 0.5848997975708502 0.4660512295081967 0.5821027327935222 0.43808504098360657 0.5815430161943319 0.4248575819672131
0 0.591462044534413 0.700125 0.5888512145748988 0.6714026639344263 0.5815784412955466 0.6570409836065574 0.5800865384615385 0.6445696721311476 0.5836295546558704 0.6245399590163935 0.5890374493927126 0.6169805327868852 0.6000399797570851 0.6184928278688525 0.6065662955465587 0.6241618852459017 0.610669028340081 0.6453258196721311 0.6116012145748987 0.6732920081967213 0.6132798582995951 0.7073053278688525 0.6151442307692309 0.7401854508196721 0.6211118421052632 0.7628616803278688 0.625960020242915 0.7862930327868852 0.626705971659919 0.7980081967213115 0.6203658906882591 0.8090225409836066 0.6104822874493928 0.7984405737704918 0.6011584008097165 0.7727418032786886 0.595378036437247 0.7243668032786885
0 0.5914736842105263 0.5760389344262296 0.5921634615384616 0.5434426229508197 0.5975713562753036 0.5048944672131147 0.6005546558704453 0.4610543032786885 0.6044706477732793 0.4319538934426229 0.6145404858299596 0.4085225409836066 0.6236781376518218 0.4009641393442623 0.6275941295546559 0.4247735655737705 0.6270344129554656 0.46710143442622953 0.6229321862348178 0.5150983606557377 0.6199483805668017 0.5547807377049181 0.6167783400809717 0.5963524590163934 0.6126756072874494 0.6178944672131148 0.6067085020242915 0.6197848360655738 0.6007413967611336 0.615248975409836 0.5957064777327935 0.5940850409836066 0.5906715587044534 0.5842592213114753 0.5912307692307692 0.5767008196721312
0 0.6117434210526316 0.5642295081967214 0.6109974696356275 0.5732991803278689 0.6117434210526316 0.6016434426229508 0.6218132591093117 0.6046670081967213 0.6322560728744939 0.6171393442622951 0.6434443319838056 0.6163831967213115 0.6477332995951417 0.5993760245901639 0.648293016194332 0.572921106557377 0.6464281376518219 0.5305932377049181 0.6490389676113361 0.48750922131147545 0.6507171052631578 0.4512284836065574 0.6509038461538461 0.4175932377049181 0.6389691295546559 0.4225061475409836 0.6275941295546559 0.4432920081967213 0.6223724696356275 0.4897766393442623 0.6158461538461538 0.5249241803278689 0.6124893724696356 0.5555368852459016
0 0.6084023279352226 0.6513360655737704 0.6187125506072875 0.6790737704918033 0.6224418016194332 0.7085522540983606 0.6267307692307693 0.7452110655737705 0.6358684210526316 0.7792243852459017 0.6446325910931174 0.7992551229508197 0.6502272267206477 0.8011444672131148 0.6561943319838057 0.7928299180327869 0.6552621457489879 0.7659969262295082 0.6513461538461538 0.7346290983606558 0.6481756072874494 0.7066629098360655 0.6440733805668016 0.6730266393442623 0.6375465587044534 0.6367459016393443 0.6295283400809717 0.6155819672131148 0.6215096153846155 0.6193616803278688 0.6125587044534413 0.6314549180327869 0.6071508097165992 0.6435481557377049
0 0.6613076923076923 0.4300727459016393 0.6506786437246963 0.47315676229508197 0.6445247975708501 0.5151065573770492 0.6407950404858299 0.5517663934426229 0.637997975708502 0.5714180327868852 0.6417277327935224 0.595983606557377 0.6480678137651822 0.6027858606557377 0.6570187246963562 0.6103452868852459 0.6644777327935223 0.6103452868852459 0.6719367408906883 0.6058094262295082 0.6758527327935222 0.5872909836065574 0.6726826923076923 0.5661270491803279 0.6711907894736842 0.5351372950819672 0.6711907894736842 0.4841168032786885 0.6732419028340081 0.45161475409836066 0.6743608299595142 0.42931762295081966 0.6663426113360323 0.4262940573770492