0 0.242914979757085 0.5829918032786885 0.2424089068825911 0.5911885245901639 0.24949392712550608 0.6301229508196722 0.2606275303643725 0.6516393442622951 0.2682186234817814 0.6567622950819673 0.2909919028340081 0.6875 0.29706477732793524 0.6864754098360656 0.30313765182186236 0.6752049180327869 0.3132591093117409 0.6260245901639344 0.3102226720647773 0.5860655737704918 0.30364372469635625 0.5799180327868853 0.2925101214574899 0.5819672131147541 0.27125506072874495 0.5645491803278688 0.2682186234817814 0.5676229508196722 0.26366396761133604 0.5635245901639344 0.24949392712550608 0.5778688524590164 0.24493927125506074 0.5778688524590164
0 0.29453441295546556 0.6967213114754098 0.2930161943319838 0.7049180327868853 0.2965587044534413 0.7100409836065574 0.30364372469635625 0.735655737704918 0.3102226720647773 0.735655737704918 0.3188259109311741 0.7284836065573771 0.3527327935222672 0.6834016393442623 0.3674089068825911 0.6516393442622951 0.3699392712550607 0.6219262295081968 0.35880566801619435 0.6137295081967213 0.347165991902834 0.5911885245901639 0.333502024291498 0.5881147540983607 0.32540485829959515 0.5942622950819673 0.3157894736842105 0.6116803278688525
0 0.3714574898785425 0.7899590163934426 0.37044534412955465 0.8022540983606558 0.37398785425101216 0.8084016393442623 0.3810728744939271 0.8073770491803278 0.38917004048583 0.7930327868852459 0.40789473684210525 0.7469262295081968 0.416497975708502 0.7120901639344263 0.4342105263157895 0.6762295081967213 0.4357287449392713 0.6649590163934426 0.4331983805668016 0.6506147540983607 0.42611336032388664 0.6516393442622951 0.40941295546558704 0.6403688524590164 0.402834008097166 0.6454918032786885
0 0.3507085020242915 0.5655737704918032 0.35020242914979755 0.5881147540983607 0.3603238866396761 0.610655737704918 0.37803643724696356 0.6157786885245902 0.3937246963562753 0.6055327868852459 0.395748987854251 0.5952868852459017 0.3952429149797571 0.5625 0.39068825910931176 0.5276639344262295 0.3881578947368421 0.44672131147540983 0.3810728744939271 0.44672131147540983 0.37398785425101216 0.46209016393442626 0.3643724696356275 0.49385245901639346 0.3638663967611336 0.5061475409836066 0.35779352226720645 0.5256147540983607
0 0.3932186234817814 0.5020491803278688 0.39473684210526316 0.5963114754098361 0.3932186234817814 0.6034836065573771 0.39625506072874495 0.6116803278688525 0.4073886639676113 0.617827868852459 0.4230769230769231 0.6075819672131147 0.42611336032388664 0.6024590163934426 0.4256072874493927 0.5706967213114754 0.41194331983805665 0.45491803278688525 0.4048582995951417 0.4385245901639344 0.39979757085020245 0.4426229508196721 0.3967611336032389 0.4661885245901639 0.3977732793522267 0.47438524590163933
0 0.45394736842105265 0.6885245901639344 0.44129554655870445 0.8145491803278688 0.4509109311740891 0.8227459016393442 0.4590080971659919 0.819672131147541 0.46356275303643724 0.8063524590163934 0.4706477732793522 0.8012295081967213 0.47520242914979755 0.7848360655737705 0.4817813765182186 0.7202868852459017 0.48228744939271256 0.6813524590163934 0.48026315789473684 0.6588114754098361 0.4741902834008097 0.6372950819672131 0.4706477732793522 0.6352459016393442 0.4625506072874494 0.6424180327868853 0.45799595141700405 0.6567622950819673
0 0.42041295546558705 0.45083196721311475 0.41983097165991906 0.5699241803278688 0.4171158906882591 0.6013678278688525 0.42972165991902833 0.6300604508196721 0.44543066801619435 0.6147315573770491 0.456872975708502 0.602547131147541 0.46016953441295544 0.5813227459016393 0.44155212550607287 0.5027141393442623 0.4279762145748988 0.45318954918032783
0 0.42597570850202426 0.42094774590163936 0.4352849190283401 0.49405430327868854 0.4418785425101215 0.5498668032786885 0.44672722672064774 0.5895645491803279 0.45545394736842104 0.6178637295081967 0.4614660931174089 0.6182561475409836 0.46709008097165994 0.5986045081967214 0.4734903846153846 0.5687325819672131 0.4727145748987854 0.5471157786885246 0.4608841093117409 0.497984631147541 0.45118775303643727 0.4578944672131147 0.4428481781376518 0.4272366803278689
0 0.48258856275303647 0.44971516393442623 0.47551366396761136 0.528576844262295 0.47433451417004047 0.5737161885245902 0.470665991902834 0.5954897540983606 0.4756447368421053 0.6183247950819672 0.4896634615384616 0.6268217213114754 0.4973932186234818 0.6241659836065574 0.4992277327935223 0.5899129098360656 0.49529706477732793 0.5479600409836065 0.4935936234817814 0.4688329918032787 0.4930698380566802 0.439890368852459 0.4882221659919028 0.436969262295082
0 0.5081887651821863 0.4419313524590164 0.5018734817813765 0.493031762295082 0.5013491902834009 0.5349856557377048 0.4997768218623482 0.5665829918032788 0.49964574898785424 0.5949948770491804 0.4999078947368421 0.6183606557377049 0.5060657894736842 0.6313719262295082 0.5212636639676114 0.6350891393442623 0.530827935222672 0.6340276639344262 0.5292555668016194 0.5910122950819672 0.5228360323886639 0.5086987704918033 0.523490890688259 0.47152459016393444 0.5185121457489879 0.4319610655737705 0.5086862348178137 0.44205122950819675
0 0.5342241902834007 0.4645235655737705 0.5333071862348179 0.5508196721311476 0.5321280364372469 0.5866659836065574 0.5312105263157895 0.6179979508196722 0.5331761133603239 0.6302120901639344 0.5424782388663967 0.6339303278688525 0.5602965587044534 0.6249016393442622 0.5630475708502025 0.5959600409836066 0.5608203441295547 0.5670174180327868 0.5592484817813765 0.5386055327868852 0.5570207489878543 0.4969180327868853 0.5559726720647774 0.4756752049180328 0.5533527327935223 0.45576127049180326 0.5450986842105263 0.4392981557377049 0.541036943319838 0.42867725409836066
0 0.590796052631579 0.5949098360655737 0.5819655870445344 0.5051229508196722 0.5699792510121457 0.43850102459016393 0.5603532388663968 0.42672233606557375 0.557629048582996 0.4561680327868853 0.5638041497975709 0.5665922131147542 0.5618061740890687 0.6085522540983607 0.5648937246963562 0.6251157786885246 0.5766988866396762 0.6280604508196721 0.5877773279352227 0.6210676229508197
0 0.5016725708502024 0.7436506147540983 0.5031837044534413 0.7147243852459016 0.5051988866396762 0.6779713114754099 0.5045268218623482 0.6517674180327869 0.49159767206477734 0.6527879098360656 0.4820263157894737 0.6640184426229508 0.48236234817813767 0.685798155737705 0.48555263157894735 0.7065563524590165 0.48739979757085017 0.7409282786885245 0.4865602226720648 0.7804036885245902 0.4865602226720648 0.7950368852459017 0.4969711538461538 0.786188524590164 0.500328947368421 0.7787018442622952 0.5025121457489878 0.7681526639344262 0.5018405870445344 0.7559016393442622
0 0.5057024291497976 0.7722366803278689 0.5068780364372469 0.7143842213114755 0.5078851214574899 0.6868186475409837 0.5031837044534413 0.6698032786885245 0.5090607287449392 0.6619764344262296 0.5228299595141701 0.6585727459016394 0.5270278340080972 0.6599344262295082 0.5275313765182187 0.6932848360655737 0.524005060728745 0.7664508196721311 0.517960020242915 0.7946967213114754 0.5078851214574899 0.7906127049180328
0 0.527746963562753 0.7889723360655738 0.5293886639676113 0.6561024590163934 0.5352656882591093 0.657123975409836 0.5480268218623482 0.6676731557377049 0.5528967611336032 0.6755 0.5490344129554656 0.6969395491803279 0.5471872469635627 0.7377766393442623 0.5483628542510122 0.7643206967213114 0.5450045546558705 0.7867807377049181 0.5349296558704453 0.797671106557377
0 0.5543517206477733 0.7906075819672131 0.5499858299595142 0.7661055327868853 0.551496963562753 0.705530737704918 0.5484746963562753 0.6813688524590163 0.5476351214574898 0.6629918032786886 0.5545197368421053 0.6558452868852459 0.5686244939271256 0.6575471311475409 0.5753410931174089 0.6650338114754099 0.5713112348178138 0.6922581967213115 0.5701356275303644 0.7259487704918033 0.569632085020243 0.7610010245901639 0.5637550607287449 0.7882254098360656
0 0.5838704453441296 0.7936485655737705 0.5770202429149798 0.7096147540983606 0.5731584008097166 0.6817090163934426 0.5820576923076923 0.6558452868852459 0.5877667004048582 0.646656762295082 0.5991847165991903 0.6490389344262295 0.6020394736842106 0.6749026639344262 0.6038866396761133 0.7031485655737705 0.6022074898785426 0.7385409836065574 0.5998567813765182 0.7766547131147541 0.5980096153846154 0.8059221311475411 0.5938117408906883 0.8110266393442623 0.5862555668016195 0.8025184426229509
0 0.6159073886639675 0.7960625 0.6044888663967611 0.7555665983606558 0.6031457489878542 0.6980543032786886 0.5974367408906883 0.6732120901639344 0.5965971659919028 0.6548350409836066 0.6039853238866396 0.6453063524590164 0.6096943319838057 0.6429241803278689 0.61809008097166 0.6575573770491803 0.6206088056680162 0.6708299180327869 0.6234635627530364 0.6827407786885246 0.6266538461538461 0.6919282786885246 0.6273254048582996 0.7405922131147541 0.6271573886639675 0.7838114754098361 0.627996963562753 0.8066127049180328
0 0.665169028340081 0.7969221311475411 0.6388790485829959 0.7154825819672131 0.6324984817813766 0.6933627049180328 0.6225915991902834 0.6807715163934426 0.6183937246963562 0.6593319672131148 0.621584008097166 0.6453790983606558 0.6336740890688259 0.6429969262295082 0.6484504048582995 0.6409549180327869 0.6534878542510121 0.6450389344262295 0.6605399797570851 0.6671588114754099 0.6706148785425101 0.7287551229508197 0.6800182186234818 0.780141393442623 0.6865668016194332 0.8066854508196721 0.6838805668016195 0.8155338114754098 0.6734696356275304 0.811109631147541
0 0.6157388663967611 0.4261311475409836 0.5947646761133604 0.5135983606557377 0.5900116396761134 0.5389282786885247 0.5854347165991902 0.552842213114754 0.5842024291497976 0.5667561475409836 0.5864908906882591 0.5717510245901639 0.5926523279352226 0.5749620901639344 0.5956447368421052 0.5967243852459017 0.5975814777327935 0.6081403688524589 0.6060308704453442 0.6052868852459017 0.6162408906882592 0.5845942622950819 0.616417004048583 0.5549825819672132 0.6197616396761133 0.5032520491803278 0.6241624493927126 0.4618668032786885 0.6268031376518219 0.435109631147541 0.6188815789473685 0.4219088114754099
0 0.5966406882591093 0.5662499999999999 0.6038582995951417 0.5284323770491803 0.6107236842105263 0.49168545081967213 0.6223421052631579 0.4520840163934426 0.6332560728744939 0.4399549180327869 0.6418820850202429 0.4674252049180328 0.6367768218623482 0.5220102459016394 0.6341366396761134 0.5655358606557377 0.6329043522267206 0.5987151639344263 0.6306158906882591 0.6183370901639343 0.6232221659919028 0.6244026639344262 0.617412955465587 0.6208350409836065 0.6128360323886639 0.604423155737705 0.6003375506072874 0.6037100409836066 0.5929443319838056 0.5930071721311475
0 0.6322034412955465 0.5467243852459016 0.6254954453441296 0.5703862704918032 0.6246153846153846 0.5982141393442623 0.6374660931174089 0.6164088114754098 0.6547176113360323 0.6199774590163935 0.663343117408907 0.5964303278688524 0.6612307692307693 0.5543319672131147 0.6598223684210526 0.4487295081967213 0.6573577935222672 0.42839344262295087 0.646619939271255 0.4433780737704918 0.6376422064777328 0.48012499999999997 0.631832995951417 0.5300717213114754
0 0.6626791497975708 0.48469774590163933 0.6584544534412955 0.5442776639344262 0.656869939271255 0.5792407786885246 0.6581022267206478 0.6056413934426229 0.6669038461538461 0.6159877049180328 0.686796052631579 0.6124200819672131 0.7038714574898784 0.601717213114754 0.7035192307692307 0.5610450819672131 0.6920769230769231 0.5328606557377049 0.6850354251012146 0.4879088114754099 0.6723613360323887 0.4404590163934426 0.6653198380566802 0.46186475409836064
0 0.7002388663967611 0.47529405737704916 0.7025384615384614 0.5355194672131148 0.7053684210526315 0.5806885245901638 0.7136821862348178 0.5925184426229508 0.725710020242915 0.586782786885246 0.7349078947368421 0.5738770491803279 0.7433982793522267 0.5656321721311476 0.7460516194331984 0.5451987704918033 0.7391528340080972 0.5143688524590164 0.7294245951417004 0.4960860655737705 0.7207570850202428 0.4638227459016393 0.7131513157894737 0.43550204918032787 0.7046609311740891 0.4279743852459016 0.6991776315789474 0.44948360655737707
0 0.7354863360323887 0.4242428278688524 0.7405683198380567 0.4910676229508196 0.73932995951417 0.517953893442623 0.7508274291497976 0.5523678278688524 0.7612636639676114 0.5634815573770492 0.7708152834008097 0.5609713114754099 0.7764752024291498 0.5305010245901639 0.7685156882591093 0.46669057377049183 0.7649777327935222 0.417577868852459 0.7543648785425101 0.3935594262295082 0.7418061740890688 0.3975030737704918 0.7365 0.417577868852459
0 0.7974468623481782 0.7054456967213114 0.7586472672064777 0.7015143442622951 0.732872975708502 0.6880338114754098 0.7162444331983806 0.6739918032786886 0.7084843117408907 0.6599497950819672 0.7054357287449393 0.6324282786885246 0.7170759109311741 0.6217561475409835 0.7217874493927126 0.6116454918032787 0.7276072874493927 0.5908637295081968 0.7386928137651821 0.5846854508196722 0.7467297570850202 0.5874938524590164 0.756706983805668 0.6015358606557377 0.7713957489878542 0.6234415983606558 0.779710020242915 0.6335512295081968 0.7949529352226721 0.6543329918032788 0.7982783400809716 0.6706219262295082 0.7982783400809716 0.6880338114754098