0 0.31629554655870445 0.47950819672131145 0.3168016194331984 0.5092213114754098 0.32186234817813764 0.5194672131147541 0.3415991902834008 0.5276639344262295 0.3547570850202429 0.5133196721311475 0.3567813765182186 0.47438524590163933 0.3532388663967611 0.4364754098360656 0.35374493927125505 0.4026639344262295 0.34868421052631576 0.3801229508196721 0.33653846153846156 0.3729508196721312 0.32793522267206476 0.3739754098360656 0.3248987854251012 0.42213114754098363
0 0.2606275303643725 0.5993852459016393 0.25860323886639675 0.6301229508196722 0.2606275303643725 0.6434426229508197 0.26619433198380565 0.6495901639344263 0.270748987854251 0.6629098360655737 0.27125506072874495 0.6741803278688525 0.27530364372469635 0.6762295081967213 0.29453441295546556 0.6670081967213115 0.29706477732793524 0.6588114754098361 0.305668016194332 0.6536885245901639 0.31123481781376516 0.6383196721311475 0.3142712550607287 0.6127049180327869 0.3319838056680162 0.5788934426229508 0.3355263157894737 0.5655737704918032 0.3360323886639676 0.5430327868852459 0.3309716599190283 0.5338114754098361 0.31983805668016196 0.5276639344262295 0.30870445344129555 0.5081967213114754 0.298582995951417 0.507172131147541 0.29048582995951416 0.5204918032786885 0.2859311740890688 0.5440573770491803 0.277834008097166 0.5645491803278688
0 0.29706477732793524 0.6690573770491803 0.2965587044534413 0.6854508196721312 0.3026315789473684 0.7131147540983607 0.3223684210526316 0.7202868852459017 0.3319838056680162 0.7120901639344263 0.34615384615384615 0.6885245901639344 0.35526315789473684 0.6536885245901639 0.37803643724696356 0.610655737704918 0.3815789473684211 0.5922131147540983 0.3800607287449393 0.576844262295082 0.36538461538461536 0.5635245901639344 0.3481781376518219 0.5614754098360656 0.340080971659919 0.5706967213114754 0.33653846153846156 0.569672131147541
0 0.35728744939271256 0.5092213114754098 0.35728744939271256 0.5256147540983607 0.3623481781376518 0.548155737704918 0.3684210526315789 0.5563524590163934 0.39220647773279355 0.5573770491803278 0.4023279352226721 0.5389344262295082 0.40384615384615385 0.5317622950819673 0.4023279352226721 0.5010245901639344 0.3952429149797571 0.4682377049180328 0.395748987854251 0.45081967213114754 0.3896761133603239 0.39959016393442626 0.39119433198380565 0.39139344262295084 0.3765182186234818 0.39651639344262296 0.37044534412955465 0.4036885245901639 0.3689271255060729 0.41188524590163933 0.37044534412955465 0.42315573770491804 0.3638663967611336 0.45389344262295084
0 0.39878542510121456 0.38831967213114754 0.3972672064777328 0.4077868852459016 0.3992914979757085 0.42315573770491804 0.4018218623481781 0.548155737704918 0.4109311740890688 0.5604508196721312 0.41700404858299595 0.5614754098360656 0.42965587044534415 0.5440573770491803 0.43218623481781376 0.5338114754098361 0.4316801619433198 0.5204918032786885 0.4225708502024291 0.47848360655737704 0.41700404858299595 0.4108606557377049 0.41295546558704455 0.39036885245901637 0.4084008097165992 0.3780737704918033
0 0.4089068825910931 0.5983606557377049 0.4043522267206478 0.6967213114754098 0.39979757085020245 0.7274590163934426 0.40030364372469635 0.7479508196721312 0.4063765182186235 0.7581967213114754 0.41194331983805665 0.7551229508196722 0.42206477732793524 0.7223360655737705 0.4352226720647773 0.6331967213114754 0.4418016194331984 0.6127049180327869 0.4433198380566802 0.5911885245901639 0.43016194331983804 0.5850409836065574 0.41548582995951416 0.5850409836065574 0.4124493927125506 0.5870901639344263
0 0.41953441295546556 0.3760245901639344 0.4266194331983806 0.492827868852459 0.4276315789473684 0.548155737704918 0.4357287449392713 0.5625 0.4433198380566802 0.5635245901639344 0.458502024291498 0.5399590163934426 0.4590080971659919 0.5092213114754098 0.4458502024291498 0.41905737704918034 0.43775303643724695 0.3801229508196721 0.4316801619433198 0.3637295081967213
0 0.44129554655870445 0.5911885245901639 0.4382591093117409 0.6270491803278688 0.444331983805668 0.7377049180327869 0.44635627530364375 0.7510245901639344 0.451417004048583 0.7551229508196722 0.45546558704453444 0.75 0.4640688259109312 0.7131147540983607 0.4681174089068826 0.5993852459016393 0.4640688259109312 0.5922131147540983 0.4519230769230769 0.5840163934426229
0 0.4691295546558704 0.5911885245901639 0.4676113360323887 0.6342213114754098 0.4691295546558704 0.7264344262295082 0.4741902834008097 0.7407786885245902 0.4832995951417004 0.7418032786885246 0.4939271255060729 0.735655737704918 0.49696356275303644 0.7131147540983607 0.4964574898785425 0.5901639344262295 0.49291497975708504 0.5840163934426229 0.48785425101214575 0.5829918032786885
0 0.45191902834008096 0.5071516393442623 0.45191902834008096 0.540735655737705 0.4535971659919028 0.5577407786885246 0.4615683198380567 0.5717694672131148 0.4733147773279352 0.5772961065573771 0.4825445344129555 0.5539149590163934 0.4810759109311741 0.534358606557377 0.4739443319838057 0.5092766393442623 0.46869989878542506 0.46081352459016395 0.4647145748987854 0.4280799180327869 0.4565339068825911 0.3838668032786885 0.44898228744939267 0.37493954918032785 0.4445774291497976 0.4204272540983606 0.4483532388663968 0.4837704918032787
0 0.47548127530364376 0.4277459016393443 0.4795096153846154 0.48271209016393446 0.4803486842105263 0.510344262295082 0.48013866396761135 0.5396782786885246 0.48013866396761135 0.5571075819672131 0.4868512145748988 0.5770881147540984 0.5013248987854251 0.5741127049180327 0.5053102226720648 0.5588084016393443 0.5011148785425101 0.5239487704918033 0.49691953441295544 0.48228688524590163 0.4927246963562753 0.44657684426229505 0.490627024291498 0.41809426229508195 0.48517307692307693 0.40364036885245896 0.47909008097165995 0.40619057377049184 0.4765728744939271 0.42149487704918037
0 0.5083608299595141 0.42021618852459014 0.5071022267206478 0.47038012295081966 0.5087803643724697 0.5039651639344263 0.5079412955465588 0.526921106557377 0.5066826923076924 0.5494518442622951 0.5068922064777328 0.574109631147541 0.5186391700404858 0.5792110655737704 0.5255612348178138 0.5796352459016394 0.5354200404858299 0.5736844262295082 0.5364686234817814 0.5537038934426229 0.5303856275303643 0.5192684426229508 0.5257707489878543 0.4469989754098361 0.5215759109311741 0.4151147540983606 0.5142338056680161 0.3998104508196721 0.509199898785425 0.40661270491803275
0 0.5453117408906882 0.4221700819672131 0.5417454453441296 0.4731844262295082 0.540696862348178 0.5054928278688524 0.5402773279352227 0.5246239754098361 0.5375501012145749 0.5518309426229508 0.5375501012145749 0.5713862704918032 0.5476189271255061 0.5786137295081967 0.5606239878542509 0.5790389344262296 0.5679655870445344 0.5739375 0.5671265182186235 0.5433288934426229 0.5646093117408907 0.5050686475409836 0.5629316801619434 0.47658504098360654 0.5614630566801619 0.4417254098360656 0.5583168016194332 0.41536782786885246 0.5522338056680162 0.41366803278688524
0 0.5736290485829959 0.4276967213114754 0.5704827935222672 0.504218237704918 0.5700632591093117 0.5322756147540983 0.5681756072874493 0.5573575819672131 0.5685951417004049 0.5735122950819672 0.5776148785425101 0.5781885245901639 0.5912494939271254 0.571811475409836 0.5920880566801618 0.5471547131147542 0.5912494939271254 0.5067684426229508 0.5897808704453441 0.46170594262295084 0.5870541497975709 0.42939754098360655 0.5807611336032389 0.4106915983606557
0 0.6008982793522267 0.39751331967213116 0.5992201417004048 0.4523534836065574 0.5971224696356275 0.512720286885246 0.5925075910931175 0.5378022540983607 0.5943957489878543 0.5637346311475411 0.603625 0.5781885245901639 0.6155814777327935 0.5713862704918032 0.6231330971659919 0.5497059426229508 0.6225035425101214 0.494015368852459 0.62145495951417 0.44044979508196724 0.616001012145749 0.39708811475409833 0.6092884615384615 0.3771075819672131
0 0.6516265182186235 0.4218063524590164 0.6442849190283401 0.4728206967213115 0.6430263157894737 0.5076803278688524 0.6428162955465586 0.5353135245901639 0.6526751012145748 0.5489170081967214 0.6677778340080972 0.555719262295082 0.6772171052631579 0.5344631147540984 0.6749099190283401 0.49535245901639346 0.6738608299595141 0.43796106557377046 0.6728122469635628 0.39077356557377046 0.6717636639676113 0.3665409836065574 0.6631634615384616 0.3771690573770492 0.6583385627530364 0.39587397540983604
0 0.5030516194331983 0.7088657786885245 0.4955005060728745 0.6523258196721311 0.4946614372469636 0.5919590163934426 0.49759817813765184 0.5834559426229508 0.5093446356275304 0.5872827868852459 0.5152181174089069 0.5915338114754098 0.5177353238866397 0.6085379098360656 0.5177353238866397 0.6357459016393443 0.5183643724696356 0.6769825819672132 0.5225597165991903 0.6986629098360656
0 0.5279919028340081 0.7145563524590164 0.5183643724696356 0.6587018442622952 0.5181548582995952 0.6166157786885246 0.5179448380566801 0.599610655737705 0.5257059716599191 0.6055625 0.5322085020242915 0.6089631147540984 0.5355647773279353 0.6225676229508197 0.5399696356275304 0.6701803278688525 0.5445845141700405 0.7046147540983606
0 0.5470045546558705 0.7118473360655738 0.536338056680162 0.6579999999999999 0.533622975708502 0.6128002049180328 0.5334286437246963 0.5970778688524591 0.5439013157894736 0.5884313524590163 0.5528223684210526 0.5907889344262295 0.5528223684210526 0.6316659836065573 0.5609676113360323 0.6823688524590164 0.5636826923076923 0.7145983606557377 0.5466163967611336 0.711061475409836
0 0.5831224696356275 0.7227551229508197 0.5754043522267207 0.6349180327868852 0.572883097165992 0.6081915983606557 0.5577560728744939 0.6121219262295082 0.5517439271255061 0.6140870901639345 0.5581437246963563 0.6706854508196722 0.5659013157894737 0.7143135245901638 0.5849068825910931 0.7253186475409835
0 0.594216093117409 0.7465430327868853 0.5781194331983806 0.6435655737704918 0.5777312753036438 0.6097633196721312 0.5899493927125506 0.6050471311475409 0.5986766194331983 0.6077981557377049 0.6070156882591093 0.6691137295081967 0.6132216599190284 0.7206024590163934 0.6163248987854251 0.7430061475409836
0 0.6272935222672065 0.7432551229508197 0.6121664979757085 0.6677899590163935 0.6075121457489878 0.6387049180327868 0.6020814777327935 0.6249477459016393 0.6034392712550607 0.6084405737704918 0.6086756072874494 0.5966485655737704 0.622251012145749 0.5919323770491803 0.6309782388663968 0.5942909836065574 0.6327236842105263 0.6304508196721312 0.6371842105263158 0.6984477459016393 0.637960020242915 0.7353944672131147 0.6319478744939272 0.7463995901639344
0 0.6715106275303644 0.7589764344262295 0.6404812753036436 0.6654323770491803 0.6362145748987854 0.6363463114754098 0.629038967611336 0.6241618852459017 0.6238026315789473 0.6100122950819672 0.6218633603238866 0.5911465163934426 0.625548076923077 0.5832858606557377 0.6453294534412956 0.5789620901639344 0.655413967611336 0.5848575819672132 0.6610384615384616 0.6072612704918033 0.662201923076923 0.6371321721311476 0.673256072874494 0.7031639344262295 0.6784924089068826 0.7353944672131147 0.6782985829959514 0.7558319672131147
0 0.6893552631578947 0.7386454918032787 0.6742282388663968 0.6647530737704918 0.6664706477732794 0.6246629098360656 0.65657995951417 0.6081547131147541 0.6484347165991903 0.5912540983606557 0.6484347165991903 0.5700297131147541 0.6513436234817814 0.5594170081967212 0.6616224696356275 0.5629549180327869 0.6680222672064777 0.5535215163934426 0.6757798582995951 0.5440881147540984 0.6885794534412956 0.5448739754098361 0.7017672064777328 0.5464467213114754 0.7044822874493927 0.5708155737704917 0.7071973684210526 0.6061895491803279 0.7151487854251012 0.6395983606557377 0.7242636639676113 0.6718278688524589 0.730081983805668 0.702092213114754 0.727948886639676 0.7205655737704919 0.7083613360323886 0.73275 0.6914888663967612 0.7390389344262295
0 0.7426128542510122 0.6862745901639344 0.7331103238866397 0.6634784836065574 0.726710020242915 0.6218155737704919 0.7110015182186236 0.5970532786885246 0.7020804655870445 0.5809385245901639 0.6999468623481782 0.5589282786885246 0.7042135627530365 0.5463504098360656 0.7185647773279352 0.5420266393442623 0.7259347165991902 0.5306290983606557 0.7342737854251012 0.525126024590164 0.743001012145749 0.5310215163934426 0.7513400809716598 0.5459579918032788 0.7577398785425101 0.5711127049180328 0.7639458502024291 0.5954815573770492 0.7761639676113361 0.6292827868852459 0.7831457489878543 0.6509006147540983 0.7835334008097166 0.6678012295081968 0.7662732793522267 0.6882397540983607 0.7525035425101214 0.7012100409836065
0 0.7216837044534413 0.3685686475409836 0.7169488866396762 0.453140368852459 0.7173684210526315 0.4854487704918033 0.7259686234817814 0.5054293032786885 0.7446376518218624 0.5033043032786886 0.760788967611336 0.4952274590163934 0.7643552631578947 0.4658934426229508 0.7591113360323886 0.4301844262295082 0.7528183198380567 0.3914979508196721 0.7528183198380567 0.36216495901639345 0.7523987854251012 0.35281250000000003 0.7368765182186234 0.3519620901639344 0.7251295546558705 0.35281250000000003