0 0.2727732793522267 0.444672131147541 0.2722672064777328 0.46209016393442626 0.27530364372469635 0.4702868852459016 0.29453441295546556 0.48463114754098363 0.3147773279352227 0.4672131147540984 0.31629554655870445 0.4375 0.30870445344129555 0.4047131147540984 0.3061740890688259 0.3729508196721312 0.30111336032388664 0.3668032786885246 0.28694331983805665 0.3831967213114754
0 0.3147773279352227 0.3831967213114754 0.31275303643724695 0.40061475409836067 0.3152834008097166 0.4047131147540984 0.3183198380566802 0.45286885245901637 0.31376518218623484 0.492827868852459 0.3152834008097166 0.5081967213114754 0.32186234817813764 0.5215163934426229 0.3451417004048583 0.5245901639344263 0.35374493927125505 0.5051229508196722 0.354251012145749 0.4702868852459016 0.34210526315789475 0.4098360655737705 0.34058704453441296 0.38831967213114754 0.3259109311740891 0.3729508196721312
0 0.3623481781376518 0.39959016393442626 0.3532388663967611 0.5133196721311475 0.354251012145749 0.5256147540983607 0.36133603238866396 0.5450819672131147 0.3805668016194332 0.5512295081967213 0.395748987854251 0.5389344262295082 0.3982793522267207 0.5286885245901639 0.38866396761133604 0.43135245901639346 0.3770242914979757 0.38524590163934425 0.3648785425101215 0.38934426229508196
0 0.39625506072874495 0.36885245901639346 0.3992914979757085 0.5204918032786885 0.4043522267206478 0.5368852459016393 0.4124493927125506 0.5461065573770492 0.4159919028340081 0.5440573770491803 0.4251012145748988 0.5204918032786885 0.4271255060728745 0.4948770491803279 0.40536437246963564 0.36065573770491804 0.40030364372469635 0.35655737704918034
0 0.4159919028340081 0.3719262295081967 0.4149797570850202 0.41188524590163933 0.4230769230769231 0.5327868852459017 0.4271255060728745 0.5440573770491803 0.4352226720647773 0.5491803278688525 0.4397773279352227 0.5327868852459017 0.44534412955465585 0.5245901639344263 0.451417004048583 0.5266393442622951 0.45445344129554655 0.5215163934426229 0.45445344129554655 0.47950819672131145 0.44483805668016196 0.4364754098360656 0.4352226720647773 0.36885245901639346 0.42611336032388664 0.35348360655737704 0.41953441295546556 0.35655737704918034
0 0.4347165991902834 0.35040983606557374 0.4326923076923077 0.3801229508196721 0.44330921052631583 0.4393247950819672 0.4569838056680162 0.5020491803278688 0.46153846153846156 0.5122950819672131 0.47115384615384615 0.5215163934426229 0.4741902834008097 0.5174180327868853 0.47874493927125505 0.4661885245901639 0.4772267206477733 0.44774590163934425 0.4665991902834008 0.4026639344262295 0.4483805668016194 0.3452868852459016 0.4382591093117409 0.3422131147540984
0 0.5010121457489879 0.47950819672131145 0.5015182186234818 0.4989754098360656 0.5242914979757085 0.5010245901639344 0.5313765182186235 0.4969262295081967 0.534919028340081 0.3432377049180328 0.5328947368421053 0.32479508196721313 0.5161943319838057 0.32479508196721313
0 0.5344129554655871 0.4764344262295082 0.534919028340081 0.5204918032786885 0.5409919028340081 0.5317622950819673 0.548582995951417 0.5286885245901639 0.5526315789473685 0.5225409836065574 0.5571862348178138 0.4989754098360656 0.5597165991902834 0.42827868852459017 0.5581983805668016 0.3975409836065574 0.5607287449392713 0.3709016393442623 0.5607287449392713 0.36065573770491804 0.5571862348178138 0.35348360655737704 0.5475708502024291 0.35348360655737704 0.5384615384615384 0.41598360655737704
0 0.5581983805668016 0.4702868852459016 0.5592105263157895 0.5020491803278688 0.5647773279352226 0.5286885245901639 0.569331983805668 0.5368852459016393 0.5738866396761133 0.5368852459016393 0.5865384615384616 0.5174180327868853 0.5926113360323887 0.4426229508196721 0.5915991902834008 0.42110655737704916 0.5961538461538461 0.3790983606557377 0.5915991902834008 0.3452868852459016 0.5845141700404858 0.33709016393442626 0.576417004048583 0.3401639344262295 0.5723684210526315 0.35655737704918034
0 0.7302631578947368 0.49385245901639346 0.7317813765182186 0.5276639344262295 0.7393724696356275 0.5420081967213115 0.7484817813765182 0.5450819672131147 0.7717611336032388 0.5327868852459017 0.7768218623481782 0.5256147540983607 0.77834008097166 0.5051229508196722 0.7631578947368421 0.39959016393442626 0.7515182186234818 0.3975409836065574 0.743421052631579 0.4026639344262295 0.7388663967611336 0.42213114754098363 0.7338056680161943 0.47950819672131145
0 0.7004048582995951 0.43135245901639346 0.6993927125506073 0.44979508196721313 0.6852226720647774 0.5245901639344263 0.6857287449392713 0.5368852459016393 0.6963562753036437 0.5614754098360656 0.7201417004048583 0.5594262295081968 0.7262145748987854 0.5522540983606558 0.7307692307692307 0.5379098360655737 0.7272267206477733 0.4805327868852459 0.7312753036437247 0.41905737704918034 0.7201417004048583 0.4026639344262295 0.7125506072874493 0.4016393442622951 0.7044534412955465 0.4108606557377049
0 0.6371457489878543 0.47848360655737704 0.6371457489878543 0.5174180327868853 0.645242914979757 0.5286885245901639 0.6543522267206477 0.5317622950819673 0.6614372469635628 0.5256147540983607 0.6745951417004049 0.5368852459016393 0.6791497975708503 0.5327868852459017 0.6862348178137652 0.5122950819672131 0.687246963562753 0.4948770491803279 0.6796558704453441 0.4036885245901639 0.6715587044534413 0.35655737704918034 0.6659919028340081 0.3483606557377049 0.652834008097166 0.34938524590163933 0.6497975708502024 0.35758196721311475 0.6482793522267206 0.3719262295081967 0.6497975708502024 0.39651639344262296 0.646255060728745 0.4364754098360656 0.6427125506072875 0.4426229508196721
0 0.6118421052631579 0.4415983606557377 0.6017206477732794 0.5092213114754098 0.6027327935222672 0.5163934426229508 0.6108299595141701 0.5307377049180327 0.6312793522267206 0.5510174180327869 0.6431103238866397 0.5328043032786886 0.6433674089068826 0.49325512295081964 0.6396761133603239 0.45594262295081966 0.6411943319838057 0.4077868852459016 0.6401821862348178 0.38524590163934425 0.6356275303643725 0.3760245901639344 0.6361336032388664 0.35655737704918034 0.6305668016194332 0.35040983606557374 0.6260121457489879 0.3719262295081967 0.6255060728744939 0.39395491803278687
0 0.5794534412955465 0.4661885245901639 0.5789473684210527 0.5235655737704918 0.5840080971659919 0.5256147540983607 0.5895748987854251 0.5204918032786885 0.6108299595141701 0.5430327868852459 0.6163967611336032 0.5256147540983607 0.6174089068825911 0.5133196721311475 0.6143724696356275 0.45491803278688525 0.618421052631579 0.4354508196721312 0.6209514170040485 0.35655737704918034 0.6209514170040485 0.3483606557377049 0.6158906882591093 0.33811475409836067 0.6148785425101214 0.32889344262295084 0.6027327935222672 0.32581967213114754 0.5875506072874493 0.3483606557377049
0 0.6229757085020243 0.5389344262295082 0.6260121457489879 0.5717213114754098 0.6325910931174089 0.5932377049180327 0.6418243927125505 0.6189918032786885 0.6518218623481782 0.7131147540983607 0.6609311740890689 0.7141393442622951 0.6604251012145749 0.6864754098360656 0.6549412955465587 0.6564600409836066 0.6605991902834009 0.6330420081967214 0.6696012145748989 0.6413688524590164 0.6751012145748988 0.6782786885245902 0.6857287449392713 0.7090163934426229 0.6897773279352226 0.7120901639344263 0.6933198380566802 0.7069672131147541 0.6928137651821862 0.6813524590163934 0.6831983805668016 0.6045081967213115 0.6867408906882592 0.5604508196721312 0.6842105263157895 0.5461065573770492 0.6811740890688259 0.5409836065573771 0.667004048582996 0.5399590163934426 0.6548582995951417 0.5450819672131147 0.6442307692307693 0.5409836065573771 0.6371457489878543 0.5307377049180327 0.6290485829959515 0.5307377049180327
0 0.5984873481781378 0.5976823770491803 0.6027327935222672 0.6260245901639344 0.6214574898785425 0.7223360655737705 0.6270242914979757 0.7254098360655737 0.6346153846153846 0.7202868852459017 0.6356275303643725 0.7120901639344263 0.6244939271255061 0.5942622950819673 0.6118421052631579 0.5881147540983607
0 0.5728744939271255 0.5717213114754098 0.5713562753036437 0.5850409836065574 0.576417004048583 0.6977459016393442 0.5799595141700404 0.7028688524590164 0.5915991902834008 0.7008196721311475 0.5986842105263158 0.6495901639344263 0.6022267206477733 0.6383196721311475 0.6007085020242915 0.6290983606557377 0.604757085020243 0.6065573770491803 0.603744939271255 0.5665983606557377 0.5956477732793523 0.5512295081967213 0.5875506072874493 0.5471311475409836
0 0.5435222672064778 0.5870901639344263 0.5409919028340081 0.5993852459016393 0.5445344129554656 0.6434426229508197 0.5425101214574899 0.6895491803278688 0.5521255060728745 0.7131147540983607 0.555161943319838 0.7131147540983607 0.5647773279352226 0.701844262295082 0.569331983805668 0.6752049180327869 0.5713562753036437 0.6485655737704918 0.569331983805668 0.5676229508196722 0.5607287449392713 0.548155737704918 0.5566801619433198 0.548155737704918 0.5490890688259109 0.5645491803278688 0.5480769230769231 0.5778688524590164
0 0.520748987854251 0.6526639344262295 0.521255060728745 0.6823770491803278 0.5258097165991903 0.6895491803278688 0.5313765182186235 0.6885245901639344 0.534919028340081 0.6813524590163934 0.542004048582996 0.625 0.5409919028340081 0.6045081967213115 0.5465587044534413 0.5645491803278688 0.5445344129554656 0.5563524590163934 0.5303643724696356 0.5389344262295082 0.527834008097166 0.5399590163934426
0 0.5010121457489879 0.6342213114754098 0.5005060728744939 0.6618852459016393 0.5055668016194332 0.6762295081967213 0.5086032388663968 0.6752049180327869 0.5242914979757085 0.5993852459016393 0.5293522267206477 0.5399590163934426 0.5232793522267206 0.5327868852459017 0.5151821862348178 0.5317622950819673 0.5116396761133604 0.5358606557377049 0.5035425101214575 0.5901639344262295
0 0.4812753036437247 0.5952868852459017 0.48228744939271256 0.6424180327868853 0.4898785425101215 0.6465163934426229 0.49898785425101216 0.6301229508196722 0.5060728744939271 0.5799180327868853 0.5080971659919028 0.5440573770491803 0.5020242914979757 0.5389344262295082 0.49190283400809715 0.5399590163934426
0 0.45799595141700405 0.5399590163934426 0.4625506072874494 0.632172131147541 0.4660931174089069 0.6454918032786885 0.47014827935222675 0.6770379098360656 0.4741902834008097 0.6475409836065574 0.4782388663967611 0.5942622950819673 0.4757085020242915 0.5348360655737705 0.4665991902834008 0.5256147540983607
0 0.4342105263157895 0.610655737704918 0.4352226720647773 0.6915983606557377 0.44686234817813764 0.7182377049180327 0.4498987854251012 0.7172131147540983 0.4569838056680162 0.6997950819672131 0.46204453441295545 0.6690573770491803 0.4600202429149798 0.6577868852459017 0.4605263157894737 0.6055327868852459 0.4574898785425101 0.5737704918032787 0.45546558704453444 0.5563524590163934 0.4473684210526316 0.5317622950819673 0.4418016194331984 0.5327868852459017 0.43775303643724695 0.5471311475409836
0 0.4144736842105263 0.6147540983606558 0.416497975708502 0.701844262295082 0.4180161943319838 0.7120901639344263 0.42054655870445345 0.7141393442622951 0.43218623481781376 0.6885245901639344 0.4342105263157895 0.6075819672131147 0.4326923076923077 0.5881147540983607 0.423582995951417 0.5891393442622951 0.42054655870445345 0.6045081967213115
0 0.3800607287449393 0.6536885245901639 0.38360323886639675 0.7049180327868853 0.3775303643724696 0.7561475409836066 0.3805668016194332 0.764344262295082 0.3917004048582996 0.7377049180327869 0.4084008097165992 0.6239754098360656 0.4109311740890688 0.5788934426229508 0.40789473684210525 0.569672131147541 0.3942307692307692 0.5604508196721312 0.38461538461538464 0.5737704918032787
0 0.3269230769230769 0.6168032786885246 0.3269230769230769 0.6342213114754098 0.3340080971659919 0.6413934426229508 0.3507085020242915 0.639344262295082 0.3684210526315789 0.6270491803278688 0.36639676113360325 0.6157786885245902 0.35779352226720645 0.6024590163934426 0.3415991902834008 0.6024590163934426 0.3314777327935223 0.6086065573770492
0 0.3107287449392713 0.5809426229508197 0.31123481781376516 0.6311475409836066 0.3183198380566802 0.6342213114754098 0.3274291497975709 0.6147540983606558 0.3309716599190283 0.5829918032786885 0.33046558704453444 0.5655737704918032 0.3259109311740891 0.5512295081967213 0.3208502024291498 0.548155737704918 0.3117408906882591 0.5717213114754098
0 0.2515182186234818 0.5522540983606558 0.24696356275303644 0.5758196721311475 0.2687661943319838 0.5766198770491803 0.2591093117408907 0.625 0.2591093117408907 0.6383196721311475 0.26417004048583 0.6352459016393442 0.27631578947368424 0.6147540983606558 0.3061740890688259 0.5840163934426229 0.3157894736842105 0.5584016393442623 0.3157894736842105 0.5512295081967213 0.3066801619433198 0.5194672131147541 0.2839068825910931 0.48258196721311475 0.2742914979757085 0.492827868852459