0 0.30718623481781376 0.4344262295081967 0.3021255060728745 0.5440573770491803 0.3092105263157895 0.5563524590163934 0.3299595141700405 0.5522540983606558 0.340080971659919 0.5368852459016393 0.3314777327935223 0.4385245901639344 0.3223684210526316 0.41188524590163933 0.3173076923076923 0.41188524590163933 0.3102226720647773 0.42110655737704916
0 0.33805668016194335 0.42418032786885246 0.340080971659919 0.4702868852459016 0.33805668016194335 0.5112704918032787 0.34058704453441296 0.5307377049180327 0.3451417004048583 0.5389344262295082 0.34969635627530365 0.5389344262295082 0.37955465587044535 0.5235655737704918 0.38309716599190285 0.5163934426229508 0.38309716599190285 0.5092213114754098 0.37803643724696356 0.48155737704918034 0.3694331983805668 0.45594262295081966 0.36791497975708504 0.42725409836065575 0.3603238866396761 0.4047131147540984 0.3491902834008097 0.40061475409836067 0.34210526315789475 0.4057377049180328
0 0.3810728744939271 0.4088114754098361 0.3810728744939271 0.5266393442622951 0.3876518218623482 0.5358606557377049 0.3932186234817814 0.5358606557377049 0.4058704453441296 0.5256147540983607 0.4084008097165992 0.5194672131147541 0.4089068825910931 0.5040983606557377 0.40536437246963564 0.48770491803278687 0.3972672064777328 0.40061475409836067 0.38714574898785425 0.4016393442622951
0 0.3024210526315789 0.6320758196721311 0.3170617408906883 0.5866946721311476 0.32797014170040484 0.5715676229508196 0.35064929149797575 0.5750584016393442 0.35151012145748983 0.5890225409836065 0.3374438259109312 0.6536024590163935 0.3273962550607287 0.6728012295081968 0.31332945344129554 0.6588381147540983 0.30414321862348176 0.6425481557377049
0 0.3432363360323887 0.6621116803278688 0.352710020242915 0.599858606557377 0.35299696356275306 0.5608780737704918 0.35959969635627526 0.5393514344262296 0.38342661943319833 0.5387694672131148 0.40208653846153847 0.5405143442622952 0.40696659919028344 0.5643688524590164 0.3940485829959514 0.5870594262295082 0.3871589068825911 0.6260399590163934 0.3785465587044535 0.6720020491803279 0.37022165991902833 0.6981834016393443 0.3633314777327935 0.6906198770491803 0.34610728744939273 0.676656762295082
0 0.3898962550607287 0.6937551229508196 0.3944893724696356 0.6373206967213114 0.3985086032388664 0.581467213114754 0.4002307692307692 0.5535409836065573 0.4099913967611336 0.5430686475409836 0.4240576923076923 0.5477223360655737 0.4303734817813765 0.5640133196721311 0.42204807692307694 0.5884487704918033 0.4145845141700405 0.6163760245901639 0.4062591093117409 0.6669928278688525 0.3950632591093117 0.7001547131147541 0.3896093117408907 0.6995737704918032
0 0.4089068825910931 0.4026639344262295 0.40941295546558704 0.47950819672131145 0.4073886639676113 0.5245901639344263 0.4149797570850202 0.5338114754098361 0.4200404858299595 0.5348360655737705 0.4331983805668016 0.5235655737704918 0.4382591093117409 0.5122950819672131 0.43876518218623484 0.5010245901639344 0.4316801619433198 0.4713114754098361 0.4266194331983806 0.39651639344262296 0.4240890688259109 0.375 0.41953441295546556 0.36168032786885246 0.4159919028340081 0.35963114754098363 0.41346153846153844 0.36475409836065575 0.4144736842105263 0.367827868852459 0.409919028340081 0.3801229508196721
0 0.4311740890688259 0.3411885245901639 0.43876518218623484 0.5174180327868853 0.44281376518218624 0.5266393442622951 0.4483805668016194 0.5286885245901639 0.4640688259109312 0.5184426229508197 0.46710526315789475 0.5102459016393442 0.46710526315789475 0.4918032786885246 0.45951417004048584 0.4149590163934426 0.45546558704453444 0.3944672131147541 0.4473684210526316 0.36270491803278687 0.4352226720647773 0.33094262295081966
0 0.4230769230769231 0.6834016393442623 0.423582995951417 0.7090163934426229 0.4256072874493927 0.7202868852459017 0.42813765182186236 0.7223360655737705 0.4311740890688259 0.7182377049180327 0.43775303643724695 0.6926229508196722 0.44281376518218624 0.6526639344262295 0.4590080971659919 0.5717213114754098 0.45546558704453444 0.5573770491803278 0.444331983805668 0.5379098360655737 0.4397773279352227 0.5389344262295082 0.42965587044534415 0.5522540983606558 0.4276315789473684 0.5747950819672131 0.42813765182186236 0.6127049180327869
0 0.4549595141700405 0.5911885245901639 0.4478744939271255 0.7079918032786885 0.4549595141700405 0.7295081967213115 0.46204453441295545 0.7202868852459017 0.46356275303643724 0.7038934426229508 0.47520242914979755 0.6485655737704918 0.48380566801619435 0.5819672131147541 0.4832995951417004 0.548155737704918 0.47520242914979755 0.5368852459016393 0.45951417004048584 0.548155737704918 0.4574898785425101 0.5563524590163934 0.4590080971659919 0.5717213114754098
0 0.4832995951417004 0.5604508196721312 0.4848178137651822 0.6086065573770492 0.4782388663967611 0.6690573770491803 0.47874493927125505 0.6844262295081968 0.4873481781376518 0.6926229508196722 0.4924089068825911 0.6844262295081968 0.49898785425101216 0.639344262295082 0.5050607287449392 0.5881147540983607 0.506578947368421 0.5522540983606558 0.4979757085020243 0.5440573770491803 0.4883603238866397 0.5461065573770492 0.48431174089068824 0.5491803278688525
0 0.46963562753036436 0.39959016393442626 0.4665991902834008 0.4702868852459016 0.4686234817813765 0.5102459016393442 0.4777327935222672 0.5204918032786885 0.4908906882591093 0.5163934426229508 0.4939271255060729 0.5122950819672131 0.49544534412955465 0.48770491803278687 0.4924089068825911 0.4364754098360656 0.4944331983805668 0.4016393442622951 0.4934210526315789 0.38831967213114754 0.49038461538461536 0.38524590163934425 0.48633603238866396 0.3637295081967213 0.4777327935222672 0.36475409836065575 0.472165991902834 0.3760245901639344
0 0.4964574898785425 0.4774590163934426 0.49544534412955465 0.5092213114754098 0.4974696356275304 0.5153688524590164 0.5045546558704453 0.5256147540983607 0.5126518218623481 0.5286885245901639 0.5268218623481782 0.5245901639344263 0.5303643724696356 0.42725409836065575 0.52834008097166 0.3801229508196721 0.5177125506072875 0.3637295081967213 0.5126518218623481 0.3668032786885246 0.5050607287449392 0.38422131147540983
0 0.5298582995951417 0.48565573770491804 0.5288461538461539 0.5215163934426229 0.5313765182186235 0.5286885245901639 0.5379554655870445 0.5338114754098361 0.5531376518218624 0.5358606557377049 0.5607287449392713 0.5245901639344263 0.562246963562753 0.5010245901639344 0.5607287449392713 0.4682377049180328 0.5652834008097166 0.4344262295081967 0.5668016194331984 0.39344262295081966 0.5642712550607287 0.3790983606557377 0.5521255060728745 0.3719262295081967 0.5430161943319838 0.3831967213114754 0.5369433198380567 0.3975409836065574 0.5364372469635628 0.430327868852459
0 0.507085020242915 0.5891393442622951 0.5050607287449392 0.6711065573770492 0.5055668016194332 0.6823770491803278 0.5111336032388664 0.6844262295081968 0.5177125506072875 0.6741803278688525 0.520242914979757 0.6577868852459017 0.5328947368421053 0.5368852459016393 0.5222672064777328 0.5307377049180327 0.5116396761133604 0.5327868852459017 0.5096153846153846 0.5368852459016393
0 0.527834008097166 0.5747950819672131 0.5237854251012146 0.6577868852459017 0.5268218623481782 0.6752049180327869 0.5328947368421053 0.6834016393442623 0.5409919028340081 0.6700819672131147 0.5440283400809717 0.6280737704918032 0.5465587044534413 0.6260245901639344 0.5495951417004049 0.6004098360655737 0.5511133603238867 0.5543032786885246 0.5480769230769231 0.5420081967213115 0.5318825910931174 0.5368852459016393
0 0.562246963562753 0.5 0.562753036437247 0.5276639344262295 0.5759109311740891 0.5389344262295082 0.5840080971659919 0.5379098360655737 0.5890688259109311 0.5297131147540983 0.5956477732793523 0.4047131147540984 0.5951417004048583 0.39549180327868855 0.5875506072874493 0.3790983606557377 0.5789473684210527 0.3790983606557377 0.5748987854251012 0.38422131147540983 0.5754048582995951 0.39344262295081966
0 0.5465587044534413 0.6577868852459017 0.5475708502024291 0.6905737704918032 0.5561740890688259 0.7008196721311475 0.5571862348178138 0.6926229508196722 0.5642712550607287 0.6875 0.5662955465587044 0.673155737704918 0.5784412955465587 0.5676229508196722 0.5748987854251012 0.5614754098360656 0.5642712550607287 0.5543032786885246 0.5526315789473685 0.5573770491803278 0.5495951417004049 0.5819672131147541 0.5495951417004049 0.6347336065573771
0 0.5792069838056679 0.6933575819672131 0.5801634615384615 0.6323002049180327 0.5744251012145749 0.5932100409836065 0.5760187246963563 0.5689815573770493 0.5843076923076923 0.5534743852459016 0.5976973684210526 0.5589661885245902 0.6069428137651822 0.5764108606557377 0.6050298582995951 0.6051629098360656 0.5997697368421052 0.6688053278688525 0.5957844129554656 0.6923883196721311 0.5908431174089069 0.7024026639344262
0 0.5950490890688259 0.4915122950819672 0.585793016194332 0.5188411885245902 0.5922009109311741 0.5412315573770491 0.5948522267206479 0.5439190573770492 0.5972828947368422 0.5475010245901639 0.61809008097166 0.5541793032786886 0.6260602226720647 0.5167049180327868 0.6223942307692308 0.4860143442622951 0.6282181174089069 0.4212151639344262 0.6293228744939271 0.3885245901639344 0.6257874493927126 0.37285040983606554 0.6154018218623483 0.3858370901639344 0.6070055668016194 0.4162889344262295 0.6010394736842105 0.46778893442622954
0 0.6218264170040486 0.48766393442622946 0.6116624493927125 0.5297592213114753 0.61453491902834 0.5414026639344263 0.6191751012145749 0.5422981557377049 0.6498891700404859 0.5566290983606558 0.6536452429149798 0.5391639344262296 0.6525404858299596 0.49169467213114754 0.660716093117409 0.43571618852459015 0.6582859311740891 0.3967561475409836 0.650330971659919 0.37526024590163937 0.6344215587044534 0.3882469262295082 0.6271295546558705 0.42855122950819674 0.6244782388663968 0.4684077868852459 0.6207216599190284 0.4921424180327869
0 0.6028238866396761 0.601858606557377 0.5946477732793521 0.5678247950819673 0.600172064777328 0.5552848360655738 0.6211634615384616 0.5570768442622951 0.6319908906882592 0.5628985655737705 0.6353056680161944 0.5839456967213115 0.6342004048582996 0.6224590163934426 0.6277925101214575 0.6851536885245902 0.6251411943319838 0.7120235655737704 0.6211634615384616 0.7321752049180328 0.6127672064777328 0.7393401639344263 0.6074640688259109 0.7093360655737705 0.6010561740890688 0.6726147540983607 0.6010561740890688 0.6484323770491803 0.6006138663967612 0.6278329918032787 0.6039286437246963 0.6103678278688525
0 0.6311993927125507 0.5809170081967213 0.6285475708502024 0.5594221311475409 0.6426892712550607 0.5518084016393443 0.6592616396761134 0.5589743852459016 0.668763157894737 0.5755430327868852 0.6694261133603239 0.5988299180327868 0.6703097165991903 0.6288340163934426 0.6722985829959515 0.6642120901639343 0.6731821862348178 0.7116813524590164 0.6718567813765182 0.7260112704918033 0.6634600202429151 0.7327295081967213 0.6548426113360324 0.701828893442623 0.6519696356275303 0.6754077868852458 0.6486553643724696 0.653016393442623 0.6407004048582995 0.6167428278688525
0 0.6469504048582996 0.5016116803278688 0.6442985829959514 0.5369897540983606 0.6540207489878542 0.5531106557377049 0.6732449392712551 0.5647540983606558 0.6825253036437248 0.5566936475409836 0.6781062753036438 0.5208678278688524 0.6825253036437248 0.4877284836065574 0.6851771255060729 0.44249897540983607 0.6887125506072874 0.4165256147540984 0.683630060728745 0.3820430327868853 0.6690465587044535 0.3789077868852459 0.6591032388663968 0.4012991803278689 0.6573355263157895 0.43712500000000004 0.653800101214575 0.47205532786885246 0.6484969635627531 0.4953422131147541
0 0.6769251012145749 0.4747899590163934 0.6731685222672065 0.5159897540983607 0.6762621457489879 0.5334549180327869 0.6963699392712551 0.5531588114754099 0.714047064777328 0.5607715163934426 0.7246533400809716 0.5527110655737705 0.7222226720647774 0.523154713114754 0.7200131578947369 0.491359631147541 0.7228856275303643 0.4506075819672131 0.7273046558704453 0.4107510245901639 0.7281887651821862 0.38522540983606557 0.7100698380566801 0.37223872950819675 0.6985794534412956 0.3785081967213115 0.6901826923076922 0.40582581967213116 0.6859843117408907 0.441202868852459 0.6815652834008097 0.46448975409836063 0.6755991902834008 0.4774764344262295
0 0.657922064777328 0.5795809426229509 0.6510723684210526 0.5477848360655738 0.6574802631578948 0.5379334016393443 0.6778087044534412 0.5464415983606558 0.7010101214574899 0.5567418032786885 0.714047064777328 0.5616680327868853 0.7111745951417003 0.5831629098360656 0.7089645748987854 0.6122715163934426 0.7173613360323887 0.6512325819672131 0.7231062753036437 0.6776536885245902 0.7233274291497976 0.7009405737704919 0.7083021255060729 0.7081055327868853 0.6934974696356276 0.7058668032786886 0.683332995951417 0.6973575819672131 0.675378036437247 0.6803401639344262 0.6707378542510121 0.6548145491803279 0.6700748987854251 0.6319754098360656 0.6685283400809716 0.6122715163934426 0.6658765182186235 0.5979415983606557 0.6614574898785425 0.5867459016393443
0 0.7255369433198381 0.5504723360655738 0.7290723684210526 0.488672131147541 0.7273046558704453 0.4523985655737705 0.7295146761133603 0.4255297131147541 0.7348178137651822 0.4094077868852459 0.7487383603238866 0.42776844262295083 0.7586816801619433 0.4895686475409836 0.7633218623481782 0.5280809426229509 0.7650895748987854 0.5477848360655738 0.7604493927125505 0.5612202868852458 0.7456447368421053 0.5616680327868853 0.7337125506072875 0.5571895491803279 0.7266417004048583 0.5536065573770492
0 0.7023360323886639 0.5656977459016393 0.7094068825910931 0.5518155737704918 0.7244321862348179 0.5468893442622951 0.7370273279352226 0.5540543032786884 0.7531578947368421 0.5594282786885245 0.7626589068825911 0.5733114754098361 0.7613335020242915 0.6006280737704918 0.7604493927125505 0.6310799180327868 0.7695091093117409 0.6583975409836066 0.7754752024291498 0.6946711065573771 0.7644266194331985 0.7013883196721311 0.7502849190283402 0.7013883196721311 0.739457995951417 0.7009405737704919 0.7275258097165992 0.690640368852459 0.7226644736842105 0.6624272540983607 0.7226644736842105 0.6369016393442622 0.7235485829959514 0.6180932377049181 0.7193502024291497 0.6028668032786886 0.7091857287449393 0.5939108606557377 0.7056503036437247 0.5849538934426229