0 0.31402074898785426 0.6641403688524591 0.33099392712550607 0.5694006147540984 0.334332995951417 0.5423329918032787 0.3493582995951417 0.5310543032786885 0.360210020242915 0.5412049180327869 0.37968775303643726 0.5615061475409836 0.3821918016194332 0.5795512295081968 0.35881882591093117 0.6241014344262296 0.3457413967611336 0.657936475409836 0.3360025303643725 0.6725983606557377 0.3276548582995952 0.6771106557377049 0.31652479757085017 0.6866967213114754
0 0.3251508097165992 0.46507479508196725 0.31875101214574897 0.49609118852459017 0.3259853238866397 0.5130081967213115 0.3435151821862348 0.5209036885245901 0.3571492914979757 0.5175194672131147 0.3616017206477733 0.5068053278688525 0.35909716599190283 0.4825563524590164 0.3571492914979757 0.45943545081967213 0.3510278340080972 0.4131946721311476 0.3443502024291498 0.38217827868852455 0.334332995951417 0.38161475409836065 0.3282115384615385 0.41206659836065573 0.3248724696356275 0.4566157786885246
0 0.3628122469635628 0.49510553278688524 0.3604337044534413 0.5177612704918032 0.3604337044534413 0.5331864754098361 0.3723259109311741 0.5519866803278689 0.38612145748987853 0.5558432377049181 0.39658653846153846 0.5428278688524589 0.4022950404858299 0.5259559426229508 0.39658653846153846 0.4854641393442623 0.3944458502024291 0.4415983606557377 0.38754858299595146 0.40399897540983604 0.3742287449392713 0.4011065573770492 0.3628122469635628 0.4165327868852459 0.3625743927125506 0.4584702868852459 0.3644767206477733 0.48305430327868853
0 0.7007813765182186 0.6968350409836066 0.6888891700404858 0.6847838114754099 0.6824671052631579 0.672251024590164 0.6815156882591092 0.6524877049180328 0.6736664979757084 0.6182622950819672 0.660585020242915 0.5874118852459016 0.6579686234817813 0.5681301229508197 0.6593957489878542 0.5555963114754098 0.6762828947368421 0.5440276639344263 0.6879377530364372 0.5425809426229508 0.7019706477732793 0.5411352459016394 0.7100576923076923 0.5527038934426229 0.7074412955465587 0.5796987704918032 0.7119605263157895 0.604765368852459 0.7190956477732794 0.630313524590164 0.7226634615384615 0.6563432377049181 0.718619939271255 0.6746618852459016 0.7053006072874494 0.6924969262295082
0 0.7072034412955466 0.5324579918032787 0.725042004048583 0.5223350409836065 0.7414539473684211 0.5136588114754098 0.7545354251012145 0.5242633196721311 0.7535840080971661 0.5695758196721311 0.760243927125506 0.5965706967213115 0.7673795546558705 0.630795081967213 0.7676174089068826 0.6500768442622951 0.7571518218623482 0.6698411885245902 0.7450212550607288 0.6515235655737704 0.7374104251012146 0.6394723360655737 0.7269448380566802 0.6216362704918033 0.7176685222672065 0.5980163934426229 0.7105334008097165 0.5768063524590163 0.7019706477732793 0.5637909836065573 0.6988785425101214 0.5575245901639344 0.7038734817813765 0.5372786885245902
0 0.728744939271255 0.39139344262295084 0.7241902834008097 0.4692622950819672 0.7272267206477733 0.4887295081967213 0.7312753036437247 0.4969262295081967 0.7388663967611336 0.4969262295081967 0.7601214574898786 0.48155737704918034 0.7626518218623481 0.47540983606557374 0.7631578947368421 0.4610655737704918 0.7484817813765182 0.35758196721311475 0.7439271255060729 0.3514344262295082 0.736336032388664 0.35348360655737704
0 0.687753036437247 0.4108606557377049 0.6847165991902834 0.48565573770491804 0.6847165991902834 0.5020491803278688 0.687753036437247 0.5174180327868853 0.6918016194331984 0.5215163934426229 0.7044534412955465 0.5215163934426229 0.7236842105263158 0.5081967213114754 0.7267206477732794 0.492827868852459 0.7171052631578947 0.4385245901639344 0.7171052631578947 0.38831967213114754 0.7140688259109311 0.3760245901639344 0.7074898785425101 0.3719262295081967 0.6938259109311741 0.3801229508196721
0 0.6614372469635628 0.38422131147540983 0.6589068825910931 0.4180327868852459 0.659919028340081 0.5204918032786885 0.6644736842105263 0.5297131147540983 0.6781376518218624 0.5358606557377049 0.687246963562753 0.5204918032786885 0.6867408906882592 0.5112704918032787 0.6705465587044535 0.38422131147540983 0.6675101214574899 0.3790983606557377
0 0.6341093117408907 0.4036885245901639 0.6325910931174089 0.5266393442622951 0.6422064777327935 0.5430327868852459 0.6578947368421053 0.5420081967213115 0.6609311740890689 0.5327868852459017 0.6589068825910931 0.5040983606557377 0.646255060728745 0.39549180327868855 0.6422064777327935 0.38934426229508196
0 0.604757085020243 0.4641393442622951 0.6032388663967612 0.5266393442622951 0.6128542510121457 0.5522540983606558 0.625 0.5522540983606558 0.6325910931174089 0.5286885245901639 0.632085020242915 0.4661885245901639 0.6290485829959515 0.40061475409836067 0.6224696356275303 0.3760245901639344 0.6133603238866396 0.3760245901639344 0.6088056680161943 0.39241803278688525
0 0.6341093117408907 0.576844262295082 0.6346153846153846 0.5911885245901639 0.6417004048582996 0.6137295081967213 0.652834008097166 0.6700819672131147 0.6659919028340081 0.7090163934426229 0.6720647773279352 0.7069672131147541 0.6745951417004049 0.6885245901639344 0.6619433198380567 0.5655737704918032 0.6406882591093117 0.5645491803278688
0 0.6133603238866396 0.5747950819672131 0.6093117408906883 0.5963114754098361 0.6143724696356275 0.6219262295081968 0.6189271255060729 0.6813524590163934 0.6234817813765182 0.701844262295082 0.6346153846153846 0.7079918032786885 0.6376518218623481 0.694672131147541 0.6366396761133604 0.5952868852459017 0.6341093117408907 0.5870901639344263 0.6346153846153846 0.5747950819672131 0.6280364372469636 0.5665983606557377 0.617914979757085 0.5665983606557377
0 0.5855263157894737 0.5952868852459017 0.5941295546558705 0.6854508196721312 0.6022267206477733 0.7202868852459017 0.6067813765182186 0.7284836065573771 0.6098178137651822 0.7284836065573771 0.6158906882591093 0.7161885245901639 0.6163967611336032 0.6844262295081968 0.6082995951417004 0.5870901639344263 0.603744939271255 0.5778688524590164 0.5946356275303644 0.576844262295082 0.5910931174089069 0.5788934426229508
0 0.569838056680162 0.4026639344262295 0.569331983805668 0.444672131147541 0.5713562753036437 0.4672131147540984 0.569838056680162 0.5440573770491803 0.5748987854251012 0.5594262295081968 0.5845141700404858 0.5635245901639344 0.5926113360323887 0.5573770491803278 0.5956477732793523 0.5450819672131147 0.5880566801619433 0.4354508196721312 0.5840080971659919 0.4036885245901639 0.5794534412955465 0.39344262295081966 0.5713562753036437 0.39549180327868855
0 0.5587044534412956 0.5901639344262295 0.5581983805668016 0.610655737704918 0.5637651821862348 0.639344262295082 0.5668016194331984 0.6752049180327869 0.5738866396761133 0.6977459016393442 0.5799595141700404 0.7079918032786885 0.5840080971659919 0.6997950819672131 0.5845141700404858 0.6834016393442623 0.5794534412955465 0.5973360655737705 0.5759109311740891 0.5870901639344263 0.5683198380566802 0.5829918032786885
0 0.5409919028340081 0.47438524590163933 0.5404858299595142 0.5594262295081968 0.5480769230769231 0.5717213114754098 0.555161943319838 0.5717213114754098 0.5647773279352226 0.5614754098360656 0.5683198380566802 0.5491803278688525 0.5683198380566802 0.5235655737704918 0.5652834008097166 0.5030737704918032 0.5657894736842105 0.46311475409836067 0.5617408906882592 0.4047131147540984 0.5571862348178138 0.3801229508196721 0.5455465587044535 0.36065573770491804 0.5435222672064778 0.3770491803278688 0.548582995951417 0.4098360655737705
0 0.5369433198380567 0.5952868852459017 0.5359311740890689 0.6168032786885246 0.5404858299595142 0.6454918032786885 0.5435222672064778 0.6905737704918032 0.5475708502024291 0.7090163934426229 0.5541497975708503 0.7141393442622951 0.5571862348178138 0.7079918032786885 0.5571862348178138 0.5942622950819673 0.5561740890688259 0.5901639344262295 0.5480769230769231 0.5881147540983607
0 0.5156882591093117 0.5952868852459017 0.5156882591093117 0.6188524590163934 0.520748987854251 0.6536885245901639 0.5217611336032388 0.6885245901639344 0.5258097165991903 0.7120901639344263 0.5298582995951417 0.7161885245901639 0.5334008097165992 0.7049180327868853 0.534919028340081 0.6823770491803278 0.5344129554655871 0.6004098360655737 0.5263157894736842 0.5922131147540983
0 0.4944331983805668 0.6024590163934426 0.4939271255060729 0.7008196721311475 0.4984817813765182 0.7172131147540983 0.506578947368421 0.6967213114754098 0.5101214574898786 0.6485655737704918 0.5161943319838057 0.6147540983606558 0.5161943319838057 0.5983606557377049 0.513663967611336 0.5922131147540983 0.5030364372469636 0.5901639344262295 0.4964574898785425 0.5942622950819673
0 0.4645748987854251 0.6465163934426229 0.4645748987854251 0.7397540983606558 0.4665991902834008 0.7479508196721312 0.4691295546558704 0.7479508196721312 0.47520242914979755 0.7418032786885246 0.4832995951417004 0.7049180327868853 0.48785425101214575 0.6362704918032787 0.49139676113360325 0.6147540983606558 0.49139676113360325 0.6034836065573771 0.4883603238866397 0.5942622950819673 0.48026315789473684 0.5901639344262295 0.4676113360323887 0.5952868852459017
0 0.4367408906882591 0.6260245901639344 0.4342105263157895 0.673155737704918 0.4357287449392713 0.7049180327868853 0.44281376518218624 0.7274590163934426 0.45394736842105265 0.7295081967213115 0.4600202429149798 0.7049180327868853 0.4660931174089069 0.6055327868852459 0.46305668016194335 0.5963114754098361 0.45546558704453444 0.5870901639344263 0.4418016194331984 0.5860655737704918
0 0.4124493927125506 0.6629098360655737 0.41194331983805665 0.7090163934426229 0.41548582995951416 0.7192622950819673 0.4200404858299595 0.7233606557377049 0.4256072874493927 0.7110655737704918 0.42965587044534415 0.6926229508196722 0.4418016194331984 0.6147540983606558 0.4438259109311741 0.6116803278688525 0.44635627530364375 0.5911885245901639 0.444331983805668 0.5860655737704918 0.4357287449392713 0.5778688524590164 0.41953441295546556 0.5778688524590164 0.4159919028340081 0.5829918032786885
0 0.4493927125506073 0.41700819672131145 0.44888663967611336 0.4764344262295082 0.45394736842105265 0.5225409836065574 0.4534412955465587 0.5563524590163934 0.4600202429149798 0.569672131147541 0.47115384615384615 0.5676229508196722 0.4797570850202429 0.5440573770491803 0.4807692307692308 0.5327868852459017 0.4686234817813765 0.4334016393442623 0.4590080971659919 0.3944672131147541 0.4509109311740891 0.4016393442622951
0 0.4276315789473684 0.45491803278688525 0.42864372469635625 0.5 0.4256072874493927 0.5543032786885246 0.430668016194332 0.5645491803278688 0.4438259109311741 0.5635245901639344 0.4524291497975709 0.5532786885245902 0.45445344129554655 0.5307377049180327 0.4433198380566802 0.45389344262295084 0.4352226720647773 0.4139344262295082 0.42965587044534415 0.42315573770491804
0 0.4043522267206478 0.4456967213114754 0.40030364372469635 0.548155737704918 0.4073886639676113 0.5594262295081968 0.4200404858299595 0.5563524590163934 0.42611336032388664 0.5440573770491803 0.4266194331983806 0.5245901639344263 0.42105263157894735 0.4733606557377049 0.42105263157894735 0.44672131147540983 0.416497975708502 0.4180327868852459 0.41194331983805665 0.4047131147540984 0.40789473684210525 0.41188524590163933
0 0.4873481781376518 0.4733606557377049 0.48431174089068824 0.555327868852459 0.4893724696356275 0.5686475409836066 0.5020242914979757 0.569672131147541 0.507085020242915 0.5594262295081968 0.5080971659919028 0.5266393442622951 0.5060728744939271 0.4375 0.5030364372469636 0.41905737704918034 0.4984817813765182 0.4088114754098361 0.4934210526315789 0.41290983606557374 0.4898785425101215 0.4293032786885246
0 0.5101214574898786 0.4733606557377049 0.5116396761133604 0.4948770491803279 0.5080971659919028 0.5440573770491803 0.5096153846153846 0.555327868852459 0.5177125506072875 0.5747950819672131 0.5334008097165992 0.5706967213114754 0.5369433198380567 0.5614754098360656 0.5374493927125507 0.5327868852459017 0.5298582995951417 0.4395491803278688 0.5253036437246964 0.41700819672131145 0.521255060728745 0.4139344262295082 0.5172064777327935 0.4180327868852459 0.5131578947368421 0.430327868852459