0 0.4767206477732793 0.46209016393442626 0.47621457489878544 0.5030737704918032 0.46963562753036436 0.5512295081967213 0.46963562753036436 0.576844262295082 0.47469635627530365 0.5922131147540983 0.49190283400809715 0.5932377049180327 0.49696356275303644 0.5860655737704918 0.5010121457489879 0.5204918032786885 0.49898785425101216 0.4426229508196721 0.4944331983805668 0.4364754098360656 0.48228744939271256 0.4334016393442623
0 0.645242914979757 0.4415983606557377 0.6447368421052632 0.5409836065573771 0.646255060728745 0.5614754098360656 0.6497975708502024 0.5686475409836066 0.6730769230769231 0.5829918032786885 0.6791497975708503 0.5737704918032787 0.6816801619433198 0.5502049180327869 0.6776315789473685 0.5348360655737705 0.6654858299595142 0.4415983606557377 0.6624493927125507 0.430327868852459 0.6503036437246964 0.43135245901639346
0 0.4256072874493927 0.6260245901639344 0.42611336032388664 0.6598360655737705 0.43623481781376516 0.7438524590163934 0.44686234817813764 0.7725409836065574 0.45445344129554655 0.7725409836065574 0.45951417004048584 0.7520491803278688 0.45394736842105265 0.6741803278688525 0.45293522267206476 0.6229508196721312 0.43370445344129555 0.610655737704918 0.42813765182186236 0.6168032786885246
0 0.4964574898785425 0.5573770491803278 0.4974696356275304 0.5870901639344263 0.5045546558704453 0.5993852459016393 0.5172064777327935 0.6045081967213115 0.5253036437246964 0.6014344262295082 0.5273279352226721 0.5963114754098361 0.5288461538461539 0.5799180327868853 0.5253036437246964 0.5225409836065574 0.5247975708502024 0.4641393442622951 0.5222672064777328 0.4395491803278688 0.5156882591093117 0.42827868852459017 0.5116396761133604 0.42827868852459017 0.5055668016194332 0.4405737704918033 0.5015182186234818 0.5174180327868853
0 0.4524291497975709 0.632172131147541 0.4534412955465587 0.6741803278688525 0.45799595141700405 0.7202868852459017 0.46558704453441296 0.7510245901639344 0.472165991902834 0.7674180327868853 0.47874493927125505 0.7715163934426229 0.48279352226720645 0.7674180327868853 0.4853238866396761 0.7520491803278688 0.4767206477732793 0.6465163934426229 0.4716599190283401 0.6301229508196722 0.4645748987854251 0.6188524590163934 0.45951417004048584 0.6198770491803278
0 0.47520242914979755 0.6270491803278688 0.4767206477732793 0.6577868852459017 0.4908906882591093 0.7510245901639344 0.49544534412955465 0.7674180327868853 0.5015182186234818 0.7694672131147541 0.5106275303643725 0.7540983606557377 0.5101214574898786 0.7243852459016393 0.5025303643724697 0.7008196721311475 0.4949392712550607 0.6301229508196722 0.4873481781376518 0.6219262295081968
0 0.49544534412955465 0.6331967213114754 0.4974696356275304 0.6670081967213115 0.5086032388663968 0.7377049180327869 0.5121457489878543 0.75 0.5182186234817814 0.7592213114754098 0.5273279352226721 0.7479508196721312 0.5273279352226721 0.7397540983606558 0.5167004048582996 0.6682889344262295 0.5161943319838057 0.6311475409836066 0.513663967611336 0.6270491803278688 0.5060728744939271 0.6270491803278688
0 0.5305511133603238 0.7528627049180328 0.5361847165991903 0.6647079918032787 0.535660931174089 0.6344375 0.538543016194332 0.6259405737704918 0.5524311740890688 0.6224887295081967 0.5555754048582996 0.6408104508196721 0.5509898785425101 0.6848872950819672 0.5453562753036437 0.7422418032786885 0.5412945344129555 0.7650768442622952 0.5352677125506073 0.7687940573770491
0 0.5528805668016195 0.7571608606557377 0.5505561740890688 0.7308299180327869 0.5563213562753037 0.6862213114754098 0.5568451417004049 0.6607305327868853 0.5556659919028341 0.6352397540983606 0.5609068825910931 0.6222295081967214 0.5771528340080971 0.6275399590163935 0.5817383603238867 0.6381608606557377 0.5747945344129555 0.6729446721311475 0.5685055668016195 0.7085256147540984 0.5657540485829959 0.7403893442622951 0.5589412955465587 0.7603032786885247
0 0.5336472672064778 0.44972540983606557 0.531830971659919 0.543217213114754 0.5312859311740891 0.5774487704918033 0.5325571862348178 0.595484631147541 0.5396401821862348 0.5999016393442623 0.5552596153846153 0.5973247950819672 0.5636138663967611 0.575608606557377 0.5594367408906882 0.5336475409836066 0.5532616396761133 0.46849795081967216 0.5505374493927125 0.4397879098360656 0.5467231781376518 0.4180706967213115 0.5398218623481782 0.42396004098360657 0.5354630566801619 0.44236372950819675
0 0.5618183198380567 0.4411598360655738 0.5614342105263158 0.5141393442622951 0.5627054655870445 0.5586762295081967 0.565793016194332 0.5759764344262295 0.5774164979757085 0.5840737704918033 0.5864974696356275 0.5774487704918033 0.5906745951417004 0.5689825819672131 0.5906745951417004 0.5351198770491804 0.5846811740890688 0.4972079918032787 0.5817753036437247 0.4585594262295082 0.5799595141700404 0.43426639344262297 0.5777798582995951 0.41954303278688526 0.5708785425101215 0.4191752049180328 0.5630688259109312 0.4338985655737705
0 0.5710612348178137 0.7678801229508196 0.5679549595141701 0.7258299180327868 0.5701346153846154 0.6963831967213114 0.5750379554655871 0.6569989754098361 0.5766725708502025 0.6419077868852459 0.5793967611336032 0.6330737704918032 0.589748987854251 0.6194549180327868 0.595924089068826 0.6216639344262296 0.6022803643724697 0.6338104508196721 0.6024620445344129 0.6562633196721311 0.5997378542510122 0.6971198770491803 0.5935627530364374 0.7394487704918032 0.5857535425101215 0.7777284836065573 0.5803051619433198 0.7854579918032787