0 0.28795546558704455 0.36475409836065575 0.28643724696356276 0.3709016393442623 0.2940283400809717 0.4323770491803279 0.29706477732793524 0.4354508196721312 0.30313765182186236 0.4661885245901639 0.30516194331983804 0.5102459016393442 0.30870445344129555 0.5276639344262295 0.3147773279352227 0.5338114754098361 0.3248987854251012 0.5225409836065574 0.3299595141700405 0.5256147540983607 0.34210526315789475 0.5215163934426229 0.3456477732793522 0.5030737704918032 0.3436234817813765 0.4805327868852459 0.32945344129554655 0.4334016393442623 0.3233805668016194 0.38729508196721313 0.3183198380566802 0.36885245901639346 0.3147773279352227 0.36475409836065575 0.2950404858299595 0.36065573770491804
0 0.3643724696356275 0.569672131147541 0.3603238866396761 0.6926229508196722 0.3633603238866397 0.6977459016393442 0.3618421052631579 0.7069672131147541 0.3800607287449393 0.7295081967213115 0.37955465587044535 0.735655737704918 0.38461538461538464 0.7438524590163934 0.3932186234817814 0.7223360655737705 0.39878542510121456 0.6618852459016393 0.4063765182186235 0.610655737704918 0.4139676113360324 0.5819672131147541 0.41346153846153844 0.5584016393442623 0.4084008097165992 0.548155737704918 0.40030364372469635 0.5543032786885246 0.39271255060728744 0.5471311475409836 0.3851214574898785 0.5461065573770492 0.36639676113360325 0.5635245901639344
0 0.3623481781376518 0.4262295081967213 0.35779352226720645 0.492827868852459 0.35880566801619435 0.5122950819672131 0.36538461538461536 0.5235655737704918 0.3851214574898785 0.5225409836065574 0.3967611336032389 0.5040983606557377 0.3967611336032389 0.4600409836065574 0.3876518218623482 0.4098360655737705 0.38917004048583 0.3760245901639344 0.3861336032388664 0.36885245901639346 0.3881578947368421 0.36065573770491804 0.3714574898785425 0.367827868852459
0 0.3992914979757085 0.7141393442622951 0.39878542510121456 0.742827868852459 0.4073886639676113 0.7469262295081968 0.4139676113360324 0.7366803278688525 0.42105263157894735 0.7131147540983607 0.430668016194332 0.6352459016393442 0.4392712550607287 0.5922131147540983 0.4392712550607287 0.5717213114754098 0.43724696356275305 0.5676229508196722 0.4276315789473684 0.569672131147541 0.4185222672064777 0.5635245901639344 0.41194331983805665 0.5788934426229508 0.4089068825910931 0.5942622950819673 0.4104251012145749 0.6475409836065574 0.40384615384615385 0.701844262295082
0 0.39271255060728744 0.36475409836065575 0.39119433198380565 0.38934426229508196 0.3952429149797571 0.42213114754098363 0.395748987854251 0.48155737704918034 0.3937246963562753 0.5204918032786885 0.3952429149797571 0.5286885245901639 0.40789473684210525 0.5338114754098361 0.4144736842105263 0.5286885245901639 0.4175101214574899 0.5122950819672131 0.4200404858299595 0.5092213114754098 0.4200404858299595 0.47848360655737704 0.4043522267206478 0.35860655737704916 0.39625506072874495 0.35758196721311475
0 0.4185222672064777 0.32889344262295084 0.41548582995951416 0.35655737704918034 0.41700404858299595 0.5286885245901639 0.4230769230769231 0.5440573770491803 0.42813765182186236 0.5450819672131147 0.444331983805668 0.5174180327868853 0.44686234817813764 0.5030737704918032 0.4311740890688259 0.34938524590163933 0.4276315789473684 0.3452868852459016 0.423582995951417 0.3237704918032787
0 0.43876518218623484 0.5891393442622951 0.4357287449392713 0.5952868852459017 0.43876518218623484 0.7325819672131147 0.44281376518218624 0.7438524590163934 0.44686234817813764 0.7438524590163934 0.4524291497975709 0.7315573770491803 0.4574898785425101 0.7008196721311475 0.46356275303643724 0.5993852459016393 0.4549595141700405 0.5788934426229508
0 0.43775303643724695 0.33094262295081966 0.43623481781376516 0.3442622950819672 0.43775303643724695 0.4334016393442623 0.44129554655870445 0.45286885245901637 0.4418016194331984 0.47950819672131145 0.4397773279352227 0.514344262295082 0.44281376518218624 0.5317622950819673 0.4478744939271255 0.5430327868852459 0.4569838056680162 0.5450819672131147 0.4665991902834008 0.5368852459016393 0.4681174089068826 0.5317622950819673 0.4676113360323887 0.49385245901639346 0.44686234817813764 0.33401639344262296 0.4433198380566802 0.32684426229508196 0.4392712550607287 0.32581967213114754
0 0.46356275303643724 0.5850409836065574 0.4640688259109312 0.7161885245901639 0.4686234817813765 0.7469262295081968 0.47520242914979755 0.7489754098360656 0.48431174089068824 0.7325819672131147 0.48633603238866396 0.7172131147540983 0.4873481781376518 0.5747950819672131 0.48380566801619435 0.569672131147541 0.47469635627530365 0.569672131147541 0.46558704453441296 0.5758196721311475
0 0.4691295546558704 0.36577868852459017 0.4660931174089069 0.3831967213114754 0.4676113360323887 0.5245901639344263 0.4706477732793522 0.5430327868852459 0.48633603238866396 0.5461065573770492 0.4893724696356275 0.5430327868852459 0.49139676113360325 0.5235655737704918 0.48279352226720645 0.4077868852459016 0.4782388663967611 0.3698770491803279 0.47115384615384615 0.36270491803278687
0 0.4883603238866397 0.5706967213114754 0.49139676113360325 0.6977459016393442 0.4934210526315789 0.7161885245901639 0.4984817813765182 0.7213114754098361 0.5040485829959515 0.7049180327868853 0.506578947368421 0.6823770491803278 0.507085020242915 0.5993852459016393 0.5091093117408907 0.5747950819672131 0.5055668016194332 0.5665983606557377 0.49291497975708504 0.5665983606557377
0 0.4921472672064777 0.5057315573770492 0.4958117408906883 0.44811782786885246 0.4951224696356275 0.38850409836065575 0.4992586032388664 0.35636782786885246 0.5105192307692308 0.3782571721311475 0.5167236842105264 0.44439241803278684 0.5174134615384616 0.5077315573770492 0.5125875506072874 0.5240327868852459 0.4960414979757085 0.5263616803278689
0 0.5120607287449392 0.5524477459016393 0.5272429149797572 0.5480276639344263 0.5373542510121457 0.6686526639344262 0.5371244939271255 0.6872827868852459 0.529540991902834 0.6830911885245902 0.5226467611336032 0.6565440573770492 0.5203486842105264 0.6188196721311475 0.5090880566801619 0.5573422131147541
0 0.5328598178137652 0.5577674180327868 0.5429281376518219 0.5535235655737705 0.5498036437246964 0.5535235655737705 0.5480354251012145 0.5813913934426229 0.5523572874493927 0.6701700819672132 0.554125 0.7040102459016394 0.546464068825911 0.7056024590163934 0.5417494939271256 0.6952520491803279 0.5372312753036437 0.6641987704918033 0.5346776315789473 0.6243872950819672 0.5327135627530365 0.5941311475409836 0.5274094129554656 0.5805952868852459 0.5254453441295547 0.5670594262295082
0 0.5274154858299596 0.3267254098360656 0.5234514170040485 0.4451803278688524 0.5207014170040486 0.4953422131147541 0.5262014170040485 0.5287838114754098 0.5448628542510121 0.5299784836065574 0.5468274291497975 0.4977305327868853 0.5407378542510122 0.4352274590163934 0.5411305668016194 0.34127254098360654 0.5385769230769231 0.3173862704918033 0.5271837044534412 0.31937602459016395
0 0.5606487854251012 0.3464180327868852 0.5555485829959513 0.4224723360655738 0.5545668016194333 0.4766157786885246 0.5520126518218623 0.5140389344262295 0.5577095141700406 0.5295645491803279 0.5702813765182186 0.5259815573770491 0.5746032388663967 0.4885594262295082 0.5710673076923077 0.4332213114754099 0.5667454453441295 0.3731065573770492 0.5689063765182186 0.3384713114754099
0 0.5530835020242915 0.5898463114754099 0.551257085020243 0.5571659836065573 0.561078947368421 0.5456198770491804 0.575419028340081 0.5595543032786885 0.5775794534412956 0.5770717213114754 0.5783653846153846 0.7267930327868852 0.578169028340081 0.7439118852459017 0.5636325910931175 0.7255983606557377 0.5595075910931174 0.6941475409836066 0.5549893724696356 0.653141393442623 0.5542034412955466 0.6169139344262294 0.5526320850202429 0.5986004098360657
0 0.5956831983805667 0.7356844262295082 0.5852191295546559 0.6525286885245902 0.5805374493927126 0.6023002049180328 0.5725521255060729 0.5743954918032788 0.5775086032388663 0.5565368852459016 0.5838421052631579 0.5537469262295082 0.5934802631578948 0.5515143442622951 0.6044949392712551 0.5570952868852459 0.6061472672064777 0.5738381147540984 0.6066978744939271 0.6162530737704918 0.6083502024291497 0.6871301229508197 0.605046052631579 0.7273124999999999 0.5992631578947368 0.7412653688524591
0 0.5840571862348178 0.31154815573770495 0.5779529352226721 0.4195440573770492 0.5724453441295547 0.4641915983606557 0.569967105263158 0.4932120901639344 0.5853881578947369 0.5266977459016393 0.5972287449392712 0.523906762295082 0.6027363360323887 0.4887479508196721 0.601084008097166 0.45247131147540987 0.5983304655870445 0.4106147540983606 0.5977798582995951 0.3609446721311475 0.5980551619433199 0.3391793032786885 0.5947505060728745 0.31294877049180325 0.5908952429149797 0.3034620901639344 0.5853881578947369 0.31183299180327867
0 0.6049392712550606 0.3257848360655738 0.5986057692307692 0.3972202868852459 0.5925475708502025 0.44465881147540987 0.589794028340081 0.46977254098360655 0.5917216599190284 0.4876311475409836 0.6035622469635628 0.5066065573770492 0.6165050607287449 0.516094262295082 0.6220126518218624 0.5177684426229509 0.6277950404858299 0.4932120901639344 0.6261432186234818 0.4731209016393443 0.624490890688259 0.4463329918032787 0.6242155870445344 0.4284733606557377 0.6261432186234818 0.40168545081967216 0.6275197368421053 0.3765717213114754 0.6269691295546559 0.3458760245901639 0.6255921052631579 0.3285758196721311 0.6151280364372469 0.31573975409836064 0.6079686234817814 0.32020389344262296 0.604663967611336 0.32690163934426225
0 0.6101923076923077 0.6014159836065573 0.6011017206477733 0.5745543032786885 0.6002758097165992 0.5522305327868853 0.6077105263157895 0.5388360655737705 0.6181745951417004 0.5388360655737705 0.6366244939271255 0.5628340163934427 0.6355232793522267 0.5918545081967213 0.6341462550607287 0.6298053278688525 0.6363491902834008 0.658267418032787 0.6402044534412956 0.6861721311475409 0.6402044534412956 0.7079375 0.6311174089068826 0.7207735655737705 0.6247839068825911 0.7118442622950819 0.617623987854251 0.6744518442622951 0.616246963562753 0.6616157786885245 0.6134934210526315 0.6370604508196721 0.6123922064777327 0.616969262295082
0 0.6274342105263158 0.3170307377049181 0.6241295546558704 0.39683811475409836 0.621376012145749 0.4319969262295082 0.6205495951417004 0.4626926229508197 0.6202742914979757 0.4855737704918033 0.6252312753036438 0.5039907786885246 0.6365212550607288 0.5123627049180327 0.6464347165991903 0.5112459016393442 0.6530435222672065 0.4972940573770492 0.653869939271255 0.47999282786885245 0.6519423076923078 0.46492418032786886 0.6497393724696356 0.42920696721311474 0.648912955465587 0.397953893442623 0.6475364372469635 0.3672592213114754 0.6458841093117409 0.3410286885245902 0.6428547570850203 0.3214959016393442 0.6323906882591094 0.3175891393442623 0.6301877530364373 0.3192633196721312
0 0.653869939271255 0.3276342213114754 0.6530435222672065 0.3745143442622951 0.6508405870445344 0.3990696721311476 0.6494640688259109 0.4319969262295082 0.6458841093117409 0.4543206967213114 0.6442317813765182 0.4638084016393443 0.6442317813765182 0.48278381147540983 0.6483623481781376 0.5017581967213115 0.6555217611336032 0.5078975409836066 0.6676381578947368 0.510688524590164 0.6758997975708502 0.510688524590164 0.6827839068825912 0.5078975409836066 0.6882914979757085 0.4995266393442623 0.6913203441295547 0.48836475409836066 0.6871897773279352 0.46325 0.6822332995951418 0.43757786885245903 0.680580971659919 0.41804508196721313 0.6800303643724697 0.39962807377049175 0.6781027327935223 0.3728401639344262 0.6756239878542509 0.34549385245901637 0.6728704453441297 0.3298668032786885 0.6654352226720648 0.3187049180327869
0 0.6571589068825912 0.7103084016393443 0.6467100202429149 0.6730922131147541 0.6456088056680162 0.6390491803278688 0.6445070850202429 0.6161670081967213 0.6373476720647773 0.5910532786885246 0.6299124493927126 0.5743104508196721 0.6266077935222671 0.5592418032786886 0.6277095141700405 0.5419405737704918 0.6310136639676114 0.532453893442623 0.6389994939271255 0.5291045081967213 0.6588264170040485 0.5263145491803278 0.6668122469635628 0.5279887295081968 0.6761751012145749 0.5391506147540984 0.6860885627530364 0.5603575819672131 0.6869144736842105 0.5687295081967213 0.6852621457489878 0.583798155737705 0.6847115384615384 0.5960758196721311 0.6852621457489878 0.6167254098360655 0.689668016194332 0.6535594262295082 0.693247975708502 0.6686270491803279 0.6962773279352227 0.6870440573770491 0.6965526315789473 0.7043452868852459 0.689668016194332 0.7121588114754098 0.6706675101214575 0.7132745901639344 0.659377024291498 0.7132745901639344
0 0.7046467611336032 0.3870389344262295 0.6955597165991902 0.4439641393442623 0.6919797570850202 0.47075204918032787 0.6892262145748989 0.49307581967213115 0.6875738866396761 0.5114928278688524 0.6919797570850202 0.526561475409836 0.6963856275303644 0.5327008196721312 0.6983132591093117 0.5343749999999999 0.7101543522267207 0.5354907786885246 0.7280536437246964 0.5310256147540983 0.7266766194331984 0.4852622950819672 0.7228213562753036 0.45959016393442625 0.7162125506072875 0.4277797131147541 0.7137343117408906 0.395968237704918 0.709879048582996 0.3825737704918033 0.7046467611336032 0.38871311475409837
0 0.7313577935222673 0.3652735655737705 0.7272272267206478 0.4288954918032787 0.723371963562753 0.46740368852459013 0.7214443319838058 0.500889344262295 0.724748987854251 0.5260030737704918 0.7338365384615384 0.5388391393442623 0.7473294534412955 0.5338165983606558 0.757242914979757 0.5293514344262296 0.7649534412955465 0.5198637295081967 0.767706983805668 0.5075860655737705 0.7646781376518218 0.4752172131147541 0.7619240890688258 0.45121926229508197 0.7575182186234818 0.41996618852459017 0.7555905870445344 0.3976424180327869 0.7489817813765183 0.3686219262295082 0.7357641700404858 0.3546700819672131 0.729705971659919 0.36136680327868853