0 0.24700809716599192 0.6113227459016393 0.2740592105263158 0.5537018442622951 0.2826158906882591 0.5162202868852459 0.2848243927125506 0.4882489754098361 0.2925531376518219 0.47146618852459016 0.309667004048583 0.4781793032786885 0.3179483805668016 0.49104610655737707 0.3303694331983805 0.5078288934426229 0.32816143724696356 0.5352407786885246 0.31187550607287445 0.5626526639344263 0.30000607287449393 0.5945399590163934 0.2862044534412955 0.6331403688524591 0.2757155870445344 0.649923155737705 0.2608097165991903 0.6448883196721311 0.25059665991902835 0.6264272540983606
0 0.30594635627530364 0.4263565573770492 0.30346204453441294 0.45320901639344263 0.3098107287449393 0.48397745901639344 0.32140435222672065 0.4906905737704918 0.32968522267206474 0.4901311475409836 0.3448669028340081 0.46831352459016395 0.34210678137651823 0.43251024590163933 0.338794028340081 0.4095737704918033 0.33796609311740894 0.3642602459016393 0.33437753036437246 0.32901639344262296 0.32499291497975713 0.29992622950819675 0.31588360323886644 0.2971290983606557 0.3064984817813765 0.32454098360655736 0.30318623481781376 0.36593852459016396 0.3053942307692307 0.4006229508196721 0.30594635627530364 0.4207622950819672
0 0.3122307692307692 0.5965040983606558 0.31444939271255057 0.5642110655737704 0.31606325910931177 0.5552182377049181 0.32735779352226724 0.5494959016393443 0.3324003036437247 0.5597151639344262 0.33119028340080975 0.5789272540983607 0.32695445344129553 0.5936424180327868 0.3225172064777328 0.6001823770491803 0.3176766194331984 0.6034528688524591
0 0.3239291497975708 0.6193944672131148 0.334417004048583 0.580970286885246 0.3392575910931174 0.5687079918032787 0.35095597165991904 0.5752479508196722 0.35277125506072876 0.5920071721311475 0.3447034412955466 0.6128545081967213 0.3317950404858299 0.6337018442622951 0.32816447368421053 0.6349282786885246 0.3231224696356275 0.6243002049180328 0.32372722672064774 0.6193944672131148
0 0.32675303643724696 0.7354846311475409 0.33502226720647776 0.6798924180327869 0.34046811740890687 0.6606803278688524 0.34853593117408904 0.6377889344262295 0.35498987854251013 0.6071321721311476 0.35821710526315786 0.5813790983606558 0.36285576923076923 0.5531741803278689 0.37193218623481783 0.542546106557377 0.38221862348178137 0.542546106557377 0.39028643724696355 0.5474518442622951 0.4019843117408907 0.5625758196721311 0.40722874493927125 0.5715686475409836 0.41126265182186234 0.587920081967213 0.3983542510121458 0.6193944672131148 0.39028643724696355 0.6332930327868853 0.3860506072874494 0.6619067622950819 0.3779827935222672 0.7044180327868852 0.3683016194331984 0.730171106557377 0.3602338056680162 0.7506086065573772 0.35277125506072876 0.7636895491803278 0.3475273279352227 0.7665512295081968 0.33865283400809715 0.7522438524590165 0.333005060728745 0.7432510245901639
0 0.377917004048583 0.4875737704918033 0.3696477732793522 0.5178227459016393 0.3761017206477733 0.5370348360655737 0.3855814777327935 0.5537940573770492 0.3944559716599191 0.5521588114754099 0.40111184210526313 0.5288586065573772 0.4005065789473684 0.5039241803278688 0.4051457489878542 0.4511936475409836 0.4065576923076923 0.4213534836065574 0.4075657894736842 0.3911045081967213 0.40877631578947365 0.35349795081967217 0.39949848178137654 0.3432786885245902 0.39102732793522266 0.37925000000000003 0.3861867408906883 0.4209446721311475 0.3801356275303644 0.46549999999999997 0.3777155870445344 0.4863473360655738
0 0.4291497975708502 0.4651639344262295 0.42611336032388664 0.555327868852459 0.43218623481781376 0.5788934426229508 0.43876518218623484 0.5829918032786885 0.4519230769230769 0.5717213114754098 0.45546558704453444 0.5604508196721312 0.4559716599190283 0.5471311475409836 0.45293522267206476 0.41700819672131145 0.44686234817813764 0.36475409836065575 0.4352226720647773 0.36475409836065575 0.43218623481781376 0.4036885245901639 0.4331983805668016 0.444672131147541
0 0.38461538461538464 0.7315573770491803 0.3805668016194332 0.7766393442622951 0.38461538461538464 0.7868852459016393 0.39271255060728744 0.7868852459016393 0.3972672064777328 0.7653688524590164 0.40131578947368424 0.757172131147541 0.4256072874493927 0.6444672131147541 0.4347165991902834 0.617827868852459 0.4367408906882591 0.6055327868852459 0.4331983805668016 0.5932377049180327 0.4256072874493927 0.5860655737704918 0.40941295546558704 0.5870901639344263 0.4063765182186235 0.5911885245901639 0.40131578947368424 0.6413934426229508
0 0.430668016194332 0.6301229508196722 0.4291497975708502 0.701844262295082 0.42206477732793524 0.7602459016393442 0.42206477732793524 0.7715163934426229 0.4271255060728745 0.7807377049180327 0.43623481781376516 0.7786885245901639 0.44483805668016196 0.7510245901639344 0.46305668016194335 0.6188524590163934 0.4519230769230769 0.6004098360655737 0.4423076923076923 0.5973360655737705 0.43623481781376516 0.6034836065573771
0 0.4590080971659919 0.4405737704918033 0.4564777327935223 0.5717213114754098 0.45951417004048584 0.5778688524590164 0.4660931174089069 0.5809426229508197 0.4832995951417004 0.5809426229508197 0.4853238866396761 0.5758196721311475 0.4853238866396761 0.5440573770491803 0.4777327935222672 0.41905737704918034 0.4716599190283401 0.3770491803278688 0.46710526315789475 0.3698770491803279 0.4625506072874494 0.3790983606557377
0 0.43623481781376516 0.805327868852459 0.4352226720647773 0.8217213114754098 0.43775303643724695 0.8360655737704918 0.45040485829959515 0.826844262295082 0.4590080971659919 0.8104508196721312 0.4706477732793522 0.7704918032786885 0.4832995951417004 0.6885245901639344 0.4868421052631579 0.6506147540983607 0.4873481781376518 0.6127049180327869 0.4832995951417004 0.6065573770491803 0.47368421052631576 0.6045081967213115 0.4645748987854251 0.6147540983606558 0.4574898785425101 0.6547131147540983 0.45546558704453444 0.694672131147541 0.4509109311740891 0.7305327868852459 0.43775303643724695 0.7868852459016393
0 0.48582995951417 0.5440573770491803 0.4853238866396761 0.5778688524590164 0.4873481781376518 0.5881147540983607 0.5010121457489879 0.5952868852459017 0.5151821862348178 0.5901639344262295 0.5131578947368421 0.4067622950819672 0.5116396761133604 0.38524590163934425 0.5055668016194332 0.375 0.49898785425101216 0.3770491803278688 0.4959514170040486 0.38729508196721313 0.4924089068825911 0.41905737704918034
0 0.5222672064777328 0.4415983606557377 0.521255060728745 0.5860655737704918 0.52834008097166 0.5911885245901639 0.548582995951417 0.5881147540983607 0.5511133603238867 0.5809426229508197 0.5511133603238867 0.5440573770491803 0.5465587044534413 0.4323770491803279 0.5409919028340081 0.38729508196721313 0.5359311740890689 0.3770491803278688 0.5328947368421053 0.3760245901639344 0.5253036437246964 0.38422131147540983
0 0.4888663967611336 0.6137295081967213 0.48431174089068824 0.7325819672131147 0.48228744939271256 0.757172131147541 0.48026315789473684 0.7602459016393442 0.49190283400809715 0.7684426229508197 0.5020242914979757 0.757172131147541 0.5045546558704453 0.7438524590163934 0.5040485829959515 0.7079918032786885 0.5141700404858299 0.6147540983606558 0.506578947368421 0.6096311475409836 0.4893724696356275 0.610655737704918
0 0.506578947368421 0.6844262295081968 0.5055668016194332 0.7141393442622951 0.5096153846153846 0.7336065573770492 0.5141700404858299 0.7366803278688525 0.5192307692307693 0.7284836065573771 0.5253036437246964 0.7028688524590164 0.5318825910931174 0.6465163934426229 0.5308704453441295 0.6168032786885246 0.5182186234817814 0.6127049180327869 0.5146761133603239 0.6157786885245902
0 0.5323886639676113 0.6198770491803278 0.5268218623481782 0.6956967213114754 0.5273279352226721 0.7448770491803278 0.5308704453441295 0.7622950819672131 0.5313765182186235 0.7786885245901639 0.5379554655870445 0.7838114754098361 0.5450404858299596 0.7674180327868853 0.5526315789473685 0.6239754098360656 0.5470647773279352 0.610655737704918 0.5404858299595142 0.6055327868852459
0 0.5501012145748988 0.42520491803278687 0.5501012145748988 0.5850409836065574 0.5587044534412956 0.5901639344262295 0.5743927125506073 0.5870901639344263 0.5819838056680162 0.5747950819672131 0.5819838056680162 0.5440573770491803 0.5774291497975709 0.44672131147540983 0.5703441295546559 0.39959016393442626 0.5703441295546559 0.3801229508196721 0.5678137651821862 0.375 0.5587044534412956 0.375 0.5531376518218624 0.38422131147540983
0 0.5855263157894737 0.4692622950819672 0.5824898785425101 0.5225409836065574 0.582995951417004 0.5614754098360656 0.5910931174089069 0.576844262295082 0.6032388663967612 0.5799180327868853 0.6118421052631579 0.5645491803278688 0.618421052631579 0.5440573770491803 0.6128542510121457 0.5245901639344263 0.6148785425101214 0.36065573770491804 0.6123481781376519 0.35655737704918034 0.6057692307692307 0.35860655737704916 0.6032388663967612 0.35450819672131145 0.5981781376518218 0.36475409836065575 0.5885627530364372 0.41905737704918034 0.5885627530364372 0.444672131147541
0 0.5511133603238867 0.617827868852459 0.5495951417004049 0.7295081967213115 0.5521255060728745 0.7674180327868853 0.5602226720647774 0.7766393442622951 0.5642712550607287 0.7684426229508197 0.5708502024291497 0.7284836065573771 0.5754048582995951 0.6219262295081968 0.5708502024291497 0.6137295081967213 0.5612348178137652 0.6065573770491803 0.5521255060728745 0.6096311475409836
0 0.576417004048583 0.6219262295081968 0.5743927125506073 0.6721311475409836 0.5754048582995951 0.7776639344262295 0.5845141700404858 0.826844262295082 0.5809716599190283 0.8299180327868853 0.5915991902834008 0.8360655737704918 0.5991902834008097 0.8145491803278688 0.6007085020242915 0.8012295081967213 0.6027327935222672 0.6772540983606558 0.6052631578947368 0.6506147540983607 0.6032388663967612 0.6147540983606558 0.5991902834008097 0.6065573770491803 0.5890688259109311 0.6034836065573771 0.5799595141700404 0.6075819672131147
0 0.604757085020243 0.6127049180327869 0.6032388663967612 0.625 0.6067813765182186 0.6608606557377049 0.6077935222672065 0.7213114754098361 0.6118421052631579 0.7674180327868853 0.6158906882591093 0.7756147540983607 0.6239878542510121 0.7674180327868853 0.6260121457489879 0.7551229508196722 0.625 0.75 0.6371457489878543 0.6157786885245902 0.6341093117408907 0.6065573770491803 0.6239878542510121 0.5983606557377049 0.6189271255060729 0.5983606557377049
0 0.6017206477732794 0.4395491803278688 0.6002024291497976 0.5215163934426229 0.6027327935222672 0.5409836065573771 0.6108299595141701 0.5584016393442623 0.6148785425101214 0.5532786885245902 0.6265182186234818 0.5665983606557377 0.6310728744939271 0.5665983606557377 0.6396761133603239 0.5522540983606558 0.6422064777327935 0.5420081967213115 0.6371457489878543 0.45491803278688525 0.6381578947368421 0.38114754098360654 0.6361336032388664 0.3637295081967213 0.6224696356275303 0.3524590163934426 0.6169028340080972 0.36065573770491804 0.6138663967611336 0.3862704918032787 0.6098178137651822 0.39549180327868855
0 0.6381578947368421 0.3555327868852459 0.6330971659919028 0.5266393442622951 0.6381578947368421 0.5450819672131147 0.6589068825910931 0.5594262295081968 0.6634615384615384 0.5563524590163934 0.6710526315789473 0.5420081967213115 0.667004048582996 0.514344262295082 0.6659919028340081 0.4108606557377049 0.6573886639676113 0.35348360655737704
0 0.6644736842105263 0.3729508196721312 0.6654858299595142 0.41598360655737704 0.6675101214574899 0.42520491803278687 0.6629554655870445 0.5122950819672131 0.667004048582996 0.5317622950819673 0.6710526315789473 0.5409836065573771 0.6842105263157895 0.5502049180327869 0.7090080971659919 0.5399590163934426 0.7125506072874493 0.5297131147540983 0.7125506072874493 0.5020491803278688 0.7024291497975709 0.45799180327868855 0.6912955465587044 0.38831967213114754 0.6907894736842105 0.36475409836065575 0.6816801619433198 0.35758196721311475 0.6680161943319838 0.3555327868852459 0.6654858299595142 0.35655737704918034
0 0.7100202429149798 0.3555327868852459 0.7140688259109311 0.4057377049180328 0.7074898785425101 0.44979508196721313 0.7069838056680162 0.4713114754098361 0.7135627530364372 0.5040983606557377 0.7201417004048583 0.5122950819672131 0.7246963562753036 0.5122950819672131 0.7424089068825911 0.4979508196721312 0.7494939271255061 0.4733606557377049 0.75 0.46311475409836067 0.742914979757085 0.42315573770491804 0.7419028340080972 0.3862704918032787 0.7373481781376519 0.36475409836065575 0.7186234817813765 0.34938524590163933 0.7130566801619433 0.3483606557377049
0 0.7231781376518218 0.5358606557377049 0.7241902834008097 0.5543032786885246 0.7388663967611336 0.5799180327868853 0.7550607287449392 0.5973360655737705 0.7667004048582996 0.6045081967213115 0.7773279352226721 0.6342213114754098 0.7970647773279352 0.6577868852459017 0.8031376518218624 0.6608606557377049 0.8071862348178138 0.6567622950819673 0.8102226720647774 0.6260245901639344 0.8021255060728745 0.6096311475409836 0.8031376518218624 0.6034836065573771 0.7818825910931174 0.5625 0.7818825910931174 0.5430327868852459 0.763663967611336 0.4969262295081967 0.7575910931174089 0.492827868852459 0.75 0.4959016393442623 0.7348178137651822 0.5133196721311475