0 0.2515182186234818 0.632172131147541 0.2520242914979757 0.6608606557377049 0.25455465587044535 0.6629098360655737 0.2626518218623482 0.6895491803278688 0.2692307692307692 0.6895491803278688 0.2899797570850202 0.6772540983606558 0.2990890688259109 0.6700819672131147 0.3026315789473684 0.6526639344262295 0.3147773279352227 0.6342213114754098 0.3188259109311741 0.6188524590163934 0.3208502024291498 0.5881147540983607 0.3147773279352227 0.5717213114754098 0.298582995951417 0.5502049180327869 0.28289473684210525 0.5430327868852459 0.2717611336032389 0.5563524590163934
0 0.2813765182186235 0.42110655737704916 0.2808704453441296 0.4334016393442623 0.284919028340081 0.4661885245901639 0.2950404858299595 0.48565573770491804 0.30313765182186236 0.48668032786885246 0.326417004048583 0.45491803278688525 0.3426113360323887 0.39241803278688525 0.3436234817813765 0.3801229508196721 0.3314777327935223 0.3719262295081967 0.3061740890688259 0.38422131147540983 0.28643724696356276 0.4036885245901639
0 0.30870445344129555 0.49077868852459017 0.3076923076923077 0.514344262295082 0.31275303643724695 0.5307377049180327 0.32945344129554655 0.5522540983606558 0.3441295546558704 0.555327868852459 0.34969635627530365 0.5502049180327869 0.3648785425101215 0.42418032786885246 0.36690283400809715 0.38524590163934425 0.3658906882591093 0.3739754098360656 0.3623481781376518 0.3668032786885246 0.3567813765182186 0.3668032786885246 0.3441295546558704 0.38422131147540983 0.32388663967611336 0.4600409836065574 0.31275303643724695 0.4764344262295082
0 0.2980769230769231 0.7223360655737705 0.29605263157894735 0.7592213114754098 0.30313765182186236 0.7735655737704918 0.3102226720647773 0.7745901639344263 0.31983805668016196 0.7540983606557377 0.33046558704453444 0.7438524590163934 0.3390688259109312 0.7295081967213115 0.3517206477732793 0.6926229508196722 0.37196356275303644 0.6598360655737705 0.3770242914979757 0.6434426229508197 0.3770242914979757 0.6342213114754098 0.34463562753036436 0.5963114754098361 0.3355263157894737 0.5901639344262295 0.32945344129554655 0.5922131147540983 0.32034412955465585 0.6075819672131147 0.3041497975708502 0.7008196721311475
0 0.3517206477732793 0.5256147540983607 0.3517206477732793 0.5532786885245902 0.36082995951417 0.5727459016393442 0.3684210526315789 0.5717213114754098 0.3861336032388664 0.5819672131147541 0.4008097165991903 0.5717213114754098 0.4043522267206478 0.5512295081967213 0.4048582995951417 0.5174180327868853 0.4008097165991903 0.44979508196721313 0.39220647773279355 0.4036885245901639 0.3805668016194332 0.39959016393442626 0.3689271255060729 0.41188524590163933 0.36639676113360325 0.44364754098360654
0 0.4018218623481781 0.6454918032786885 0.3967611336032389 0.8145491803278688 0.39979757085020245 0.8329918032786885 0.4058704453441296 0.8360655737704918 0.40941295546558704 0.8329918032786885 0.41143724696356276 0.8135245901639344 0.4240890688259109 0.7561475409836066 0.42813765182186236 0.694672131147541 0.4392712550607287 0.6444672131147541 0.4352226720647773 0.6352459016393442 0.4190283400809717 0.6188524590163934 0.4043522267206478 0.6311475409836066
0 0.4068825910931174 0.45491803278688525 0.395748987854251 0.555327868852459 0.3977732793522267 0.5758196721311475 0.4073886639676113 0.5850409836065574 0.4266194331983806 0.5799180327868853 0.43218623481781376 0.5706967213114754 0.4352226720647773 0.5502049180327869 0.4342105263157895 0.5107581967213115 0.4367408906882591 0.4385245901639344 0.4402834008097166 0.41905737704918034 0.44686234817813764 0.4036885245901639 0.4478744939271255 0.38831967213114754 0.423582995951417 0.4026639344262295 0.41194331983805665 0.42725409836065575
0 0.44247216599190287 0.8160071721311476 0.4374078947368421 0.6992131147540984 0.43635981781376515 0.6677141393442623 0.43496305668016194 0.6482479508196722 0.4405511133603239 0.6284293032786885 0.4498066801619433 0.622766393442623 0.4615070850202429 0.6266588114754099 0.4728577935222672 0.6386926229508197 0.47635070850202427 0.6595737704918033 0.46692054655870446 0.6861178278688524 0.45469635627530364 0.8000809426229508 0.4494574898785425 0.8312254098360655 0.4456153846153846 0.8291014344262295
0 0.4622054655870445 0.8110522540983607 0.4691907894736842 0.730357581967213 0.4698891700404858 0.6832868852459016 0.46901619433198377 0.652141393442623 0.4725086032388664 0.6362151639344262 0.48228795546558706 0.6263053278688525 0.4934645748987854 0.6266588114754099 0.5034185222672065 0.6330297131147541 0.5065617408906883 0.6620512295081967 0.49870344129554656 0.6995665983606558 0.49503593117408906 0.7597336065573771 0.4794939271255061 0.8004344262295082 0.4677935222672065 0.8223770491803278
0 0.43596305668016194 0.5219395491803279 0.4267095141700405 0.5540184426229507 0.4314245951417004 0.5862254098360655 0.4446963562753037 0.5911803278688524 0.45831781376518216 0.5805625 0.4703674089068826 0.5515409836065573 0.47124038461538464 0.5249969262295082 0.46565232793522265 0.5019918032786885 0.46425506072874495 0.4651844262295082 0.46198481781376516 0.41634323770491805 0.4541265182186235 0.39687704918032785 0.44504554655870443 0.40218647540983604 0.43875910931174095 0.43474692622950817 0.43666346153846153 0.4772172131147541 0.43544078947368425 0.4988063524590164 0.43613967611336035 0.5225194672131147
0 0.4630328947368421 0.4076793032786885 0.461461032388664 0.4591670081967213 0.4591907894736842 0.5111936475409836 0.45953997975708505 0.5412766393442623 0.45884159919028344 0.5667592213114755 0.4593653846153846 0.5841014344262295 0.4644296558704453 0.5950727459016394 0.4780511133603239 0.594719262295082 0.4864331983805668 0.5862254098360655 0.4928947368421053 0.5660512295081968 0.4934185222672065 0.5377377049180327 0.4904498987854251 0.5019918032786885 0.4892272267206478 0.4499651639344262 0.47630465587044535 0.3691014344262295 0.47001771255060726 0.36520901639344266 0.4649534412955466 0.3765338114754099
0 0.49706882591093116 0.44072848360655736 0.4961958502024291 0.48178278688524595 0.492878036437247 0.515405737704918 0.4899089068825911 0.5500901639344262 0.490956983805668 0.5808811475409836 0.5003871457489878 0.5989313524590164 0.5138335020242916 0.5971608606557377 0.5199458502024291 0.5840665983606557 0.5185485829959514 0.552921106557377 0.5187231781376519 0.5200061475409836 0.5204696356275305 0.4739969262295082 0.5204696356275305 0.45276127049180326 0.517501012145749 0.42303278688524587 0.5138335020242916 0.4177233606557377 0.5047525303643724 0.42444774590163936
0 0.5054519230769231 0.6201639344262295 0.523963056680162 0.623703893442623 0.537584008097166 0.630781762295082 0.5332181174089068 0.6629887295081968 0.5325197368421053 0.6990891393442623 0.534789979757085 0.7309415983606558 0.5365364372469635 0.7610245901639344 0.5312975708502025 0.7751813524590164 0.5216928137651822 0.7822602459016393 0.5178507085020243 0.7673954918032786 0.5154058704453441 0.7369579918032787 0.5150566801619433 0.7171383196721312 0.5108653846153847 0.6976731557377049 0.508245951417004 0.675376024590164 0.5056265182186235 0.6552028688524589 0.5063248987854251 0.6392756147540983 0.5056265182186235 0.6272428278688524
0 0.5299271255060729 0.43352561475409834 0.5248628542510121 0.4735194672131147 0.5222434210526316 0.5085573770491802 0.5210207489878542 0.5443032786885246 0.5208461538461538 0.5765102459016394 0.5255612348178138 0.5970368852459016 0.538832995951417 0.6048237704918032 0.5458183198380567 0.6051772540983607 0.5522798582995951 0.5966834016393443 0.5564711538461539 0.5585 0.5493112348178139 0.5231075819672131 0.5475647773279353 0.4781598360655738 0.5438972672064777 0.4374590163934426 0.5407540485829959 0.4211793032786886 0.5320227732793522 0.4229487704918033
0 0.56803491902834 0.426593237704918 0.5617484817813766 0.4917141393442623 0.5601766194331984 0.5232131147540984 0.5582555668016195 0.5501116803278688 0.5573825910931174 0.5819641393442623 0.5584301619433198 0.5975368852459016 0.5722262145748989 0.6063842213114754 0.5835774291497975 0.6042612704918033 0.5916103238866396 0.5911659836065574 0.5910865384615385 0.5550665983606557 0.5895146761133604 0.5175502049180328 0.5884671052631578 0.47437192622950825 0.5858476720647773 0.45561475409836066 0.5839266194331983 0.4322561475409836 0.5811325910931174 0.4205758196721312 0.5729245951417004 0.4188063524590164
0 0.537960020242915 0.6362561475409836 0.5552484817813765 0.6323627049180328 0.5624084008097165 0.6401485655737704 0.5569949392712551 0.6847428278688524 0.5538517206477733 0.719780737704918 0.5515814777327935 0.7509262295081968 0.5505339068825911 0.7771157786885247 0.5456442307692307 0.7887950819672132 0.5393572874493927 0.7781782786885245 0.5367378542510122 0.7509262295081968 0.5358648785425101 0.7038545081967214 0.5362140688259109 0.6734170081967213 0.5365632591093118 0.6578452868852459
0 0.5589438259109312 0.6324487704918033 0.5769311740890689 0.6356342213114754 0.5884564777327935 0.6402356557377049 0.5933461538461539 0.6597008196721312 0.5860116396761134 0.7142049180327869 0.5772803643724695 0.7612766393442623 0.5688977732793522 0.7917131147540983 0.5619124493927126 0.7924211065573771 0.5582454453441296 0.7821577868852458 0.5598173076923078 0.7396874999999999 0.5598173076923078 0.7035870901639345 0.556498987854251 0.6685491803278689 0.557547064777328 0.6359877049180328
0 0.5908036437246964 0.5430051229508196 0.5899301619433198 0.5604969262295082 0.5930738866396761 0.5965973360655737 0.6068694331983806 0.6036752049180328 0.6166487854251013 0.5969508196721311 0.6192682186234818 0.5679293032786885 0.6119337044534413 0.46443545081967214 0.6089650809716599 0.43435143442622953 0.5998846153846155 0.42656557377049176 0.5942960526315789 0.4485081967213115 0.5911528340080971 0.4920409836065574 0.5901052631578947 0.5097366803278688 0.5894063765182186 0.5228319672131148
0 0.6210146761133604 0.3890502049180328 0.618919028340081 0.45275512295081966 0.6199671052631579 0.4934569672131147 0.6210146761133604 0.5277868852459017 0.6206654858299595 0.5684877049180328 0.625205971659919 0.5925543032786885 0.6356837044534414 0.5975092213114754 0.6463365384615385 0.5865379098360656 0.6527975708502025 0.5575163934426229 0.6500035425101214 0.5182305327868852 0.6442408906882591 0.47965368852459017 0.6402241902834008 0.4237336065573771 0.6349853238866396 0.38798770491803275 0.6271270242914979 0.3819713114754098
0 0.5855860323886639 0.6978186475409837 0.5916983805668016 0.6758760245901639 0.5955399797570851 0.6525174180327868 0.598334008097166 0.6358831967213114 0.6061923076923077 0.6418995901639345 0.6170197368421053 0.6716290983606558 0.6257510121457489 0.7087909836065573 0.6285455465587045 0.7533842213114754 0.6304660931174089 0.7926700819672131 0.627672064777328 0.8301854508196721 0.616495951417004 0.8418647540983606 0.6079387651821863 0.8358483606557378 0.5985086032388665 0.8089497950819672 0.5916983805668016 0.7724969262295082 0.5859352226720648 0.7339190573770491 0.5850622469635628 0.7112684426229507
0 0.6168335020242915 0.6547008196721312 0.6280212550607288 0.6387141393442622 0.6369276315789474 0.6298668032786885 0.6489772267206477 0.6401301229508197 0.6540414979757084 0.6592418032786885 0.6542160931174089 0.6974651639344263 0.6559625506072875 0.7505532786885245 0.6592803643724696 0.7887766393442623 0.6571847165991903 0.8223995901639345 0.6442621457489878 0.8231075819672131 0.6384994939271255 0.7997479508196721 0.6325617408906883 0.7601096311475409 0.6288947368421052 0.722593237704918 0.6243542510121457 0.6960491803278689 0.6180673076923077 0.6815389344262295 0.615797064777328 0.6634887295081968
0 0.6639124493927125 0.7047909836065573 0.659160931174089 0.6806577868852459 0.6516518218623482 0.6682704918032787 0.6495561740890687 0.6530522540983607 0.650255060728745 0.6399569672131147 0.6623046558704453 0.6275696721311476 0.6776720647773279 0.6272161885245902 0.6891978744939271 0.639248975409836 0.6872768218623482 0.6785348360655737 0.6881497975708503 0.7086178278688524 0.6905946356275303 0.7528575819672131 0.6918173076923076 0.7935584016393443 0.6949605263157894 0.8193944672131148 0.6944367408906883 0.8413381147540984 0.6860541497975708 0.8356752049180328 0.6795931174089068 0.8197489754098362 0.6736553643724696 0.7963903688524591 0.6680673076923077 0.7701997950819672 0.6657970647773279 0.7408247950819672 0.6650986842105263 0.7156956967213115
0 0.6623699392712551 0.41301434426229505 0.6562580971659919 0.4643329918032787 0.654337044534413 0.4965399590163934 0.6529397773279353 0.5298084016393442 0.6532889676113359 0.5556444672131147 0.6623699392712551 0.5779415983606557 0.6801821862348177 0.5800645491803279 0.6864691295546559 0.5701547131147541 0.686119939271255 0.5361782786885245 0.6829767206477733 0.5075112704918033 0.679832995951417 0.49016905737704913 0.6784362348178137 0.46114754098360655 0.6752925101214574 0.43283401639344266 0.6690060728744939 0.4126598360655737 0.6674342105263158 0.41195286885245896
0 0.6917079959514171 0.44805225409836064 0.690835020242915 0.47070286885245904 0.6868183198380567 0.5152971311475409 0.6819286437246963 0.5340553278688526 0.6794838056680162 0.5531670081967213 0.6796584008097166 0.5821885245901639 0.6835005060728745 0.6013002049180328 0.6946766194331984 0.6002387295081967 0.7095202429149797 0.5945758196721311 0.7175536437246963 0.5899743852459017 0.7255865384615384 0.5839579918032787 0.7296032388663967 0.5744016393442622 0.7269838056680162 0.5496280737704918 0.7224433198380567 0.5262684426229508 0.7180774291497976 0.506095286885246 0.7156325910931174 0.48592213114754096 0.7124893724696356 0.46008606557377046 0.7105683198380567 0.4349569672131147 0.7062024291497975 0.41832274590163937 0.7000905870445344 0.41832274590163937 0.6972960526315789 0.4324795081967213
0 0.7175506072874495 0.46144159836065574 0.7261072874493927 0.5007274590163934 0.7299493927125507 0.5382428278688525 0.7344898785425101 0.5612479508196722 0.7413001012145749 0.5796516393442623 0.7517783400809716 0.5789436475409836 0.760335020242915 0.5541690573770492 0.7671457489878543 0.5435512295081967 0.7750040485829959 0.5350573770491803 0.7762267206477733 0.5240860655737705 0.7704635627530364 0.5032049180327869 0.7631290485829959 0.4876321721311475 0.7542231781376518 0.474891393442623 0.7495080971659919 0.46144159836065574 0.7451422064777329 0.4458698770491803 0.740950910931174 0.4288811475409836 0.7297747975708503 0.41047745901639343 0.7215668016194332 0.40481454918032783 0.7130101214574899 0.4140163934426229 0.7130101214574899 0.4299426229508197 0.7149311740890688 0.4426844262295082
0 0.7455804655870446 0.4149518442622951 0.7635551619433198 0.3980327868852459 0.7754301619433198 0.3884774590163934 0.785384109311741 0.37892110655737704 0.7958618421052632 0.36936577868852455 0.8068638663967611 0.3668883196721312 0.8206594129554656 0.39201639344262296 0.8222312753036437 0.4072356557377049 0.8098324898785425 0.42882479508196725 0.7972591093117409 0.44368852459016395 0.7914964574898786 0.4589077868852459 0.787828947368421 0.4766034836065574 0.7843365384615384 0.4889907786885246 0.7754301619433198 0.4978391393442623 0.7680956477732794 0.4893452868852459 0.7616341093117409 0.47731147540983604 0.754125 0.46634016393442623 0.748536943319838 0.45961577868852455 0.7436472672064777 0.45253688524590163 0.740504048582996 0.4461659836065574 0.7392813765182186 0.44014959016393446 0.7408532388663968 0.4302397540983606 0.743821862348178 0.4231618852459016 0.7459175101214575 0.41679098360655736
0 0.7528977732793523 0.7721670081967213 0.7353532388663968 0.7404743852459016 0.7281062753036438 0.7087817622950819 0.7172358299595142 0.6894569672131147 0.7059843117408907 0.6681987704918033 0.7035055668016195 0.6508063524590164 0.7157105263157895 0.6357336065573771 0.7281062753036438 0.6233657786885246 0.7382135627530364 0.6102243852459016 0.7490835020242915 0.6079057377049181 0.7565212550607288 0.6171813524590164 0.7639585020242915 0.6411444672131147 0.7658658906882592 0.673609631147541 0.770823886639676 0.7138053278688524 0.780740890688259 0.7563206967213114 0.7841735829959514 0.7710071721311476 0.7855080971659919 0.7887858606557377 0.7761639676113361 0.7988350409836066 0.7664377530364372 0.7899456967213114 0.7605258097165992 0.7771915983606558
0 0.7633694331983805 0.5762950819672131 0.7826305668016195 0.5766823770491804 0.8057059716599191 0.580547131147541 0.8278279352226721 0.5871168032786884 0.8356467611336033 0.5979395491803279 0.8388886639676113 0.6215153688524591 0.8358375506072875 0.6447049180327868 0.8261113360323886 0.6698278688524589 0.798077935222672 0.6798760245901639 0.7780536437246963 0.6906987704918033 0.7666118421052632 0.6899252049180328 0.7648952429149798 0.6655758196721311 0.763751012145749 0.6427725409836066 0.7622252024291497 0.6184231557377049 0.7601275303643724 0.6052827868852458 0.7627975708502024 0.5979395491803279 0.7595556680161943 0.5890502049180328 0.7601275303643724 0.5836383196721311