0 0.2651821862348178 0.36885245901639346 0.2565789473684211 0.444672131147541 0.25860323886639675 0.4651639344262295 0.27884615384615385 0.47950819672131145 0.28694331983805665 0.4774590163934426 0.2940283400809717 0.4682377049180328 0.29706477732793524 0.45799180327868855 0.2909919028340081 0.3473360655737705 0.27884615384615385 0.3514344262295082
0 0.3076923076923077 0.33709016393442626 0.29706477732793524 0.4108606557377049 0.298582995951417 0.44672131147540983 0.30364372469635625 0.4600409836065574 0.31781376518218624 0.4733606557377049 0.3228744939271255 0.4733606557377049 0.3324898785425101 0.46311475409836067 0.3340080971659919 0.4364754098360656 0.3309716599190283 0.32581967213114754 0.3259109311740891 0.3165983606557377 0.31376518218623484 0.3176229508196721
0 0.3360323886639676 0.4456967213114754 0.3355263157894737 0.4661885245901639 0.3456477732793522 0.48668032786885246 0.3689271255060729 0.48565573770491804 0.3765182186234818 0.47950819672131145 0.3775303643724696 0.4262295081967213 0.3648785425101215 0.32479508196721313 0.3557692307692308 0.32274590163934425 0.34463562753036436 0.3319672131147541
0 0.38461538461538464 0.33299180327868855 0.3785425101214575 0.48155737704918034 0.3810728744939271 0.49077868852459017 0.39220647773279355 0.5010245901639344 0.402834008097166 0.48565573770491804 0.4048582995951417 0.47438524590163933 0.4023279352226721 0.3524590163934426 0.39625506072874495 0.30635245901639346 0.3881578947368421 0.3094262295081967
0 0.423582995951417 0.33811475409836067 0.4215587044534413 0.3401639344262295 0.4230769230769231 0.3780737704918033 0.4326923076923077 0.4979508196721312 0.4352226720647773 0.5051229508196722 0.4418016194331984 0.5092213114754098 0.4559716599190283 0.5061475409836066 0.4590080971659919 0.4989754098360656 0.4478744939271255 0.36475409836065575 0.4392712550607287 0.3463114754098361
0 0.45799595141700405 0.38729508196721313 0.45951417004048584 0.5174180327868853 0.46204453441295545 0.5215163934426229 0.48279352226720645 0.5256147540983607 0.48279352226720645 0.48565573770491804 0.4731781376518219 0.375 0.4625506072874494 0.3729508196721312
0 0.48279352226720645 0.5020491803278688 0.4817813765182186 0.5245901639344263 0.48633603238866396 0.5307377049180327 0.5040485829959515 0.5368852459016393 0.5146761133603239 0.5286885245901639 0.5096153846153846 0.42418032786885246 0.5075910931174089 0.41188524590163933 0.4979757085020243 0.38934426229508196 0.4898785425101215 0.39139344262295084
0 0.5182186234817814 0.4057377049180328 0.5167004048582996 0.5256147540983607 0.5217611336032388 0.5327868852459017 0.5455465587044535 0.5215163934426229 0.5475708502024291 0.5020491803278688 0.5384615384615384 0.41188524590163933 0.5364372469635628 0.4057377049180328 0.5303643724696356 0.4026639344262295
0 0.5521255060728745 0.32172131147540983 0.5495951417004049 0.5163934426229508 0.555668016194332 0.5297131147540983 0.5652834008097166 0.5297131147540983 0.5723684210526315 0.5204918032786885 0.5743927125506073 0.5102459016393442 0.5769230769230769 0.3524590163934426 0.569331983805668 0.32581967213114754 0.5612348178137652 0.3104508196721312 0.5541497975708503 0.3114754098360656
0 0.5759109311740891 0.45799180327868855 0.5779352226720648 0.5153688524590164 0.5824898785425101 0.5225409836065574 0.597165991902834 0.5245901639344263 0.603744939271255 0.4979508196721312 0.6148785425101214 0.3145491803278688 0.6077935222672065 0.3043032786885246 0.5956477732793523 0.3176229508196721
0 0.5961538461538461 0.4180327868852459 0.5991902834008097 0.507172131147541 0.6229757085020243 0.5276639344262295 0.6290485829959515 0.5256147540983607 0.6351214574898786 0.5122950819672131 0.6300607287449392 0.3514344262295082 0.6234817813765182 0.3135245901639344 0.6118421052631579 0.3135245901639344 0.6072874493927125 0.3206967213114754
0 0.6295546558704453 0.4098360655737705 0.6290485829959515 0.5020491803278688 0.6543522267206477 0.5215163934426229 0.6614372469635628 0.5081967213114754 0.6624493927125507 0.4948770491803279 0.6568825910931174 0.35963114754098363 0.6543522267206477 0.32786885245901637 0.6503036437246964 0.3176229508196721 0.6442307692307693 0.31864754098360654 0.6341093117408907 0.33811475409836067
0 0.6619433198380567 0.4610655737704918 0.6619433198380567 0.4887295081967213 0.673582995951417 0.5081967213114754 0.7009109311740891 0.5092213114754098 0.7064777327935222 0.4948770491803279 0.7029352226720648 0.3790983606557377 0.6978744939271255 0.3422131147540984 0.6933198380566802 0.3319672131147541 0.6837044534412956 0.33299180327868855 0.680668016194332 0.3411885245901639
0 0.7105263157894737 0.35348360655737704 0.7090080971659919 0.48668032786885246 0.7196356275303644 0.4969262295081967 0.7403846153846154 0.4887295081967213 0.7484817813765182 0.4774590163934426 0.7505060728744939 0.45799180327868855 0.7393724696356275 0.35348360655737704 0.7327935222672065 0.33401639344262296 0.728744939271255 0.33299180327868855 0.7201417004048583 0.33401639344262296
0 0.7489878542510121 0.3524590163934426 0.7494939271255061 0.3975409836065574 0.7474696356275303 0.42418032786885246 0.7525303643724697 0.4610655737704918 0.7560728744939271 0.4661885245901639 0.7677125506072875 0.4692622950819672 0.7823886639676113 0.45389344262295084 0.792004048582996 0.45081967213114754 0.7960526315789473 0.4364754098360656 0.7955465587044535 0.4036885245901639 0.7844129554655871 0.38422131147540983 0.7813765182186235 0.3698770491803279 0.7818825910931174 0.35655737704918034 0.7773279352226721 0.3473360655737705 0.7839068825910931 0.3350409836065574 0.7823886639676113 0.3176229508196721 0.7682186234817814 0.3043032786885246 0.7621457489878543 0.30327868852459017 0.7560728744939271 0.3145491803278688
0 0.7489878542510121 0.5338114754098361 0.7424089068825911 0.5840163934426229 0.7520242914979757 0.6086065573770492 0.7763157894736842 0.6086065573770492 0.8006072874493927 0.6352459016393442 0.8142712550607287 0.6383196721311475 0.8157894736842105 0.6137295081967213 0.8223684210526315 0.5963114754098361 0.8188259109311741 0.5604508196721312 0.8087044534412956 0.5276639344262295 0.8036437246963563 0.5297131147540983 0.7904858299595142 0.5153688524590164 0.7808704453441295 0.4969262295081967 0.770748987854251 0.4918032786885246 0.757085020242915 0.5204918032786885 0.7515182186234818 0.5245901639344263
0 0.6933198380566802 0.555327868852459 0.6928137651821862 0.5676229508196722 0.7024291497975709 0.5983606557377049 0.7201417004048583 0.680327868852459 0.728744939271255 0.7008196721311475 0.7353238866396761 0.7049180327868853 0.7393724696356275 0.7028688524590164 0.743421052631579 0.6813524590163934 0.7520242914979757 0.6659836065573771 0.7413967611336032 0.5676229508196722 0.7419028340080972 0.5450819672131147 0.7332995951417004 0.5338114754098361 0.7262145748987854 0.5338114754098361 0.7181174089068826 0.5430327868852459 0.7044534412955465 0.5409836065573771
0 0.6432186234817814 0.5440573770491803 0.6437246963562753 0.5717213114754098 0.652834008097166 0.6086065573770492 0.6558704453441295 0.6260245901639344 0.6558704453441295 0.6506147540983607 0.6675101214574899 0.7028688524590164 0.6745951417004049 0.7161885245901639 0.6766194331983806 0.7131147540983607 0.6756072874493927 0.6885245901639344 0.687246963562753 0.6762295081967213 0.6938259109311741 0.6977459016393442 0.7004048582995951 0.6987704918032787 0.7024291497975709 0.6823770491803278 0.6928137651821862 0.6120901639344262 0.694331983805668 0.5737704918032787 0.6912955465587044 0.5543032786885246 0.673582995951417 0.5358606557377049 0.6695344129554656 0.5358606557377049 0.6619433198380567 0.5471311475409836 0.65334008097166 0.5389344262295082 0.646255060728745 0.5389344262295082
0 0.618421052631579 0.5676229508196722 0.6174089068825911 0.5840163934426229 0.6255060728744939 0.6260245901639344 0.6341093117408907 0.7120901639344263 0.638663967611336 0.7274590163934426 0.646255060728745 0.7315573770491803 0.6503036437246964 0.7407786885245902 0.6538461538461539 0.7131147540983607 0.6477732793522267 0.6700819672131147 0.645748987854251 0.6168032786885246 0.6472672064777328 0.5881147540983607 0.6427125506072875 0.5676229508196722 0.6401821862348178 0.5645491803278688 0.625 0.5604508196721312
0 0.5905870445344129 0.5829918032786885 0.5905870445344129 0.5952868852459017 0.597165991902834 0.6413934426229508 0.6007085020242915 0.6987704918032787 0.6103238866396761 0.7315573770491803 0.6189271255060729 0.7387295081967213 0.6209514170040485 0.7223360655737705 0.6189271255060729 0.701844262295082 0.618421052631579 0.5993852459016393 0.6163967611336032 0.5799180327868853 0.6077935222672065 0.5676229508196722 0.6022267206477733 0.5655737704918032 0.5941295546558705 0.5727459016393442
0 0.5632591093117408 0.5727459016393442 0.562753036437247 0.5942622950819673 0.5708502024291497 0.7233606557377049 0.5748987854251012 0.7438524590163934 0.5784412955465587 0.75 0.5880566801619433 0.7520491803278688 0.590080971659919 0.7448770491803278 0.5915991902834008 0.6977459016393442 0.5885627530364372 0.5747950819672131 0.583502024291498 0.5635245901639344 0.5738866396761133 0.5604508196721312 0.5678137651821862 0.5614754098360656
0 0.5425101214574899 0.576844262295082 0.5460526315789473 0.6629098360655737 0.5501012145748988 0.7059426229508197 0.5521255060728745 0.7131147540983607 0.5566801619433198 0.7141393442622951 0.5597165991902834 0.7110655737704918 0.5617408906882592 0.6926229508196722 0.5617408906882592 0.5747950819672131 0.5602226720647774 0.569672131147541 0.5490890688259109 0.5676229508196722
0 0.5222672064777328 0.5758196721311475 0.520748987854251 0.5840163934426229 0.5227732793522267 0.6700819672131147 0.527834008097166 0.7038934426229508 0.5328947368421053 0.7141393442622951 0.5359311740890689 0.7120901639344263 0.5369433198380567 0.7049180327868853 0.5384615384615384 0.5840163934426229 0.5364372469635628 0.5778688524590164
0 0.4984817813765182 0.6065573770491803 0.4964574898785425 0.6383196721311475 0.4979757085020243 0.673155737704918 0.5055668016194332 0.6967213114754098 0.5146761133603239 0.6977459016393442 0.5167004048582996 0.6926229508196722 0.5177125506072875 0.6577868852459017 0.5151821862348178 0.5758196721311475 0.507085020242915 0.5747950819672131 0.5015182186234818 0.5819672131147541
0 0.4782388663967611 0.5983606557377049 0.47621457489878544 0.6967213114754098 0.48279352226720645 0.7069672131147541 0.48633603238866396 0.7008196721311475 0.49139676113360325 0.6741803278688525 0.49898785425101216 0.5758196721311475 0.4939271255060729 0.5727459016393442 0.4812753036437247 0.5758196721311475
0 0.45040485829959515 0.6506147540983607 0.4473684210526316 0.7254098360655737 0.4478744939271255 0.7325819672131147 0.4549595141700405 0.742827868852459 0.4625506072874494 0.7223360655737705 0.4691295546558704 0.6915983606557377 0.472165991902834 0.6649590163934426 0.47469635627530365 0.6086065573770492 0.4782388663967611 0.5881147540983607 0.4777327935222672 0.5727459016393442 0.47520242914979755 0.5645491803278688 0.458502024291498 0.5594262295081968 0.4549595141700405 0.5676229508196722
0 0.42206477732793524 0.6301229508196722 0.4175101214574899 0.7161885245901639 0.4185222672064777 0.7295081967213115 0.42611336032388664 0.7336065573770492 0.4392712550607287 0.7325819672131147 0.4397773279352227 0.7038934426229508 0.4473684210526316 0.6239754098360656 0.4549595141700405 0.576844262295082 0.4524291497975709 0.5614754098360656 0.4473684210526316 0.5502049180327869 0.4367408906882591 0.5512295081967213 0.4311740890688259 0.5594262295081968
0 0.402834008097166 0.569672131147541 0.40131578947368424 0.625 0.3967611336032389 0.6495901639344263 0.3942307692307692 0.6905737704918032 0.39068825910931176 0.7059426229508197 0.3952429149797571 0.7223360655737705 0.39979757085020245 0.7223360655737705 0.4023279352226721 0.7172131147540983 0.409919028340081 0.6977459016393442 0.41548582995951416 0.6741803278688525 0.42206477732793524 0.6157786885245902 0.43218623481781376 0.569672131147541 0.43218623481781376 0.5512295081967213 0.4276315789473684 0.5450819672131147 0.42054655870445345 0.5430327868852459 0.4068825910931174 0.5471311475409836
0 0.3582995951417004 0.5461065573770492 0.35728744939271256 0.6004098360655737 0.3476720647773279 0.680327868852459 0.34969635627530365 0.6895491803278688 0.3603238866396761 0.6926229508196722 0.3734817813765182 0.6823770491803278 0.3765182186234818 0.6956967213114754 0.3825910931174089 0.6844262295081968 0.39068825910931176 0.6526639344262295 0.3972672064777328 0.5922131147540983 0.4048582995951417 0.5604508196721312 0.4063765182186235 0.5348360655737705 0.4043522267206478 0.5245901639344263 0.40131578947368424 0.5225409836065574 0.3896761133603239 0.5317622950819673 0.3810728744939271 0.5235655737704918 0.3694331983805668 0.5215163934426229 0.3598178137651822 0.5327868852459017
0 0.31224696356275305 0.5297131147540983 0.31123481781376516 0.5809426229508197 0.29959514170040485 0.6434426229508197 0.3016194331983806 0.6557377049180327 0.3001012145748988 0.6577868852459017 0.30313765182186236 0.6690573770491803 0.3016194331983806 0.673155737704918 0.31123481781376516 0.6823770491803278 0.3142712550607287 0.6936475409836066 0.33046558704453444 0.6793032786885246 0.3426113360323887 0.6547131147540983 0.347165991902834 0.5993852459016393 0.3532388663967611 0.5788934426229508 0.35728744939271256 0.5358606557377049 0.3547570850202429 0.5174180327868853 0.3491902834008097 0.5102459016393442 0.3360323886639676 0.5204918032786885 0.3223684210526316 0.5061475409836066 0.3168016194331984 0.5112704918032787
0 0.2403846153846154 0.5358606557377049 0.23836032388663966 0.5440573770491803 0.23836032388663966 0.5860655737704918 0.24392712550607287 0.6065573770491803 0.25708502024291496 0.617827868852459 0.2717611336032389 0.617827868852459 0.29200404858299595 0.6280737704918032 0.3026315789473684 0.6229508196721312 0.3061740890688259 0.6034836065573771 0.30465587044534415 0.5420081967213115 0.29959514170040485 0.5235655737704918 0.2935222672064777 0.5215163934426229 0.2717611336032389 0.5276639344262295 0.2555668016194332 0.5184426229508197
0 0.402751012145749 0.367827868852459 0.40173886639676115 0.4959016393442623 0.4067995951417004 0.5051229508196722 0.41084817813765184 0.5061475409836066 0.4245121457489879 0.4969262295081967 0.4295728744939271 0.48565573770491804 0.41894534412955464 0.3452868852459016 0.4118603238866397 0.32786885245901637 0.4067995951417004 0.33299180327868855