0 0.26666666666666666 0.4722972972972973 0.2673873873873874 0.4945945945945946 0.2717117117117117 0.5047297297297297 0.298018018018018 0.5222972972972973 0.307027027027027 0.5101351351351351 0.30954954954954955 0.4939189189189189 0.31351351351351353 0.3837837837837838 0.310990990990991 0.3533783783783784 0.3063063063063063 0.34459459459459457 0.29081081081081084 0.34459459459459457 0.28540540540540543 0.3560810810810811 0.28540540540540543 0.3662162162162162 0.2828828828828829 0.3716216216216216 0.28468468468468466 0.37432432432432433 0.28216216216216217 0.3878378378378378 0.28216216216216217 0.41621621621621624 0.2763963963963964 0.4418918918918919
0 0.310990990990991 0.4851351351351351 0.31135135135135134 0.5114864864864865 0.3181981981981982 0.5256756756756756 0.3218018018018018 0.529054054054054 0.34306306306306306 0.5222972972972973 0.35243243243243244 0.5243243243243243 0.36 0.5175675675675676 0.3553153153153153 0.4817567567567568 0.3535135135135135 0.4175675675675676 0.3517117117117117 0.4027027027027027 0.3427027027027027 0.3675675675675676 0.33405405405405403 0.3533783783783784 0.32972972972972975 0.3567567567567568 0.3181981981981982 0.41486486486486485 0.31675675675675674 0.42567567567567566 0.31675675675675674 0.44780405405405405
0 0.35855855855855856 0.37094594594594593 0.3574774774774775 0.4081081081081081 0.3473873873873874 0.5108108108108108 0.3517117117117117 0.5222972972972973 0.369009009009009 0.525 0.3747747747747748 0.5222972972972973 0.3790990990990991 0.5162162162162162 0.3809009009009009 0.5108108108108108 0.3823423423423423 0.4939189189189189 0.38054054054054054 0.4486486486486487 0.3783783783783784 0.43513513513513513 0.37801801801801804 0.3844594594594595 0.3762162162162162 0.3804054054054054 0.3772972972972973 0.36824324324324326 0.372972972972973 0.35 0.36864864864864866 0.34797297297297297 0.36036036036036034 0.35743243243243245
0 0.40756756756756757 0.43513513513513513 0.409009009009009 0.43986486486486487 0.4079279279279279 0.4972972972972973 0.40324324324324323 0.5324324324324324 0.4036036036036036 0.543918918918919 0.40756756756756757 0.5540540540540541 0.4104504504504505 0.5560810810810811 0.4317117117117117 0.5581081081081081 0.4335135135135135 0.543918918918919 0.43243243243243246 0.43445945945945946 0.430990990990991 0.40945945945945944 0.4317117117117117 0.3804054054054054 0.4281081081081081 0.3601351351351351 0.4227027027027027 0.3614864864864865 0.4198198198198198 0.35405405405405405 0.4144144144144144 0.3655405405405405 0.4104504504504505 0.4027027027027027 0.4104504504504505 0.4222972972972973
0 0.3668468468468468 0.572972972972973 0.3636036036036036 0.6878378378378378 0.36036036036036034 0.720945945945946 0.3636036036036036 0.7277027027027027 0.369009009009009 0.731081081081081 0.3783783783783784 0.722972972972973 0.38306306306306304 0.6925675675675675 0.3891891891891892 0.6662162162162162 0.39423423423423426 0.6 0.4 0.5831081081081081 0.39855855855855854 0.5790540540540541 0.39927927927927925 0.5763513513513514 0.3924324324324324 0.5621621621621622 0.3881081081081081 0.5662162162162162 0.3816216216216216 0.5594594594594594 0.37189189189189187 0.5601351351351351 0.36864864864864866 0.5628378378378378
0 0.39387387387387385 0.5837837837837838 0.3935135135135135 0.6094594594594595 0.39135135135135135 0.6270270270270271 0.3935135135135135 0.7013513513513514 0.39135135135135135 0.722972972972973 0.3924324324324324 0.7277027027027027 0.3963963963963964 0.7304054054054054 0.4 0.7283783783783784 0.4118918918918919 0.7047297297297297 0.41477477477477476 0.654054054054054 0.4190990990990991 0.6385135135135135 0.4252252252252252 0.5993243243243244 0.42342342342342343 0.5864864864864865 0.41333333333333333 0.5790540540540541 0.39963963963963967 0.5763513513513514 0.39531531531531533 0.5797297297297297
0 0.43495495495495495 0.527027027027027 0.4338738738738739 0.5560810810810811 0.4353153153153153 0.5608108108108109 0.4446846846846847 0.5702702702702702 0.45981981981981984 0.5716216216216217 0.4609009009009009 0.5324324324324324 0.4547747747747748 0.44324324324324327 0.45117117117117117 0.43108108108108106 0.4472072072072072 0.42567567567567566 0.44216216216216214 0.43108108108108106 0.44 0.44256756756756754
0 0.42162162162162165 0.6195945945945946 0.4205405405405405 0.6608108108108108 0.4151351351351351 0.7081081081081081 0.41549549549549547 0.7405405405405405 0.4183783783783784 0.7472972972972973 0.4273873873873874 0.7479729729729729 0.43135135135135133 0.7452702702702703 0.4345945945945946 0.7358108108108108 0.43423423423423424 0.731081081081081 0.4371171171171171 0.7222972972972973 0.43963963963963965 0.7047297297297297 0.43891891891891893 0.6993243243243243 0.4454054054054054 0.6763513513513514 0.45045045045045046 0.5993243243243244 0.4425225225225225 0.5939189189189189 0.4281081081081081 0.595945945945946 0.42558558558558557 0.5993243243243244
0 0.4446846846846847 0.597972972972973 0.4454054054054054 0.6574324324324324 0.44432432432432434 0.6871621621621622 0.44288288288288286 0.6898648648648649 0.44756756756756755 0.697972972972973 0.4547747747747748 0.6959459459459459 0.45981981981981984 0.6810810810810811 0.4666666666666667 0.6432432432432432 0.4663063063063063 0.6121621621621621 0.46774774774774774 0.5993243243243244 0.4627027027027027 0.5966216216216216
0 0.4616216216216216 0.47702702702702704 0.4627027027027027 0.5222972972972973 0.46054054054054056 0.5594594594594594 0.461981981981982 0.5695945945945946 0.46918918918918917 0.5763513513513514 0.48576576576576574 0.5756756756756757 0.48936936936936937 0.5641891891891891 0.4897297297297297 0.5445945945945946 0.4872072072072072 0.5060810810810811 0.48324324324324325 0.3844594594594595 0.4745945945945946 0.37567567567567567 0.47063063063063065 0.3804054054054054 0.4699099099099099 0.3932432432432432 0.46702702702702703 0.40675675675675677
0 0.46234234234234234 0.5986486486486486 0.46126126126126127 0.5993243243243244 0.4634234234234234 0.6006756756756757 0.4645045045045045 0.6065317567567567 0.4648648648648649 0.6310810810810811 0.46846846846846846 0.6662162162162162 0.46846846846846846 0.6722972972972973 0.4666666666666667 0.6743243243243243 0.4720720720720721 0.6986486486486486 0.47243243243243244 0.7121621621621622 0.47711711711711713 0.7162162162162162 0.4843243243243243 0.7135135135135136 0.4864864864864865 0.7108108108108108 0.4875675675675676 0.7047297297297297 0.48684684684684687 0.6601351351351351 0.4843243243243243 0.6229729729729729 0.48576576576576574 0.6006756756756757 0.4872072072072072 0.5993243243243244
0 0.48838378378378383 0.40541351351351346 0.49142918918918915 0.5311601351351352 0.49119495495495497 0.5742479729729729 0.5005646846846847 0.5782047297297298 0.5197733333333334 0.5711702702702702 0.5223502702702703 0.5386344594594594 0.5068897297297297 0.40585337837837837 0.5005646846846847 0.3632054054054054 0.4923661261261261 0.3807918918918919
0 0.48757333333333336 0.7114 0.48692036036036035 0.6521263513513513 0.48559927927927926 0.6143831081081081 0.4823700900900901 0.5945472972972973 0.49807603603603606 0.5920675675675675 0.503947027027027 0.5978527027027027 0.5008648648648649 0.6659013513513513 0.4983693693693693 0.704470945945946 0.49220468468468465 0.7149398648648649
0 0.5120025225225225 0.7045858108108108 0.5098702702702703 0.6662878378378378 0.5085495495495496 0.6357074324324324 0.5044396396396397 0.6128412162162162 0.5020908108108108 0.5954851351351351 0.5101639639639639 0.5905256756756756 0.5244018018018017 0.5877709459459459 0.5235210810810811 0.6216574324324324 0.5219066666666666 0.6638087837837838 0.5233744144144145 0.6932871621621622 0.5204385585585586 0.7100925675675674 0.5135398198198199 0.7089905405405406
0 0.5261347747747748 0.5887493243243244 0.5309675675675676 0.6397648648648648 0.532729009009009 0.673927027027027 0.5397744144144144 0.7113945945945946 0.5468201801801802 0.7309547297297297 0.5604706306306306 0.7378425675675676 0.5660486486486487 0.7290263513513514 0.5632598198198199 0.7003743243243243 0.5576818018018018 0.646377027027027 0.5537189189189189 0.5802567567567567 0.5481412612612613 0.5762939189189189 0.5289127927927928 0.5878648648648649
0 0.5816554954954956 0.7288135135135135 0.5743167567567568 0.6889743243243244 0.5662439639639639 0.6512304054054054 0.5606663063063063 0.619547972972973 0.5589048648648649 0.6066 0.554207927927928 0.5964060810810811 0.5503913513513513 0.5887777027027027 0.549510990990991 0.5777574324324325 0.5514190990990991 0.5670135135135135 0.5660972972972973 0.5526871621621622 0.5757848648648649 0.5480040540540541 0.5807754954954956 0.5524114864864864 0.583710990990991 0.5766554054054054 0.5901693693693694 0.6856385135135136 0.590316036036036 0.7228304054054054 0.5892886486486487 0.7355033783783784 0.584445045045045 0.7379831081081081
0 0.6116825225225225 0.715281081081081 0.6018482882882883 0.6849756756756756 0.5948025225225225 0.6455797297297297 0.5873167567567568 0.5959898648648649 0.5840875675675676 0.5778067567567567 0.5786565765765765 0.5722966216216216 0.5808583783783784 0.560175 0.5880508108108108 0.548879054054054 0.5940688288288288 0.5411655405405406 0.601994954954955 0.5392371621621622 0.6083066666666667 0.5439202702702702 0.6115358558558558 0.5549405405405405 0.6119762162162162 0.5841432432432433 0.6122695495495496 0.6114175675675676 0.6150583783783784 0.6681702702702703 0.6163794594594595 0.6973736486486487 0.6175538738738738 0.7166581081081081 0.6163794594594595 0.7221682432432432
0 0.5223081081081081 0.3705993243243243 0.5383174774774775 0.4425189189189189 0.5464533333333333 0.518379054054054 0.545665945945946 0.5385756756756757 0.530443963963964 0.5474425675675676 0.5241452252252252 0.5513837837837838 0.5202082882882882 0.5499060810810811 0.5141718918918919 0.5055716216216216 0.5125971171171172 0.46665608108108103 0.5057736936936936 0.38981081081081076 0.5070857657657658 0.3740472972972973
0 0.6263218018018017 0.35485945945945946 0.6177218018018018 0.43493445945945947 0.610110990990991 0.48074594594594594 0.6093236036036036 0.4974945945945946 0.6111607207207207 0.5117804054054054 0.6271700900900901 0.5206466216216217 0.6360933333333334 0.522125 0.6452792792792793 0.522125 0.6570893693693693 0.5117804054054054 0.6623383783783784 0.4940466216216216 0.6589264864864864 0.4556236486486486 0.6544648648648649 0.4334567567567567 0.6510529729729729 0.40390067567567567 0.646329009009009 0.36941824324324324 0.6429171171171171 0.34922162162162157 0.6384554954954955 0.3334587837837838 0.6326818018018018 0.33395135135135134 0.6274327927927927 0.3482364864864865
0 0.664587027027027 0.3413222972972973 0.6579578378378379 0.3710162162162162 0.6611073873873874 0.40155810810810816 0.6650443243243244 0.42076891891891893 0.6645192792792792 0.4444141891891892 0.6632068468468468 0.4695364864864865 0.6600576576576577 0.4838222972972973 0.6668814414414415 0.5020486486486486 0.6726551351351351 0.5099297297297297 0.6779041441441441 0.513870945945946 0.6857776576576576 0.5109155405405406 0.689976936936937 0.5000777027027027 0.6952259459459459 0.4971222972972973 0.705723963963964 0.49515202702702704 0.7072987387387387 0.48776283783783786 0.7078234234234234 0.4744628378378379 0.7033618018018017 0.45180337837837836 0.7010000000000001 0.44096554054054055 0.6989001801801802 0.4330844594594595 0.6973254054054054 0.4197837837837838 0.6965380180180181 0.39810945945945947 0.6975881081081081 0.38234662162162164 0.6989001801801802 0.372002027027027 0.690501981981982 0.33407162162162163 0.6847279279279279 0.32077094594594596 0.6716054054054054 0.3183081081081081 0.6671437837837838 0.3261898648648649