0 0.3066801619433198 0.4108606557377049 0.3102226720647773 0.4293032786885246 0.3102226720647773 0.45286885245901637 0.3061740890688259 0.47848360655737704 0.3006072874493927 0.4969262295081967 0.3006072874493927 0.5204918032786885 0.3061740890688259 0.5399590163934426 0.326417004048583 0.5512295081967213 0.3355263157894737 0.5420081967213115 0.3431174089068826 0.5235655737704918 0.3431174089068826 0.5051229508196722 0.33805668016194335 0.4692622950819672 0.33704453441295545 0.41905737704918034 0.3314777327935223 0.39241803278688525 0.3269230769230769 0.38934426229508196 0.3142712550607287 0.39651639344262296
0 0.3436234817813765 0.4774590163934426 0.3456477732793522 0.5174180327868853 0.34969635627530365 0.5256147540983607 0.37196356275303644 0.5348360655737705 0.3861336032388664 0.5245901639344263 0.3881578947368421 0.5092213114754098 0.38461538461538464 0.4733606557377049 0.3800607287449393 0.45081967213114754 0.38461538461538464 0.4047131147540984 0.3810728744939271 0.3780737704918033 0.3775303643724696 0.3801229508196721 0.3770242914979757 0.38831967213114754 0.3598178137651822 0.39549180327868855 0.3532388663967611 0.4047131147540984 0.354251012145749 0.42725409836065575
0 0.3517206477732793 0.5881147540983607 0.3547570850202429 0.6260245901639344 0.354251012145749 0.6485655737704918 0.3466599190283401 0.7038934426229508 0.347165991902834 0.7223360655737705 0.3491902834008097 0.7295081967213115 0.3522267206477733 0.7305327868852459 0.36639676113360325 0.7284836065573771 0.3689271255060729 0.7438524590163934 0.3765182186234818 0.7438524590163934 0.3856275303643725 0.7243852459016393 0.3881578947368421 0.6926229508196722 0.3876518218623482 0.6526639344262295 0.3992914979757085 0.5993852459016393 0.4008097165991903 0.569672131147541 0.39625506072874495 0.5604508196721312 0.39220647773279355 0.5594262295081968 0.3825910931174089 0.5665983606557377 0.36285425101214575 0.555327868852459 0.35526315789473684 0.5655737704918032
0 0.3881578947368421 0.39959016393442626 0.3876518218623482 0.4323770491803279 0.39068825910931176 0.44364754098360654 0.38866396761133604 0.44672131147540983 0.3881578947368421 0.46209016393442626 0.3896761133603239 0.5102459016393442 0.395748987854251 0.5256147540983607 0.4068825910931174 0.5307377049180327 0.416497975708502 0.5174180327868853 0.4180161943319838 0.507172131147541 0.4180161943319838 0.4948770491803279 0.4089068825910931 0.4415983606557377 0.40941295546558704 0.4262295081967213 0.4068825910931174 0.4057377049180328 0.4084008097165992 0.4036885245901639 0.3972672064777328 0.375 0.39220647773279355 0.3780737704918033
0 0.41346153846153844 0.38729508196721313 0.4124493927125506 0.4077868852459016 0.4190283400809717 0.46311475409836067 0.4185222672064777 0.5266393442622951 0.4215587044534413 0.5368852459016393 0.42965587044534415 0.5420081967213115 0.4402834008097166 0.5266393442622951 0.4524291497975709 0.5225409836065574 0.45394736842105265 0.48463114754098363 0.4509109311740891 0.4641393442622951 0.43724696356275305 0.42008196721311475 0.4382591093117409 0.39549180327868855 0.4357287449392713 0.36065573770491804 0.4225708502024291 0.35963114754098363 0.41548582995951416 0.3729508196721312
0 0.40131578947368424 0.5891393442622951 0.39878542510121456 0.6987704918032787 0.3952429149797571 0.742827868852459 0.39878542510121456 0.7489754098360656 0.4043522267206478 0.7479508196721312 0.4149797570850202 0.7161885245901639 0.42459514170040485 0.6608606557377049 0.4266194331983806 0.6362704918032787 0.4367408906882591 0.5829918032786885 0.43218623481781376 0.5717213114754098 0.4225708502024291 0.5655737704918032 0.4048582995951417 0.5747950819672131
0 0.4367408906882591 0.5737704918032787 0.4357287449392713 0.6014344262295082 0.4311740890688259 0.6219262295081968 0.43218623481781376 0.6465163934426229 0.4342105263157895 0.6506147540983607 0.4347165991902834 0.6885245901639344 0.4326923076923077 0.7479508196721312 0.4392712550607287 0.7520491803278688 0.4483805668016194 0.7172131147540983 0.4569838056680162 0.6301229508196722 0.4640688259109312 0.5942622950819673 0.4509109311740891 0.5655737704918032
0 0.4392712550607287 0.35040983606557374 0.4382591093117409 0.36577868852459017 0.44281376518218624 0.4149590163934426 0.4458502024291498 0.42110655737704916 0.4478744939271255 0.4354508196721312 0.4478744939271255 0.45901639344262296 0.4433198380566802 0.4918032786885246 0.444331983805668 0.5133196721311475 0.44686234817813764 0.5225409836065574 0.45445344129554655 0.5327868852459017 0.46305668016194335 0.5358606557377049 0.472165991902834 0.5225409836065574 0.4757085020242915 0.5030737704918032 0.4741902834008097 0.47950819672131145 0.4681174089068826 0.444672131147541 0.4665991902834008 0.41290983606557374 0.4590080971659919 0.36475409836065575 0.4549595141700405 0.3514344262295082 0.4519230769230769 0.3483606557377049
0 0.46305668016194335 0.576844262295082 0.4640688259109312 0.7008196721311475 0.4686234817813765 0.7264344262295082 0.47520242914979755 0.7295081967213115 0.48279352226720645 0.7202868852459017 0.4893724696356275 0.6065573770491803 0.4893724696356275 0.5758196721311475 0.48633603238866396 0.5625 0.4782388663967611 0.5584016393442623 0.4681174089068826 0.5645491803278688
0 0.47368421052631576 0.36065573770491804 0.47368421052631576 0.41905737704918034 0.4772267206477733 0.5092213114754098 0.48279352226720645 0.5256147540983607 0.4939271255060729 0.5286885245901639 0.4974696356275304 0.5256147540983607 0.5015182186234818 0.5133196721311475 0.4959514170040486 0.36475409836065575 0.49291497975708504 0.35655737704918034 0.48785425101214575 0.3524590163934426 0.47874493927125505 0.3524590163934426
0 0.4893724696356275 0.5543032786885246 0.49038461538461536 0.6116803278688525 0.4959514170040486 0.7008196721311475 0.4974696356275304 0.7141393442622951 0.5015182186234818 0.7172131147540983 0.5060728744939271 0.7090163934426229 0.5101214574898786 0.6844262295081968 0.5111336032388664 0.548155737704918 0.5050607287449392 0.5430327868852459
0 0.49696356275303644 0.36475409836065575 0.49696356275303644 0.3985655737704918 0.5010121457489879 0.43135245901639346 0.5015182186234818 0.5133196721311475 0.5131578947368421 0.5235655737704918 0.5247975708502024 0.5215163934426229 0.5288461538461539 0.5102459016393442 0.52834008097166 0.4661885245901639 0.5253036437246964 0.430327868852459 0.5268218623481782 0.4139344262295082 0.5222672064777328 0.38422131147540983 0.5187246963562753 0.36475409836065575 0.5111336032388664 0.35758196721311475 0.5005060728744939 0.3555327868852459
0 0.5116396761133604 0.548155737704918 0.5116396761133604 0.6813524590163934 0.5131578947368421 0.6895491803278688 0.521255060728745 0.6895491803278688 0.5258097165991903 0.6588114754098361 0.5308704453441295 0.5440573770491803 0.5273279352226721 0.5409836065573771 0.5141700404858299 0.5430327868852459
0 0.5293522267206477 0.492827868852459 0.5288461538461539 0.5112704918032787 0.5318825910931174 0.5204918032786885 0.5430161943319838 0.5245901639344263 0.555668016194332 0.5204918032786885 0.5607287449392713 0.4180327868852459 0.5607287449392713 0.36885245901639346 0.5450404858299596 0.3514344262295082 0.5404858299595142 0.35655737704918034 0.5359311740890689 0.38729508196721313
0 0.5607287449392713 0.4057377049180328 0.5587044534412956 0.5133196721311475 0.5637651821862348 0.5245901639344263 0.5728744939271255 0.5256147540983607 0.5814777327935222 0.5174180327868853 0.5840080971659919 0.48565573770491804 0.5824898785425101 0.39651639344262296 0.5840080971659919 0.38831967213114754 0.5809716599190283 0.36475409836065575 0.5637651821862348 0.3637295081967213 0.5617408906882592 0.36885245901639346
0 0.52834008097166 0.6065573770491803 0.52834008097166 0.6864754098360656 0.5293522267206477 0.6915983606557377 0.5328947368421053 0.6936475409836066 0.5394736842105263 0.6772540983606558 0.5389676113360324 0.6526639344262295 0.5455465587044535 0.6075819672131147 0.5495951417004049 0.5450819672131147 0.5475708502024291 0.5389344262295082 0.5404858299595142 0.5338114754098361 0.5298582995951417 0.5420081967213115
0 0.5409919028340081 0.6413934426229508 0.5409919028340081 0.6823770491803278 0.5445344129554656 0.6875 0.548582995951417 0.6864754098360656 0.5607287449392713 0.6383196721311475 0.569331983805668 0.5799180327868853 0.5713562753036437 0.5543032786885246 0.5647773279352226 0.5430327868852459 0.5516194331983806 0.5399590163934426 0.5495951417004049 0.5450819672131147
0 0.5607287449392713 0.6454918032786885 0.5602226720647774 0.6813524590163934 0.5703441295546559 0.6967213114754098 0.5885627530364372 0.6956967213114754 0.5931174089068826 0.6895491803278688 0.5915991902834008 0.6834016393442623 0.5931174089068826 0.6711065573770492 0.5915991902834008 0.6342213114754098 0.5865384615384616 0.5963114754098361 0.5799595141700404 0.5645491803278688 0.5738866396761133 0.5543032786885246 0.5703441295546559 0.555327868852459 0.5617408906882592 0.6209016393442623
0 0.582995951417004 0.492827868852459 0.5819838056680162 0.5092213114754098 0.5840080971659919 0.5204918032786885 0.5926113360323887 0.5379098360655737 0.5986842105263158 0.5450819672131147 0.6032388663967612 0.5450819672131147 0.6108299595141701 0.5307377049180327 0.6118421052631579 0.5225409836065574 0.6093117408906883 0.5112704918032787 0.6088056680161943 0.492827868852459 0.6138663967611336 0.44979508196721313 0.6133603238866396 0.43135245901639346 0.6194331983805668 0.3975409836065574 0.6204453441295547 0.3391393442622951 0.6189271255060729 0.32581967213114754 0.611336032388664 0.32889344262295084 0.5991902834008097 0.3729508196721312 0.5936234817813765 0.4036885245901639
0 0.5915991902834008 0.5727459016393442 0.5865384615384616 0.5840163934426229 0.5915991902834008 0.6280737704918032 0.6093117408906883 0.7151639344262295 0.6148785425101214 0.735655737704918 0.6189271255060729 0.735655737704918 0.6229757085020243 0.7243852459016393 0.6224696356275303 0.6700819672131147 0.618421052631579 0.610655737704918 0.6128542510121457 0.5860655737704918 0.6133603238866396 0.5686475409836066 0.603744939271255 0.5604508196721312 0.5986842105263158 0.5604508196721312
0 0.6082995951417004 0.48565573770491804 0.6088056680161943 0.5133196721311475 0.6133603238866396 0.5235655737704918 0.6295546558704453 0.5389344262295082 0.6351214574898786 0.5368852459016393 0.6411943319838057 0.5276639344262295 0.6447368421052632 0.4088114754098361 0.6422064777327935 0.3801229508196721 0.6295546558704453 0.3780737704918033 0.6229757085020243 0.38422131147540983 0.6234817813765182 0.39344262295081966 0.6153846153846154 0.4364754098360656 0.6133603238866396 0.4385245901639344
0 0.6411943319838057 0.48565573770491804 0.6406882591093117 0.5102459016393442 0.645748987854251 0.5235655737704918 0.6538461538461539 0.5327868852459017 0.6584008097165992 0.5327868852459017 0.6700404858299596 0.5194672131147541 0.6710526315789473 0.48258196721311475 0.6649797570850202 0.3790983606557377 0.6538461538461539 0.3780737704918033 0.6503036437246964 0.38729508196721313 0.646255060728745 0.45799180327868855
0 0.6133603238866396 0.5737704918032787 0.6128542510121457 0.5840163934426229 0.6244939271255061 0.6342213114754098 0.6305668016194332 0.6967213114754098 0.6432186234817814 0.742827868852459 0.646255060728745 0.7489754098360656 0.6503036437246964 0.7489754098360656 0.652834008097166 0.7336065573770492 0.6467611336032388 0.6454918032786885 0.6472672064777328 0.5706967213114754 0.6305668016194332 0.5573770491803278 0.617914979757085 0.5625
0 0.6492914979757085 0.5543032786885246 0.6482793522267206 0.5881147540983607 0.659919028340081 0.6413934426229508 0.6594129554655871 0.6588114754098361 0.6649797570850202 0.7151639344262295 0.6700404858299596 0.7254098360655737 0.6811740890688259 0.7653688524590164 0.6842105263157895 0.7663934426229508 0.6847165991902834 0.7520491803278688 0.687246963562753 0.7448770491803278 0.6857287449392713 0.7366803278688525 0.6988866396761133 0.7284836065573771 0.701417004048583 0.7202868852459017 0.694838056680162 0.6424180327868853 0.694838056680162 0.6157786885245902 0.6988866396761133 0.5881147540983607 0.6988866396761133 0.5717213114754098 0.6953441295546559 0.5604508196721312 0.6852226720647774 0.5522540983606558 0.6695344129554656 0.5614754098360656 0.6584008097165992 0.5512295081967213
0 0.6720647773279352 0.4651639344262295 0.6705465587044535 0.5112704918032787 0.6725708502024291 0.5174180327868853 0.680668016194332 0.5256147540983607 0.6923076923076923 0.5215163934426229 0.7044534412955465 0.5307377049180327 0.7110323886639676 0.5225409836065574 0.7176113360323887 0.4948770491803279 0.7145748987854251 0.38831967213114754 0.708502024291498 0.3831967213114754 0.6918016194331984 0.3831967213114754 0.6826923076923077 0.38831967213114754 0.6811740890688259 0.39651639344262296 0.6831983805668016 0.4262295081967213 0.680161943319838 0.4456967213114754