0 0.28396396396396395 0.4689189189189189 0.2857657657657658 0.4939189189189189 0.29081081081081084 0.5047297297297297 0.29765765765765767 0.5020270270270271 0.3030630630630631 0.504054054054054 0.3099099099099099 0.5135135135135135 0.3153153153153153 0.5148648648648648 0.31963963963963965 0.5128378378378379 0.32756756756756755 0.5027027027027027 0.3300900900900901 0.4756756756756757 0.32756756756756755 0.3837837837837838 0.323963963963964 0.3675675675675676 0.3145945945945946 0.35135135135135137 0.31207207207207205 0.3608108108108108 0.3063063063063063 0.3662162162162162 0.30126126126126124 0.37905405405405407 0.2983783783783784 0.4081081081081081 0.28684684684684686 0.45135135135135135
0 0.2717117117117117 0.6581081081081082 0.270990990990991 0.6662162162162162 0.2724324324324324 0.6783783783783783 0.274954954954955 0.6858108108108109 0.27855855855855854 0.6871621621621622 0.28144144144144145 0.6918918918918919 0.2825225225225225 0.6966216216216217 0.2810810810810811 0.7047297297297297 0.2818018018018018 0.7094594594594594 0.28468468468468466 0.7101351351351352 0.28936936936936936 0.6993243243243243 0.29477477477477476 0.7 0.3016216216216216 0.6939189189189189 0.3131531531531532 0.6722972972972973 0.3326126126126126 0.625 0.34306306306306306 0.6108108108108108 0.35063063063063066 0.5932432432432433 0.35315315315315315 0.5824324324324325 0.3535135135135135 0.5662162162162162 0.3491891891891892 0.5567567567567567 0.3354954954954955 0.552027027027027 0.31567567567567567 0.5337837837837838 0.310990990990991 0.5358108108108108 0.3030630630630631 0.5567567567567567 0.28864864864864864 0.6162162162162163 0.2789189189189189 0.6344594594594595 0.27315315315315314 0.6574324324324324
0 0.3715315315315315 0.6972972972972973 0.3715315315315315 0.7290540540540541 0.372972972972973 0.7337837837837838 0.37657657657657656 0.7364864864864865 0.3816216216216216 0.7364864864864865 0.3845045045045045 0.7331081081081081 0.39531531531531533 0.7121621621621622 0.39855855855855854 0.6939189189189189 0.4018018018018018 0.6587837837837838 0.4165765765765766 0.5912162162162162 0.41549549549549547 0.5797297297297297 0.4082882882882883 0.5628378378378378 0.3848648648648649 0.5689189189189189 0.3809009009009009 0.575 0.3790990990990991 0.5878378378378378 0.38054054054054054 0.6236486486486487
0 0.3401801801801802 0.3716216216216216 0.341981981981982 0.4209459459459459 0.3365765765765766 0.4412162162162162 0.33369369369369367 0.4702702702702703 0.32900900900900903 0.4905405405405405 0.3279279279279279 0.5027027027027027 0.3293693693693694 0.5216216216216216 0.3372972972972973 0.5351351351351351 0.36108108108108106 0.5385135135135135 0.3700900900900901 0.529054054054054 0.372972972972973 0.522972972972973 0.37657657657657656 0.5128378378378379 0.37801801801801804 0.49932432432432433 0.37765765765765763 0.47905405405405405 0.3708108108108108 0.4472972972972973 0.36720720720720723 0.3878378378378378 0.36324324324324325 0.36486486486486486 0.36108108108108106 0.35743243243243245 0.35783783783783785 0.35405405405405405 0.34378378378378377 0.35743243243243245 0.34162162162162163 0.3608108108108108 0.3427027027027027 0.36486486486486486
0 0.42234234234234236 0.5081081081081081 0.4227027027027027 0.5405405405405406 0.4273873873873874 0.5608108108108109 0.43135135135135133 0.5655405405405406 0.436036036036036 0.5655405405405406 0.4446846846846847 0.5574324324324325 0.4486486486486487 0.5486486486486486 0.44972972972972974 0.5297297297297298 0.4518918918918919 0.5209459459459459 0.4526126126126126 0.4871621621621622 0.45513513513513515 0.4581081081081081 0.4533333333333333 0.3939189189189189 0.45117117117117117 0.3810810810810811 0.4472072072072072 0.372972972972973 0.4381981981981982 0.3716216216216216 0.430990990990991 0.39594594594594595
0 0.4500900900900901 0.5378378378378378 0.4493693693693694 0.5587837837837838 0.4533333333333333 0.5722972972972973 0.4699099099099099 0.5817567567567568 0.47495495495495493 0.5790540540540541 0.4807207207207207 0.5020270270270271 0.4774774774774775 0.47094594594594597 0.47711711711711713 0.43513513513513513 0.4789189189189189 0.3966216216216216 0.47855855855855856 0.3804054054054054 0.4774774774774775 0.37905405405405407 0.4688288288288288 0.37905405405405407 0.4655855855855856 0.39256756756756755 0.458018018018018 0.45
0 0.39747747747747747 0.7358108108108108 0.3971171171171171 0.7445945945945946 0.39963963963963967 0.7513513513513513 0.4079279279279279 0.7527027027027027 0.4158558558558559 0.7385135135135135 0.42234234234234236 0.7216216216216216 0.42774774774774776 0.6722972972972973 0.43747747747747745 0.6337837837837837 0.44036036036036036 0.6304054054054054 0.44504504504504505 0.6141891891891892 0.44432432432432434 0.6067567567567568 0.43135135135135133 0.5824324324324325 0.4190990990990991 0.5797297297297297 0.41549549549549547 0.5837837837837838 0.4082882882882883 0.6222972972972973 0.409009009009009 0.625
0 0.4843243243243243 0.41486486486486485 0.4781981981981982 0.5202702702702703 0.4735135135135135 0.5736486486486486 0.47495495495495493 0.5817567567567568 0.47783783783783784 0.5871621621621622 0.4922522522522523 0.5925675675675676 0.501981981981982 0.5918918918918918 0.5055855855855856 0.5878378378378378 0.5037837837837837 0.4222972972972973 0.49801801801801804 0.40135135135135136 0.4864864864864865 0.4047297297297297
0 0.64 0.4 0.6374774774774775 0.5175675675675676 0.6414414414414414 0.5263513513513514 0.6403603603603604 0.5310810810810811 0.6414414414414414 0.5371621621621622 0.6461261261261261 0.5445945945945946 0.6508108108108108 0.5594594594594594 0.654054054054054 0.5628378378378378 0.6641441441441441 0.5601351351351351 0.6818018018018018 0.5472972972972973 0.6879279279279279 0.5331081081081082 0.6875675675675675 0.5121621621621621 0.6763963963963964 0.4581081081081081 0.6738738738738739 0.4195945945945946 0.6691891891891892 0.4141891891891892 0.661981981981982 0.3858108108108108 0.654054054054054 0.37432432432432433 0.6436036036036036 0.3824324324324324 0.6407207207207207 0.3878378378378378
0 0.6100900900900901 0.43513513513513513 0.6068468468468469 0.4885135135135135 0.6032432432432432 0.5128378378378379 0.6032432432432432 0.5297297297297298 0.6068468468468469 0.5385135135135135 0.6147747747747748 0.543918918918919 0.6176576576576577 0.5560810810810811 0.6255855855855856 0.5641891891891891 0.6345945945945946 0.5621621621621622 0.6392792792792793 0.5547297297297298 0.6439639639639639 0.5398648648648648 0.6381981981981982 0.43175675675675673 0.6342342342342342 0.3966216216216216 0.6270270270270271 0.38716216216216215 0.6187387387387387 0.39594594594594595 0.6126126126126126 0.4135135135135135
0 0.5830630630630631 0.4391891891891892 0.5805405405405405 0.4743243243243243 0.5747747747747748 0.5094594594594595 0.5758558558558559 0.5364864864864864 0.5794594594594594 0.5445945945945946 0.587027027027027 0.5527027027027027 0.5884684684684685 0.5601351351351351 0.5992792792792793 0.5682432432432433 0.6075675675675676 0.5675675675675675 0.6165765765765766 0.5527027027027027 0.6158558558558559 0.5405405405405406 0.6194594594594595 0.5331081081081082 0.6165765765765766 0.527027027027027 0.6097297297297297 0.4945945945945946 0.6108108108108108 0.48986486486486486 0.6100900900900901 0.4722972972972973 0.6079279279279279 0.46216216216216216 0.6072072072072072 0.43648648648648647 0.6100900900900901 0.42027027027027025 0.6108108108108108 0.40405405405405403 0.6075675675675676 0.3912162162162162 0.6036036036036037 0.3878378378378378 0.5981981981981982 0.3898648648648649 0.5917117117117117 0.40675675675675677 0.5877477477477477 0.42567567567567566
0 0.5574774774774774 0.6148648648648649 0.5574774774774774 0.6263513513513513 0.5697297297297297 0.7364864864864865 0.572972972972973 0.7479729729729729 0.5783783783783784 0.7574324324324324 0.5837837837837838 0.7594594594594595 0.5877477477477477 0.7574324324324324 0.5899099099099099 0.7520270270270271 0.5902702702702702 0.675 0.5927927927927928 0.6304054054054054 0.5906306306306306 0.6074324324324324 0.5863063063063063 0.5939189189189189 0.5758558558558559 0.5912162162162162 0.5686486486486486 0.5966216216216216
0 0.5315315315315315 0.6229729729729729 0.5315315315315315 0.6418918918918919 0.5336936936936937 0.6459459459459459 0.538018018018018 0.6668918918918919 0.5376576576576576 0.677027027027027 0.5427027027027027 0.7047297297297297 0.5506306306306307 0.7364864864864865 0.5592792792792792 0.7608108108108108 0.5718918918918919 0.7655405405405405 0.5736936936936937 0.7506756756756757 0.5679279279279279 0.7121621621621622 0.5643243243243243 0.6722972972972973 0.5632432432432433 0.6385135135135135 0.5596396396396396 0.625 0.5607207207207208 0.6182432432432432 0.5585585585585585 0.6067567567567568 0.5542342342342342 0.6027027027027027 0.5448648648648649 0.6027027027027027 0.5362162162162162 0.6094594594594595 0.5318918918918919 0.6182432432432432
0 0.5135135135135135 0.7135135135135136 0.5131531531531531 0.7513513513513513 0.5171171171171172 0.7662162162162162 0.5214414414414414 0.768918918918919 0.5257657657657657 0.7641891891891892 0.5308108108108108 0.7479729729729729 0.5441441441441441 0.6459459459459459 0.5423423423423424 0.6405405405405405 0.5412612612612613 0.6263513513513513 0.5326126126126126 0.6168918918918919 0.5181981981981982 0.6148648648648649
0 0.5042356756756756 0.7612216216216215 0.49955135135135137 0.6974283783783783 0.50036 0.6430993243243244 0.5013304504504504 0.6194256756756756 0.5116796396396397 0.6148729729729729 0.5220288288288288 0.6163905405405405 0.5084454054054054 0.764202027027027
0 0.4817708108108108 0.7357817567567568 0.48224864864864864 0.6604 0.4817636036036036 0.6112304054054054 0.48208720720720716 0.6063743243243243 0.5000367567567567 0.6130513513513514 0.49664072072072074 0.6640418918918919 0.4885553153153153 0.7408310810810811 0.4841891891891892 0.7478121621621622
0 0.4740018018018018 0.7517581081081082 0.4634908108108108 0.7083554054054054 0.4620353153153153 0.6561506756756756 0.4596097297297297 0.6230675675675675 0.45847783783783785 0.6027324324324325 0.4618735135135135 0.6003040540540541 0.479338018018018 0.6084986486486487 0.47788252252252256 0.6579716216216216 0.4803081081081081 0.7201925675675676 0.4783679279279279 0.7493297297297298
0 0.4621264864864865 0.6599459459459459 0.4543646846846847 0.7160966216216217 0.4415895495495496 0.7558567567567567 0.43366594594594593 0.7728533783783784 0.4263891891891892 0.7686040540540541 0.4228317117117117 0.7421986486486486 0.4225081081081081 0.7103297297297297 0.4299466666666667 0.6572141891891892 0.43657657657657656 0.6217033783783784 0.4414281081081081 0.6062243243243243 0.4485430630630631 0.603795945945946 0.4550115315315315 0.6056168918918918 0.45695207207207206 0.6247385135135135 0.4582454054054054 0.6423425675675676
0 0.5100872072072072 0.42038581081081083 0.5084100900900901 0.5036175675675676 0.5061744144144145 0.5427851351351352 0.5052425225225226 0.5774067567567568 0.5123228828828829 0.5941932432432432 0.5276010810810811 0.5962912162162162 0.5344951351351351 0.5791554054054054 0.5365448648648649 0.5518777027027028 0.5343088288288289 0.5382391891891892 0.5307686486486487 0.499420945945946 0.5276010810810811 0.42593986486486485 0.5248064864864864 0.40530675675675676 0.5175398198198198 0.40915405405405403
0 0.542507027027027 0.42628986486486486 0.535612972972973 0.5217614864864865 0.5307686486486487 0.5486891891891892 0.5302097297297298 0.5693222972972973 0.5382216216216217 0.5819114864864865 0.5508915315315315 0.5815621621621622 0.5562947747747748 0.5770155405405405 0.5585308108108108 0.5430939189189189 0.5553632432432433 0.5175648648648649 0.5551769369369369 0.4829432432432432 0.5548043243243244 0.44097770270270276 0.5551769369369369 0.41439932432432436 0.5518230630630631 0.3944662162162162 0.5466061261261261 0.4025094594594595
0 0.565798918918919 0.38716554054054053 0.5601549549549549 0.45746689189189194 0.5574183783783784 0.5020878378378378 0.5514324324324325 0.5329047297297297 0.5570763963963964 0.5637216216216216 0.5714428828828828 0.5791304054054054 0.5837567567567568 0.5730310810810811 0.58922990990991 0.5367567567567567 0.584783063063063 0.4796168918918919 0.5822176576576577 0.3846371621621622 0.5793102702702703 0.3762912162162162 0.5734951351351352 0.36890810810810815