0 0.26417004048583 0.5952868852459017 0.2631578947368421 0.6188524590163934 0.26720647773279355 0.632172131147541 0.27530364372469635 0.6454918032786885 0.28846153846153844 0.6516393442622951 0.3001012145748988 0.6403688524590164 0.31275303643724695 0.6116803278688525 0.3259109311740891 0.5942622950819673 0.34210526315789475 0.5840163934426229 0.3507085020242915 0.5717213114754098 0.347165991902834 0.548155737704918 0.3350202429149798 0.5297131147540983 0.3233805668016194 0.4948770491803279 0.31629554655870445 0.4918032786885246 0.3061740890688259 0.5051229508196722 0.29554655870445345 0.5317622950819673 0.2732793522267207 0.569672131147541
0 0.2818825910931174 0.36577868852459017 0.2808704453441296 0.38114754098360654 0.2854251012145749 0.39036885245901637 0.2874493927125506 0.4036885245901639 0.2950404858299595 0.42213114754098363 0.3026315789473684 0.42520491803278687 0.3147773279352227 0.42008196721311475 0.32186234817813764 0.4098360655737705 0.3259109311740891 0.39651639344262296 0.33046558704453444 0.35758196721311475 0.3274291497975709 0.3483606557377049 0.3284412955465587 0.3401639344262295 0.3269230769230769 0.3350409836065574 0.3223684210526316 0.33811475409836067 0.3107287449392713 0.32786885245901637 0.3026315789473684 0.32684426229508196 0.2940283400809717 0.3350409836065574
0 0.32540485829959515 0.4026639344262295 0.3248987854251012 0.41290983606557374 0.3299595141700405 0.4354508196721312 0.3299595141700405 0.4764344262295082 0.33653846153846156 0.5020491803278688 0.3415991902834008 0.5030737704918032 0.34463562753036436 0.4989754098360656 0.35728744939271256 0.5020491803278688 0.3643724696356275 0.49385245901639346 0.3684210526315789 0.48258196721311475 0.3734817813765182 0.47848360655737704 0.3770242914979757 0.4672131147540984 0.3775303643724696 0.4569672131147541 0.3714574898785425 0.4375 0.3674089068825911 0.4344262295081967 0.3694331983805668 0.42725409836065575 0.3648785425101215 0.42315573770491804 0.36082995951417 0.4088114754098361 0.35880566801619435 0.36885245901639346 0.340080971659919 0.3668032786885246 0.32894736842105265 0.3801229508196721
0 0.3598178137651822 0.3637295081967213 0.35728744939271256 0.36885245901639346 0.3598178137651822 0.4077868852459016 0.37044534412955465 0.4487704918032787 0.3714574898785425 0.4723360655737705 0.36791497975708504 0.4969262295081967 0.36791497975708504 0.5215163934426229 0.3699392712550607 0.5358606557377049 0.38208502024291496 0.5409836065573771 0.40131578947368424 0.5389344262295082 0.4139676113360324 0.5317622950819673 0.4200404858299595 0.5204918032786885 0.42105263157894735 0.5040983606557377 0.4033400809716599 0.45799180327868855 0.39878542510121456 0.4375 0.3982793522267207 0.4139344262295082 0.3901821862348178 0.36475409836065575 0.38461538461538464 0.35860655737704916
0 0.41548582995951416 0.31864754098360654 0.4043522267206478 0.33811475409836067 0.4084008097165992 0.3422131147540984 0.4149797570850202 0.3698770491803279 0.4139676113360324 0.3831967213114754 0.4180161943319838 0.4108606557377049 0.416497975708502 0.48770491803278687 0.423582995951417 0.507172131147541 0.43724696356275305 0.4989754098360656 0.44686234817813764 0.4989754098360656 0.4509109311740891 0.49385245901639346 0.451417004048583 0.4764344262295082 0.44686234817813764 0.46209016393442626 0.43623481781376516 0.3719262295081967 0.42813765182186236 0.32786885245901637 0.43218623481781376 0.3094262295081967 0.42054655870445345 0.3114754098360656
0 0.409919028340081 0.7079918032786885 0.409919028340081 0.7366803278688525 0.4159919028340081 0.7438524590163934 0.4291497975708502 0.7295081967213115 0.44534412955465585 0.6977459016393442 0.4645748987854251 0.5737704918032787 0.4645748987854251 0.5502049180327869 0.44129554655870445 0.5358606557377049 0.43623481781376516 0.5368852459016393 0.4311740890688259 0.5450819672131147 0.4276315789473684 0.5594262295081968
0 0.4498987854251012 0.6516393442622951 0.4473684210526316 0.7079918032786885 0.4483805668016194 0.7397540983606558 0.4509109311740891 0.7520491803278688 0.4625506072874494 0.7612704918032787 0.47115384615384615 0.7489754098360656 0.4848178137651822 0.5850409836065574 0.47874493927125505 0.548155737704918 0.46153846153846156 0.5522540983606558 0.45445344129554655 0.5983606557377049
0 0.7454453441295547 0.5010245901639344 0.7444331983805668 0.5215163934426229 0.7656882591093117 0.639344262295082 0.7722672064777328 0.6444672131147541 0.7793522267206477 0.6434426229508197 0.7965587044534413 0.6229508196721312 0.8001012145748988 0.6045081967213115 0.8006072874493927 0.5737704918032787 0.7965587044534413 0.4979508196721312 0.7935222672064778 0.48360655737704916 0.7869433198380567 0.4733606557377049 0.756578947368421 0.48258196721311475
0 0.7454453441295547 0.3012295081967213 0.7469635627530364 0.382172131147541 0.7494939271255061 0.41905737704918034 0.7525303643724697 0.430327868852459 0.7596153846153846 0.4375 0.7742914979757085 0.4375 0.7904858299595142 0.42110655737704916 0.792004048582996 0.4098360655737705 0.7818825910931174 0.3411885245901639 0.7667004048582996 0.28688524590163933 0.7591093117408907 0.2776639344262295 0.7515182186234818 0.2858606557377049
0 0.6907894736842105 0.5635245901639344 0.6923076923076923 0.5952868852459017 0.728744939271255 0.680327868852459 0.7580971659919028 0.6844262295081968 0.7646761133603239 0.6813524590163934 0.7646761133603239 0.6659836065573771 0.7317813765182186 0.5440573770491803 0.7282388663967612 0.5399590163934426 0.7211538461538461 0.5430327868852459
0 0.7019230769230769 0.48668032786885246 0.701417004048583 0.5020491803278688 0.7044534412955465 0.5122950819672131 0.7130566801619433 0.5204918032786885 0.7358299595141701 0.5235655737704918 0.7419028340080972 0.5061475409836066 0.7484817813765182 0.4323770491803279 0.7479757085020243 0.3975409836065574 0.736336032388664 0.38524590163934425 0.7282388663967612 0.38524590163934425 0.7039473684210527 0.4713114754098361
0 0.6730769230769231 0.39036885245901637 0.6568825910931174 0.48770491803278687 0.6604251012145749 0.5286885245901639 0.7004048582995951 0.5348360655737705 0.7059716599190283 0.5245901639344263 0.7272267206477733 0.38524590163934425 0.6852226720647774 0.367827868852459 0.6791497975708503 0.3739754098360656
0 0.645242914979757 0.4067622950819672 0.638663967611336 0.5010245901639344 0.6391700404858299 0.5245901639344263 0.6584008097165992 0.5430327868852459 0.6675101214574899 0.5286885245901639 0.6685222672064778 0.36475409836065575 0.6644736842105263 0.35963114754098363 0.6548582995951417 0.36168032786885246
0 0.43876518218623484 0.3473360655737705 0.4423076923076923 0.4969262295081967 0.4509109311740891 0.5112704918032787 0.47115384615384615 0.5030737704918032 0.47621457489878544 0.4969262295081967 0.4767206477732793 0.48565573770491804 0.4625506072874494 0.3452868852459016 0.4549595141700405 0.3401639344262295
0 0.4853238866396761 0.5758196721311475 0.48228744939271256 0.6434426229508197 0.4893724696356275 0.7202868852459017 0.4979757085020243 0.7223360655737705 0.5060728744939271 0.7161885245901639 0.5091093117408907 0.6823770491803278 0.5080971659919028 0.5676229508196722 0.49949392712550605 0.548155737704918 0.49139676113360325 0.5471311475409836 0.4873481781376518 0.5563524590163934
0 0.4741902834008097 0.3442622950819672 0.47115384615384615 0.34938524590163933 0.47115384615384615 0.36577868852459017 0.47520242914979755 0.4651639344262295 0.4782388663967611 0.49077868852459017 0.4868421052631579 0.4918032786885246 0.49898785425101216 0.48155737704918034 0.4984817813765182 0.4108606557377049 0.4924089068825911 0.3524590163934426 0.48582995951417 0.3432377049180328
0 0.4964574898785425 0.35758196721311475 0.4949392712550607 0.3698770491803279 0.4984817813765182 0.48975409836065575 0.5131578947368421 0.4918032786885246 0.5172064777327935 0.48258196721311475 0.5177125506072875 0.4672131147540984 0.5156882591093117 0.3483606557377049 0.5015182186234818 0.3452868852459016
0 0.5167004048582996 0.3780737704918033 0.5172064777327935 0.48668032786885246 0.5298582995951417 0.4969262295081967 0.5374493927125507 0.4979508196721312 0.541497975708502 0.47540983606557374 0.5470647773279352 0.35655737704918034 0.5450404858299596 0.34938524590163933 0.521255060728745 0.3452868852459016 0.5172064777327935 0.35655737704918034
0 0.5086032388663968 0.5563524590163934 0.5091093117408907 0.6823770491803278 0.521255060728745 0.694672131147541 0.5253036437246964 0.6895491803278688 0.5258097165991903 0.6793032786885246 0.5258097165991903 0.5594262295081968 0.5172064777327935 0.5461065573770492
0 0.5167004048582996 0.5440573770491803 0.5222672064777328 0.6659836065573771 0.5253036437246964 0.6875 0.5334008097165992 0.7100409836065574 0.5369433198380567 0.7049180327868853 0.5384615384615384 0.6813524590163934 0.542004048582996 0.5368852459016393 0.5374493927125507 0.5297131147540983 0.5328947368421053 0.5297131147540983
0 0.5399797570850202 0.5942622950819673 0.5394736842105263 0.6813524590163934 0.5450404858299596 0.701844262295082 0.5531376518218624 0.6895491803278688 0.5581983805668016 0.6659836065573771 0.5587044534412956 0.5563524590163934 0.5566801619433198 0.5409836065573771 0.5526315789473685 0.5358606557377049 0.5440283400809717 0.5317622950819673 0.5409919028340081 0.5368852459016393
0 0.541497975708502 0.5676229508196722 0.541497975708502 0.6813524590163934 0.5501012145748988 0.6977459016393442 0.5612348178137652 0.6987704918032787 0.5683198380566802 0.6772540983606558 0.5748987854251012 0.5686475409836066 0.5526315789473685 0.5379098360655737 0.5450404858299596 0.5348360655737705
0 0.5718623481781376 0.6270491803278688 0.5718623481781376 0.6967213114754098 0.5799595141700404 0.7397540983606558 0.583502024291498 0.7520491803278688 0.5875506072874493 0.7551229508196722 0.5926113360323887 0.7448770491803278 0.597165991902834 0.6270491803278688 0.597165991902834 0.5819672131147541 0.5941295546558705 0.5655737704918032 0.5880566801619433 0.555327868852459 0.5759109311740891 0.5686475409836066
0 0.5465587044534413 0.35655737704918034 0.5394736842105263 0.4948770491803279 0.5480769230769231 0.5020491803278688 0.5612348178137652 0.5030737704918032 0.5662955465587044 0.4969262295081967 0.5723684210526315 0.3801229508196721 0.5713562753036437 0.35450819672131145 0.5683198380566802 0.3463114754098361 0.562246963562753 0.3452868852459016
0 0.5708502024291497 0.41598360655737704 0.5673076923076923 0.4979508196721312 0.5718623481781376 0.5040983606557377 0.5875506072874493 0.5010245901639344 0.5915991902834008 0.47438524590163933 0.5931174089068826 0.4323770491803279 0.5910931174089069 0.36577868852459017 0.5875506072874493 0.35348360655737704 0.5804655870445344 0.3514344262295082 0.5779352226720648 0.35655737704918034
0 0.5895748987854251 0.48770491803278687 0.5890688259109311 0.4979508196721312 0.5931174089068826 0.5092213114754098 0.6118421052631579 0.5174180327868853 0.6239878542510121 0.4405737704918033 0.6285425101214575 0.38831967213114754 0.6270242914979757 0.35758196721311475 0.6148785425101214 0.3524590163934426 0.6088056680161943 0.35758196721311475 0.5996963562753036 0.4077868852459016
0 0.6133603238866396 0.4969262295081967 0.6128542510121457 0.5122950819672131 0.6199392712550608 0.5256147540983607 0.6265182186234818 0.5307377049180327 0.6391700404858299 0.5286885245901639 0.6518218623481782 0.36065573770491804 0.6305668016194332 0.35860655737704916 0.6265182186234818 0.36475409836065575
0 0.6259321862348178 0.6172940573770492 0.629626012145749 0.6302254098360656 0.662537955465587 0.7786024590163935 0.6497975708502024 0.6547131147540983 0.6497975708502024 0.5788934426229508 0.6467611336032388 0.5717213114754098 0.6401821862348178 0.5676229508196722 0.617871963562753 0.5710112704918033
0 0.6027327935222672 0.5758196721311475 0.5991902834008097 0.6065573770491803 0.6032388663967612 0.6424180327868853 0.6163967611336032 0.6987704918032787 0.6265182186234818 0.7151639344262295 0.6356275303643725 0.6987704918032787 0.6239878542510121 0.5758196721311475 0.6169028340080972 0.5686475409836066