0 0.340080971659919 0.5092213114754098 0.340080971659919 0.5286885245901639 0.3456477732793522 0.5399590163934426 0.36082995951417 0.5512295081967213 0.3699392712550607 0.5368852459016393 0.3724696356275304 0.5163934426229508 0.3694331983805668 0.44672131147540983 0.35779352226720645 0.4293032786885246 0.3491902834008097 0.4344262295081967
0 0.30111336032388664 0.6372950819672131 0.3016194331983806 0.673155737704918 0.3183198380566802 0.6752049180327869 0.326417004048583 0.6700819672131147 0.34615384615384615 0.6239754098360656 0.35020242914979755 0.6024590163934426 0.3451417004048583 0.5440573770491803 0.3390688259109312 0.5317622950819673 0.32793522267206476 0.5245901639344263 0.3223684210526316 0.5327868852459017 0.305668016194332 0.5952868852459017
0 0.3770242914979757 0.45389344262295084 0.3724696356275304 0.5522540983606558 0.3765182186234818 0.5625 0.3967611336032389 0.569672131147541 0.402834008097166 0.5584016393442623 0.40536437246963564 0.5409836065573771 0.3972672064777328 0.44672131147540983 0.3901821862348178 0.42827868852459017 0.3805668016194332 0.42315573770491804
0 0.333502024291498 0.680327868852459 0.3259109311740891 0.7284836065573771 0.3355263157894737 0.7366803278688525 0.3410931174089069 0.7325819672131147 0.3825910931174089 0.6495901639344263 0.3866396761133603 0.6331967213114754 0.3861336032388664 0.6147540983606558 0.3658906882591093 0.5901639344262295 0.35728744939271256 0.5922131147540983 0.3522267206477733 0.6034836065573771
0 0.4008097165991903 0.45901639344262296 0.39979757085020245 0.48975409836065575 0.4068825910931174 0.5286885245901639 0.4109311740890688 0.5307377049180327 0.42105263157894735 0.5245901639344263 0.42206477732793524 0.5040983606557377 0.4175101214574899 0.48258196721311475 0.4063765182186235 0.4600409836065574
0 0.43016194331983804 0.4774590163934426 0.42054655870445345 0.5706967213114754 0.4225708502024291 0.5881147540983607 0.4271255060728745 0.5952868852459017 0.4397773279352227 0.5911885245901639 0.44686234817813764 0.5758196721311475 0.4483805668016194 0.4487704918032787 0.44635627530364375 0.4385245901639344 0.43724696356275305 0.4385245901639344
0 0.3967611336032389 0.7622950819672131 0.39625506072874495 0.7879098360655737 0.40384615384615385 0.7889344262295082 0.4180161943319838 0.7305327868852459 0.4311740890688259 0.6506147540983607 0.4316801619433198 0.6424180327868853 0.4271255060728745 0.6280737704918032 0.41194331983805665 0.6260245901639344 0.4063765182186235 0.6331967213114754
0 0.430668016194332 0.6495901639344263 0.42105263157894735 0.7909836065573771 0.4276315789473684 0.8165983606557377 0.4316801619433198 0.8135245901639344 0.45394736842105265 0.6680327868852459 0.45394736842105265 0.6588114754098361 0.4438259109311741 0.6383196721311475 0.4326923076923077 0.6403688524590164
0 0.44686234817813764 0.492827868852459 0.44635627530364375 0.5881147540983607 0.4549595141700405 0.6014344262295082 0.4625506072874494 0.6014344262295082 0.4681174089068826 0.5891393442622951 0.4686234817813765 0.5665983606557377 0.4645748987854251 0.4702868852459016 0.4600202429149798 0.4364754098360656 0.45445344129554655 0.4354508196721312 0.4509109311740891 0.4426229508196721
0 0.47115384615384615 0.507172131147541 0.46963562753036436 0.5963114754098361 0.47469635627530365 0.6075819672131147 0.4873481781376518 0.6086065573770492 0.49038461538461536 0.5993852459016393 0.4908906882591093 0.5747950819672131 0.48785425101214575 0.48668032786885246 0.4832995951417004 0.4364754098360656 0.4782388663967611 0.4354508196721312 0.4741902834008097 0.4456967213114754
0 0.4559716599190283 0.6577868852459017 0.4367408906882591 0.7827868852459017 0.43876518218623484 0.8022540983606558 0.44281376518218624 0.8084016393442623 0.45394736842105265 0.7868852459016393 0.4686234817813765 0.7243852459016393 0.4741902834008097 0.6793032786885246 0.47469635627530365 0.6680327868852459 0.47115384615384615 0.6577868852459017 0.4665991902834008 0.6536885245901639
0 0.4645748987854251 0.7756147540983607 0.4640688259109312 0.7889344262295082 0.4686234817813765 0.7971311475409836 0.47368421052631576 0.7961065573770492 0.4772267206477733 0.7868852459016393 0.4949392712550607 0.6772540983606558 0.4939271255060729 0.6659836065573771 0.48431174089068824 0.6618852459016393 0.4782388663967611 0.6618852459016393 0.4767206477732793 0.6659836065573771
0 0.5020242914979757 0.42213114754098363 0.4883603238866397 0.44672131147540983 0.49139676113360325 0.6024590163934426 0.49291497975708504 0.6147540983606558 0.4974696356275304 0.6188524590163934 0.5060728744939271 0.617827868852459 0.5151821862348178 0.6065573770491803 0.5141700404858299 0.42315573770491804
0 0.48026315789473684 0.7674180327868853 0.479251012145749 0.7909836065573771 0.4817813765182186 0.8063524590163934 0.49038461538461536 0.8063524590163934 0.5 0.7807377049180327 0.5035425101214575 0.7602459016393442 0.5126518218623481 0.6680327868852459 0.5116396761133604 0.6608606557377049 0.5050607287449392 0.6588114754098361 0.4944331983805668 0.6649590163934426
0 0.5040485829959515 0.7622950819672131 0.5030364372469636 0.7838114754098361 0.5055668016194332 0.798155737704918 0.513663967611336 0.7971311475409836 0.5293522267206477 0.6905737704918032 0.5293522267206477 0.6649590163934426 0.5126518218623481 0.6649590163934426
0 0.5171153846153846 0.5747950819672131 0.5166093117408908 0.6065573770491803 0.5186336032388663 0.6157786885245902 0.5312854251012146 0.6198770491803278 0.5363461538461538 0.617827868852459 0.5403947368421053 0.6096311475409836 0.5434311740890688 0.5911885245901639 0.5378643724696356 0.4661885245901639 0.528248987854251 0.4661885245901639 0.5226821862348178 0.47848360655737704
0 0.5404858299595142 0.4887295081967213 0.5404858299595142 0.5532786885245902 0.5435222672064778 0.5922131147540983 0.5490890688259109 0.6055327868852459 0.5587044534412956 0.6055327868852459 0.5652834008097166 0.5922131147540983 0.5642712550607287 0.4036885245901639 0.5541497975708503 0.3985655737704918 0.5480769230769231 0.4036885245901639
0 0.5217611336032388 0.7520491803278688 0.521255060728745 0.7909836065573771 0.5268218623481782 0.8002049180327869 0.5328947368421053 0.7991803278688525 0.5445344129554656 0.7315573770491803 0.5495951417004049 0.6772540983606558 0.5460526315789473 0.6690573770491803 0.5303643724696356 0.6670081967213115
0 0.5475708502024291 0.6905737704918032 0.5440283400809717 0.7827868852459017 0.5470647773279352 0.7991803278688525 0.555668016194332 0.805327868852459 0.5632591093117408 0.8043032786885246 0.569331983805668 0.7868852459016393 0.5718623481781376 0.7663934426229508 0.5728744939271255 0.680327868852459 0.5688259109311741 0.6659836065573771 0.5571862348178138 0.6659836065573771 0.5516194331983806 0.673155737704918
0 0.5718623481781376 0.6608606557377049 0.5743927125506073 0.6834016393442623 0.6082995951417004 0.7592213114754098 0.6224696356275303 0.7745901639344263 0.6295546558704453 0.7725409836065574 0.6310728744939271 0.7592213114754098 0.611336032388664 0.6649590163934426 0.6032388663967612 0.6434426229508197 0.5991902834008097 0.639344262295082 0.5905870445344129 0.6413934426229508
0 0.5668016194331984 0.46311475409836067 0.5647773279352226 0.5594262295081968 0.5678137651821862 0.5870901639344263 0.5723684210526315 0.6014344262295082 0.5804655870445344 0.6065573770491803 0.5905870445344129 0.5881147540983607 0.5936234817813765 0.48155737704918034 0.5880566801619433 0.4108606557377049 0.5799595141700404 0.39549180327868855 0.5703441295546559 0.41598360655737704
0 0.5759109311740891 0.4149590163934426 0.5748987854251012 0.4405737704918033 0.583502024291498 0.5881147540983607 0.6072874493927125 0.610655737704918 0.6169028340080972 0.5973360655737705 0.618421052631579 0.5758196721311475 0.6098178137651822 0.4354508196721312 0.603744939271255 0.41188524590163933 0.5991902834008097 0.4057377049180328 0.5799595141700404 0.4057377049180328
0 0.6118421052631579 0.4569672131147541 0.6103238866396761 0.5686475409836066 0.6153846153846154 0.5870901639344263 0.6305668016194332 0.5983606557377049 0.6381578947368421 0.5963114754098361 0.6432186234817814 0.5881147540983607 0.6447368421052632 0.5788934426229508 0.6290485829959515 0.43135245901639346 0.6229757085020243 0.4047131147540984 0.6153846153846154 0.4077868852459016
0 0.6417004048582996 0.5081967213114754 0.638663967611336 0.5512295081967213 0.6406882591093117 0.5706967213114754 0.6619433198380567 0.5758196721311475 0.6786437246963563 0.5686475409836066 0.6837044534412956 0.5594262295081968 0.6852226720647774 0.5327868852459017 0.6811740890688259 0.4036885245901639 0.667004048582996 0.39651639344262296 0.6594129554655871 0.4016393442622951
0 0.6842105263157895 0.4334016393442623 0.6826923076923077 0.4979508196721312 0.687753036437247 0.5235655737704918 0.6988866396761133 0.5338114754098361 0.7246963562753036 0.5092213114754098 0.7246963562753036 0.48565573770491804 0.7044534412955465 0.39241803278688525 0.6897773279352226 0.39139344262295084
0 0.6928137651821862 0.5747950819672131 0.6897773279352226 0.5809426229508197 0.6928137651821862 0.5993852459016393 0.736336032388664 0.6577868852459017 0.7439271255060729 0.6649590163934426 0.7656882591093117 0.6690573770491803 0.7798582995951417 0.6618852459016393 0.7798582995951417 0.6260245901639344 0.7322874493927125 0.5327868852459017 0.7196356275303644 0.5399590163934426