0 0.3476720647773279 0.4651639344262295 0.3491902834008097 0.49385245901639346 0.3638663967611336 0.5102459016393442 0.3689271255060729 0.5133196721311475 0.38208502024291496 0.5 0.3896761133603239 0.4702868852459016 0.3917004048582996 0.44364754098360654 0.38866396761133604 0.36885245901639346 0.3861336032388664 0.36065573770491804 0.3770242914979757 0.35450819672131145 0.3734817813765182 0.36168032786885246 0.3532388663967611 0.4344262295081967
0 0.3825910931174089 0.5092213114754098 0.3815789473684211 0.5245901639344263 0.38461538461538464 0.5409836065573771 0.4063765182186235 0.5573770491803278 0.42105263157894735 0.548155737704918 0.4276315789473684 0.5297131147540983 0.4276315789473684 0.4959016393442623 0.42054655870445345 0.39036885245901637 0.41194331983805665 0.38422131147540983 0.4063765182186235 0.39344262295081966
0 0.3284412955465587 0.38114754098360654 0.32793522267206476 0.4016393442622951 0.3314777327935223 0.42008196721311475 0.3481781376518219 0.42827868852459017 0.35880566801619435 0.41905737704918034 0.3623481781376518 0.3985655737704918 0.3598178137651822 0.36885245901639346 0.3491902834008097 0.3350409836065574 0.3441295546558704 0.3360655737704918 0.333502024291498 0.35348360655737704
0 0.3097165991902834 0.5184426229508197 0.30870445344129555 0.5276639344262295 0.3132591093117409 0.5491803278688525 0.3223684210526316 0.5676229508196722 0.3410931174089069 0.5706967213114754 0.3527327935222672 0.5440573770491803 0.3532388663967611 0.5317622950819673 0.34868421052631576 0.5194672131147541 0.326417004048583 0.492827868852459 0.3142712550607287 0.5020491803278688
0 0.34210526315789475 0.5727459016393442 0.3415991902834008 0.5840163934426229 0.35121457489878544 0.610655737704918 0.36791497975708504 0.625 0.3775303643724696 0.6229508196721312 0.3896761133603239 0.5993852459016393 0.3896761133603239 0.5850409836065574 0.36538461538461536 0.5420081967213115 0.35374493927125505 0.5461065573770492
0 0.3841093117408907 0.6188524590163934 0.3815789473684211 0.6659836065573771 0.395748987854251 0.6844262295081968 0.40789473684210525 0.6772540983606558 0.4200404858299595 0.6506147540983607 0.41953441295546556 0.6342213114754098 0.40789473684210525 0.6209016393442623
0 0.4200404858299595 0.632172131147541 0.42105263157894735 0.7397540983606558 0.42206477732793524 0.7438524590163934 0.42813765182186236 0.7448770491803278 0.4382591093117409 0.7161885245901639 0.451417004048583 0.6270491803278688 0.44483805668016196 0.6065573770491803 0.42611336032388664 0.5983606557377049 0.4225708502024291 0.6045081967213115
0 0.41838613360323884 0.4319344262295082 0.41788006072874495 0.5272213114754098 0.42041042510121457 0.5487377049180328 0.4300258097165992 0.5569344262295082 0.45381123481781377 0.5569344262295082 0.45937803643724695 0.5415655737704917 0.4563415991902834 0.46267213114754097 0.45128087044534415 0.40734426229508197 0.43862904858299595 0.39504918032786884 0.42192864372469635 0.39607377049180326
0 0.472165991902834 0.5440573770491803 0.4731781376518219 0.5594262295081968 0.48633603238866396 0.5727459016393442 0.4924089068825911 0.569672131147541 0.4964574898785425 0.5594262295081968 0.5116396761133604 0.45081967213114754 0.5025303643724697 0.4344262295081967 0.4883603238866397 0.4702868852459016
0 0.4559716599190283 0.4979508196721312 0.4564777327935223 0.5317622950819673 0.465080971659919 0.5379098360655737 0.4757085020242915 0.5368852459016393 0.4817813765182186 0.5102459016393442 0.4782388663967611 0.4026639344262295 0.4660931174089069 0.3975409836065574 0.458502024291498 0.430327868852459
0 0.4726720647773279 0.6157786885245902 0.4772267206477733 0.7407786885245902 0.47874493927125505 0.7510245901639344 0.4817813765182186 0.7530737704918032 0.49038461538461536 0.7161885245901639 0.4959514170040486 0.6127049180327869 0.4898785425101215 0.6034836065573771 0.4817813765182186 0.6024590163934426
0 0.4402834008097166 0.6065573770491803 0.4402834008097166 0.7090163934426229 0.44686234817813764 0.75 0.4549595141700405 0.7540983606557377 0.4640688259109312 0.7448770491803278 0.47115384615384615 0.7243852459016393 0.4731781376518219 0.6260245901639344 0.4706477732793522 0.6157786885245902 0.4519230769230769 0.6004098360655737
0 0.4959514170040486 0.5440573770491803 0.4944331983805668 0.5594262295081968 0.5005060728744939 0.5860655737704918 0.5111336032388664 0.5932377049180327 0.5247975708502024 0.5911885245901639 0.5268218623481782 0.48258196721311475 0.5253036437246964 0.44364754098360654 0.5167004048582996 0.4415983606557377 0.5101214574898786 0.44774590163934425
0 0.4979757085020243 0.6116803278688525 0.4974696356275304 0.6403688524590164 0.5096153846153846 0.7633196721311475 0.5146761133603239 0.7479508196721312 0.5177125506072875 0.6137295081967213 0.5131578947368421 0.5963114754098361 0.5060728744939271 0.5932377049180327 0.5015182186234818 0.5983606557377049
0 0.520748987854251 0.6024590163934426 0.5258097165991903 0.7161885245901639 0.5298582995951417 0.7510245901639344 0.5328947368421053 0.7581967213114754 0.5364372469635628 0.7387295081967213 0.541497975708502 0.6055327868852459 0.5404858299595142 0.5973360655737705 0.5369433198380567 0.5942622950819673 0.521255060728745 0.5952868852459017
0 0.5258097165991903 0.4426229508196721 0.5247975708502024 0.5891393442622951 0.5313765182186235 0.5932377049180327 0.5480769230769231 0.5911885245901639 0.5561740890688259 0.5809426229508197 0.5576923076923077 0.5706967213114754 0.5460526315789473 0.44672131147540983 0.5379554655870445 0.43135245901639346 0.5293522267206477 0.4334016393442623
0 0.5521255060728745 0.3985655737704918 0.5480769230769231 0.4036885245901639 0.5511133603238867 0.4979508196721312 0.5602226720647774 0.5717213114754098 0.5637651821862348 0.5788934426229508 0.5678137651821862 0.5788934426229508 0.582995951417004 0.5604508196721312 0.5819838056680162 0.5327868852459017 0.5652834008097166 0.4026639344262295
0 0.5425101214574899 0.6168032786885246 0.542004048582996 0.6465163934426229 0.5495951417004049 0.7223360655737705 0.5576923076923077 0.7469262295081968 0.562246963562753 0.7510245901639344 0.5662955465587044 0.7325819672131147 0.5673076923076923 0.6301229508196722 0.5592105263157895 0.6096311475409836 0.5480769230769231 0.6086065573770492
0 0.5799595141700404 0.6270491803278688 0.5784412955465587 0.639344262295082 0.5915991902834008 0.7366803278688525 0.5986842105263158 0.7469262295081968 0.603744939271255 0.7479508196721312 0.6072874493927125 0.7438524590163934 0.6082995951417004 0.7305327868852459 0.6082995951417004 0.6188524590163934 0.6017206477732794 0.6055327868852459 0.597165991902834 0.6045081967213115
0 0.576417004048583 0.43135245901639346 0.5754048582995951 0.45081967213114754 0.5794534412955465 0.5461065573770492 0.582995951417004 0.5625 0.5956477732793523 0.5706967213114754 0.604757085020243 0.5502049180327869 0.5946356275303644 0.4108606557377049 0.5875506072874493 0.38729508196721313 0.5809716599190283 0.39651639344262296
0 0.6010425101214575 0.418859631147541 0.5915688259109312 0.4869313524590164 0.5895592105263158 0.5131116803278689 0.5892722672064777 0.5369661885245901 0.600755060728745 0.5648924180327869 0.6148218623481781 0.5718739754098361 0.6257307692307692 0.5491844262295082 0.6237211538461538 0.5160215163934426 0.6182667004048583 0.48634938524590166 0.6265915991902834 0.4549313524590164 0.6286012145748988 0.4229323770491803 0.6199893724696356 0.40722438524590165
0 0.6326204453441295 0.40198770491803276 0.6234342105263158 0.46831352459016395 0.6214245951417003 0.5008944672131147 0.6148218623481781 0.5259118852459016 0.6234342105263158 0.5538381147540984 0.635203947368421 0.5666383196721312 0.6492707489878543 0.5590747950819672 0.6512798582995952 0.5264938524590164 0.6475480769230769 0.49682172131147545 0.6452515182186235 0.46773155737704913 0.6418066801619433 0.43398668032786886 0.6343426113360324 0.40373360655737706 0.6323335020242915 0.3967510245901639
0 0.608873987854251 0.6469559426229508 0.5998942307692308 0.6236547131147541 0.6001811740890689 0.6155092213114753 0.6087935222672065 0.6108555327868853 0.6191280364372469 0.6015461065573771 0.6323335020242915 0.6096915983606557 0.6377874493927126 0.6306362704918033 0.6369266194331984 0.6690358606557377 0.6386487854251012 0.7068524590163935 0.6418066801619433 0.7359426229508197 0.6418066801619433 0.7580512295081967 0.6329073886639676 0.7644508196721312 0.6225728744939271 0.7341977459016393 0.6199893724696356 0.7126700819672132 0.6185536437246963 0.6853258196721312 0.6159701417004049 0.6667079918032787 0.6142474696356275 0.6556536885245902
0 0.6484094129554656 0.6667079918032787 0.6392231781376518 0.6434364754098361 0.6334817813765182 0.6201639344262295 0.6415197368421053 0.6038729508196721 0.65817004048583 0.6085276639344263 0.6610404858299594 0.6294723360655737 0.6604665991902835 0.6480901639344262 0.6610404858299594 0.6585624999999999 0.6518542510121458 0.6672899590163934
0 0.6489832995951418 0.40198770491803276 0.6449645748987854 0.4741311475409836 0.6412327935222673 0.5154395491803279 0.6466867408906883 0.5532561475409835 0.6604665991902835 0.5683831967213114 0.679126012145749 0.5602377049180328 0.6874514170040485 0.5433657786885246 0.6825708502024291 0.510202868852459 0.6768294534412955 0.47238627049180326 0.6713749999999999 0.44387704918032783 0.6607535425101214 0.41711475409836063 0.65817004048583 0.4066424180327869 0.6567343117408907 0.3926793032786885 0.6466867408906883 0.3967510245901639
0 0.6733846153846154 0.37987909836065575 0.6768294534412955 0.4560952868852459 0.6857287449392713 0.49682172131147545 0.697785931174089 0.520094262295082 0.7175936234817814 0.5090399590163934 0.7241963562753037 0.4752950819672131 0.7118522267206477 0.43282377049180326 0.6952024291497976 0.4008237704918033 0.687163967611336 0.3827879098360656
0 0.6877383603238867 0.3449713114754098 0.6834321862348178 0.3752243852459016 0.6917575910931174 0.39849692622950816 0.7009438259109312 0.4095512295081967 0.7115652834008098 0.4112961065573771 0.7293638663967611 0.4031516393442623 0.7345313765182186 0.3758063524590164 0.7359665991902834 0.3542797131147541 0.7244838056680162 0.3280983606557377 0.7130010121457491 0.3182079918032787 0.7029534412955466 0.32228073770491805 0.694628036437247 0.3350799180327869 0.6885996963562753 0.33798975409836063
0 0.7146963562753037 0.6853288934426229 0.6931928137651822 0.651 0.6817100202429149 0.616673155737705 0.674245951417004 0.6009641393442624 0.6699397773279352 0.5835102459016394 0.6880253036437247 0.5631475409836065 0.6963507085020243 0.5584928278688526 0.7055369433198381 0.5561659836065573 0.7144362348178138 0.5730379098360655 0.7201776315789473 0.6038729508196721 0.733956983805668 0.6242366803278688 0.7437176113360324 0.6486721311475411 0.7411336032388665 0.6748534836065574 0.7224741902834008 0.6876526639344263 0.7187424089068826 0.6870717213114754
0 0.6705141700404857 0.6748534836065574 0.6598922064777327 0.6422725409836065 0.6598922064777327 0.6201639344262295 0.666207995951417 0.6120184426229509 0.6802742914979757 0.6184180327868852 0.6857287449392713 0.6486721311475411 0.6828582995951417 0.6701987704918033 0.6762555668016194 0.6777622950819672 0.6751072874493926 0.6771803278688524
0 0.7514686234817815 0.6300543032786885 0.7276411943319838 0.5974733606557378 0.7104170040485831 0.5643104508196722 0.7107039473684211 0.5183483606557377 0.7190293522267206 0.5090399590163934 0.7356796558704454 0.4979856557377049 0.749172064777328 0.529984631147541 0.7603679149797571 0.5660563524590164 0.7672575910931174 0.5939825819672131 0.7606548582995952 0.6230727459016394 0.7526169028340082 0.6335450819672132