0 0.3223684210526316 0.38831967213114754 0.3228744939271255 0.41290983606557374 0.326417004048583 0.4180327868852459 0.34463562753036436 0.4344262295081967 0.3598178137651822 0.430327868852459 0.3623481781376518 0.3770491803278688 0.35880566801619435 0.3012295081967213 0.34969635627530365 0.26639344262295084 0.3431174089068826 0.2694672131147541 0.33856275303643724 0.2786885245901639
0 0.3643724696356275 0.39959016393442626 0.3623481781376518 0.42827868852459017 0.3689271255060729 0.45081967213114754 0.39220647773279355 0.45594262295081966 0.4058704453441296 0.4426229508196721 0.40789473684210525 0.4262295081967213 0.39625506072874495 0.30225409836065575 0.3810728744939271 0.29508196721311475 0.3724696356275304 0.30225409836065575
0 0.4073886639676113 0.30635245901639346 0.40384615384615385 0.46209016393442626 0.4124493927125506 0.47438524590163933 0.4185222672064777 0.47540983606557374 0.4311740890688259 0.45901639344262296 0.4326923076923077 0.4354508196721312 0.4256072874493927 0.3165983606557377 0.423582995951417 0.30020491803278687 0.41953441295546556 0.2899590163934426 0.4089068825910931 0.29713114754098363
0 0.4316801619433198 0.44672131147540983 0.4311740890688259 0.47438524590163933 0.4392712550607287 0.48975409836065575 0.44534412955465585 0.48975409836065575 0.46356275303643724 0.4672131147540984 0.46305668016194335 0.4385245901639344 0.4433198380566802 0.2899590163934426 0.4392712550607287 0.29405737704918034 0.4357287449392713 0.32172131147540983
0 0.46153846153846156 0.2930327868852459 0.458502024291498 0.29713114754098363 0.458502024291498 0.3104508196721312 0.46204453441295545 0.4805327868852459 0.4676113360323887 0.4989754098360656 0.4741902834008097 0.5081967213114754 0.4782388663967611 0.5081967213114754 0.4908906882591093 0.48975409836065575 0.4924089068825911 0.4713114754098361 0.47469635627530365 0.3176229508196721 0.4665991902834008 0.28790983606557374
0 0.4924089068825911 0.39139344262295084 0.49291497975708504 0.48975409836065575 0.5025303643724697 0.5010245901639344 0.5131578947368421 0.4979508196721312 0.5151821862348178 0.49077868852459017 0.513663967611336 0.3452868852459016 0.5080971659919028 0.3114754098360656 0.5005060728744939 0.3125 0.4964574898785425 0.32786885245901637 0.49291497975708504 0.35348360655737704
0 0.5156882591093117 0.30225409836065575 0.5172064777327935 0.4969262295081967 0.520748987854251 0.507172131147541 0.52834008097166 0.5122950819672131 0.5445344129554656 0.5102459016393442 0.548582995951417 0.4979508196721312 0.548582995951417 0.48770491803278687 0.5404858299595142 0.3483606557377049 0.5339068825910931 0.2817622950819672 0.5242914979757085 0.2827868852459016
0 0.5470647773279352 0.2827868852459016 0.5495951417004049 0.4979508196721312 0.5526315789473685 0.5051229508196722 0.5683198380566802 0.5061475409836066 0.5799595141700404 0.4948770491803279 0.5819838056680162 0.4702868852459016 0.5688259109311741 0.3391393442622951 0.5546558704453441 0.2838114754098361 0.5521255060728745 0.2797131147540984
0 0.5713562753036437 0.32786885245901637 0.582995951417004 0.47540983606557374 0.5910931174089069 0.48565573770491804 0.6032388663967612 0.48565573770491804 0.6072874493927125 0.47950819672131145 0.6082995951417004 0.4702868852459016 0.604251012145749 0.4077868852459016 0.5961538461538461 0.35655737704918034 0.5784412955465587 0.3319672131147541
0 0.5668016194331984 0.3043032786885246 0.5662955465587044 0.31864754098360654 0.5784412955465587 0.35758196721311475 0.5880566801619433 0.36065573770491804 0.6032388663967612 0.3473360655737705 0.638663967611336 0.24180327868852458 0.6417004048582996 0.16905737704918034 0.6260121457489879 0.17725409836065573 0.569331983805668 0.29405737704918034
0 0.6067813765182186 0.42418032786885246 0.6072874493927125 0.46209016393442626 0.6108299595141701 0.4713114754098361 0.6275303643724697 0.48463114754098363 0.6401821862348178 0.48155737704918034 0.6538461538461539 0.3135245901639344 0.6417004048582996 0.3094262295081967 0.6239878542510121 0.3145491803278688
0 0.6381578947368421 0.4334016393442623 0.6381578947368421 0.45901639344262296 0.6437246963562753 0.4702868852459016 0.6538461538461539 0.48155737704918034 0.6594129554655871 0.48155737704918034 0.6695344129554656 0.4723360655737705 0.6685222672064778 0.3145491803278688 0.6558704453441295 0.3145491803278688
0 0.6887651821862348 0.29405737704918034 0.6654858299595142 0.4036885245901639 0.6511700404858299 0.4374713114754098 0.6725708502024291 0.46311475409836067 0.7024291497975709 0.4682377049180328 0.7069838056680162 0.46311475409836067 0.7105263157894737 0.44774590163934425 0.7115384615384616 0.3483606557377049 0.6983805668016194 0.2899590163934426
0 0.7160931174089069 0.4016393442622951 0.7125506072874493 0.4334016393442623 0.7130566801619433 0.45081967213114754 0.7282388663967612 0.46311475409836067 0.7484817813765182 0.45389344262295084 0.7555668016194332 0.4415983606557377 0.7575910931174089 0.4262295081967213 0.7520242914979757 0.32479508196721313 0.7479757085020243 0.30635245901639346 0.743421052631579 0.30020491803278687 0.7353238866396761 0.29713114754098363 0.7267206477732794 0.32172131147540983
0 0.7155870445344129 0.5245901639344263 0.7160931174089069 0.5409836065573771 0.7206477732793523 0.5563524590163934 0.7530364372469636 0.6260245901639344 0.7621457489878543 0.6383196721311475 0.7798582995951417 0.6454918032786885 0.7930161943319838 0.6229508196721312 0.7930161943319838 0.6116803278688525 0.7661943319838057 0.5040983606557377 0.7606275303643725 0.4918032786885246 0.7555668016194332 0.48770491803278687 0.7398785425101214 0.48770491803278687 0.7165991902834008 0.5174180327868853
0 0.6720647773279352 0.5215163934426229 0.6730769230769231 0.5491803278688525 0.6918016194331984 0.6577868852459017 0.6958502024291497 0.673155737704918 0.7049595141700404 0.6864754098360656 0.7272267206477733 0.6342213114754098 0.7211538461538461 0.5245901639344263 0.7155870445344129 0.5133196721311475 0.7024291497975709 0.5092213114754098 0.6771255060728745 0.5133196721311475
0 0.6422064777327935 0.5399590163934426 0.638663967611336 0.5522540983606558 0.6543522267206477 0.7049180327868853 0.6619433198380567 0.7295081967213115 0.6771255060728745 0.7274590163934426 0.687753036437247 0.7079918032786885 0.6902834008097166 0.6762295081967213 0.6715587044534413 0.5358606557377049 0.6649797570850202 0.5286885245901639 0.6508097165991903 0.5317622950819673
0 0.6219635627530364 0.5563524590163934 0.6209514170040485 0.6977459016393442 0.6305668016194332 0.7315573770491803 0.6492914979757085 0.7469262295081968 0.6619433198380567 0.7418032786885246 0.6467611336032388 0.5543032786885246 0.6427125506072875 0.548155737704918 0.6305668016194332 0.5440573770491803 0.625 0.5471311475409836
0 0.5951417004048583 0.5594262295081968 0.5951417004048583 0.5891393442622951 0.6072874493927125 0.6741803278688525 0.6189271255060729 0.7131147540983607 0.6265182186234818 0.7131147540983607 0.6305668016194332 0.6895491803278688 0.6199392712550608 0.5563524590163934 0.6163967611336032 0.548155737704918 0.6072874493927125 0.5440573770491803
0 0.569838056680162 0.5942622950819673 0.5678137651821862 0.6577868852459017 0.5703441295546559 0.680327868852459 0.5759109311740891 0.6854508196721312 0.5855263157894737 0.6588114754098361 0.5936234817813765 0.5922131147540983 0.5905870445344129 0.5635245901639344 0.5865384615384616 0.548155737704918 0.5804655870445344 0.5399590163934426 0.5769230769230769 0.548155737704918
0 0.5531376518218624 0.5399590163934426 0.5526315789473685 0.6526639344262295 0.5617408906882592 0.6567622950819673 0.5774291497975709 0.5430327868852459 0.5754048582995951 0.5358606557377049 0.5612348178137652 0.5317622950819673 0.555668016194332 0.5317622950819673
0 0.5323886639676113 0.5276639344262295 0.5318825910931174 0.5450819672131147 0.5389676113360324 0.6342213114754098 0.542004048582996 0.6495901639344263 0.5450404858299596 0.6557377049180327 0.5490890688259109 0.6557377049180327 0.5531376518218624 0.6342213114754098 0.5526315789473685 0.5276639344262295 0.5425101214574899 0.5215163934426229
0 0.5268218623481782 0.548155737704918 0.5091093117408907 0.5676229508196722 0.5091093117408907 0.5829918032786885 0.5268218623481782 0.6577868852459017 0.5334008097165992 0.6639344262295082 0.5404858299595142 0.6608606557377049 0.5425101214574899 0.6485655737704918 0.5328947368421053 0.5522540983606558 0.5298582995951417 0.5461065573770492
0 0.4782388663967611 0.6536885245901639 0.47874493927125505 0.6854508196721312 0.4898785425101215 0.6905737704918032 0.4984817813765182 0.673155737704918 0.5167004048582996 0.5993852459016393 0.5187246963562753 0.5604508196721312 0.5096153846153846 0.5409836065573771 0.4979757085020243 0.5368852459016393 0.49291497975708504 0.5461065573770492
0 0.44635627530364375 0.6895491803278688 0.44635627530364375 0.7008196721311475 0.4509109311740891 0.7028688524590164 0.45799595141700405 0.6956967213114754 0.4716599190283401 0.6577868852459017 0.4888663967611336 0.5727459016393442 0.4883603238866397 0.5614754098360656 0.479251012145749 0.5461065573770492 0.4665991902834008 0.5399590163934426 0.4625506072874494 0.5430327868852459 0.4574898785425101 0.5737704918032787
0 0.43016194331983804 0.5297131147540983 0.41346153846153844 0.6649590163934426 0.41700404858299595 0.6741803278688525 0.42813765182186236 0.6711065573770492 0.43775303643724695 0.6475409836065574 0.46356275303643724 0.5532786885245902 0.46356275303643724 0.5430327868852459 0.4509109311740891 0.5286885245901639 0.4352226720647773 0.5245901639344263
0 0.38461538461538464 0.5061475409836066 0.3633603238866397 0.6331967213114754 0.3841093117408907 0.6834016393442623 0.38866396761133604 0.6854508196721312 0.39979757085020245 0.6680327868852459 0.42965587044534415 0.548155737704918 0.43218623481781376 0.5174180327868853 0.42813765182186236 0.5092213114754098 0.4144736842105263 0.4989754098360656 0.3881578947368421 0.4979508196721312
0 0.31629554655870445 0.5747950819672131 0.31275303643724695 0.5952868852459017 0.31376518218623484 0.610655737704918 0.3456477732793522 0.6034836065573771 0.37955465587044535 0.5409836065573771 0.3866396761133603 0.5010245901639344 0.36133603238866396 0.47438524590163933 0.3466599190283401 0.4661885245901639 0.3410931174089069 0.4692622950819672
0 0.26619433198380565 0.4733606557377049 0.25809716599190285 0.5133196721311475 0.26720647773279355 0.5645491803278688 0.27479757085020245 0.5686475409836066 0.2854251012145749 0.5645491803278688 0.32793522267206476 0.5215163934426229 0.33653846153846156 0.5020491803278688 0.3324898785425101 0.47848360655737704 0.31224696356275305 0.42725409836065575 0.3066801619433198 0.42315573770491804