0 0.29048582995951416 0.4036885245901639 0.2899797570850202 0.44774590163934425 0.2940283400809717 0.47848360655737704 0.3066801619433198 0.5020491803278688 0.319331983805668 0.4979508196721312 0.3269230769230769 0.48360655737704916 0.3314777327935223 0.45389344262295084 0.32793522267206476 0.4180327868852459 0.3284412955465587 0.39549180327868855 0.3223684210526316 0.36475409836065575 0.31983805668016196 0.36065573770491804 0.3208502024291498 0.35655737704918034 0.3142712550607287 0.34938524590163933 0.298582995951417 0.34938524590163933 0.29200404858299595 0.3760245901639344
0 0.27530364372469635 0.514344262295082 0.26568825910931176 0.5840163934426229 0.2667004048582996 0.6157786885245902 0.2783400809716599 0.6290983606557377 0.2813765182186235 0.625 0.29605263157894735 0.6219262295081968 0.3142712550607287 0.5911885245901639 0.319331983805668 0.5327868852459017 0.3132591093117409 0.507172131147541 0.3041497975708502 0.5 0.29453441295546556 0.47848360655737704 0.29048582995951416 0.47848360655737704 0.28441295546558704 0.48565573770491804 0.277834008097166 0.5010245901639344
0 0.32034412955465585 0.5327868852459017 0.3107287449392713 0.6075819672131147 0.3001012145748988 0.6301229508196722 0.3168016194331984 0.6618852459016393 0.3233805668016194 0.6659836065573771 0.33046558704453444 0.6577868852459017 0.3415991902834008 0.6567622950819673 0.35121457489878544 0.6424180327868853 0.3633603238866397 0.5911885245901639 0.3674089068825911 0.5440573770491803 0.3648785425101215 0.5266393442622951 0.3562753036437247 0.5245901639344263 0.3456477732793522 0.5112704918032787 0.33299595141700405 0.5153688524590164 0.32388663967611336 0.5245901639344263
0 0.39220647773279355 0.42418032786885246 0.3932186234817814 0.5368852459016393 0.39473684210526316 0.5450819672131147 0.40030364372469635 0.5522540983606558 0.4084008097165992 0.555327868852459 0.4190283400809717 0.5440573770491803 0.42105263157894735 0.5358606557377049 0.4200404858299595 0.48360655737704916 0.4225708502024291 0.4702868852459016 0.41953441295546556 0.4385245901639344 0.4159919028340081 0.4108606557377049 0.4104251012145749 0.3944672131147541 0.39979757085020245 0.39651639344262296
0 0.41953441295546556 0.3985655737704918 0.42054655870445345 0.5245901639344263 0.423582995951417 0.5461065573770492 0.4326923076923077 0.5563524590163934 0.4433198380566802 0.5409836065573771 0.451417004048583 0.5399590163934426 0.4549595141700405 0.5348360655737705 0.451417004048583 0.5215163934426229 0.4478744939271255 0.4713114754098361 0.4392712550607287 0.39651639344262296 0.43218623481781376 0.3862704918032787 0.43218623481781376 0.3801229508196721 0.43016194331983804 0.3801229508196721
0 0.4407894736842105 0.3760245901639344 0.4392712550607287 0.3801229508196721 0.4418016194331984 0.4415983606557377 0.45040485829959515 0.5112704918032787 0.45394736842105265 0.5317622950819673 0.45799595141700405 0.5409836065573771 0.4681174089068826 0.5440573770491803 0.4772267206477733 0.5174180327868853 0.4782388663967611 0.49385245901639346 0.47520242914979755 0.4487704918032787 0.4665991902834008 0.3770491803278688 0.45951417004048584 0.3729508196721312 0.4569838056680162 0.36475409836065575 0.4590080971659919 0.36065573770491804 0.4549595141700405 0.35655737704918034 0.4498987854251012 0.35963114754098363
0 0.47520242914979755 0.3770491803278688 0.47469635627530365 0.4323770491803279 0.4797570850202429 0.5163934426229508 0.48431174089068824 0.5338114754098361 0.4944331983805668 0.5358606557377049 0.5035425101214575 0.5245901639344263 0.5045546558704453 0.5133196721311475 0.5005060728744939 0.4651639344262295 0.4964574898785425 0.444672131147541 0.4964574898785425 0.36885245901639346 0.49038461538461536 0.35963114754098363 0.4807692307692308 0.35860655737704916 0.4767206477732793 0.36475409836065575
0 0.5007171052631579 0.34411270491803275 0.4993076923076923 0.3760573770491803 0.5041002024291498 0.46048463114754096 0.5032545546558704 0.4850133196721311 0.5052282388663968 0.5249456967213114 0.5177125506072875 0.5256147540983607 0.5328947368421053 0.5245901639344263 0.5339068825910931 0.48258196721311475 0.52834008097166 0.4262295081967213 0.52834008097166 0.39139344262295084 0.5217611336032388 0.36065573770491804 0.5201705465587044 0.33783709016393443
0 0.541497975708502 0.39241803278688525 0.5430161943319838 0.4067622950819672 0.5409919028340081 0.430327868852459 0.5344129554655871 0.4702868852459016 0.534919028340081 0.5215163934426229 0.5404858299595142 0.5327868852459017 0.5561740890688259 0.5307377049180327 0.5612348178137652 0.5174180327868853 0.5637651821862348 0.48360655737704916 0.5632591093117408 0.4600409836065574 0.5662955465587044 0.4354508196721312 0.5678137651821862 0.39036885245901637 0.5647773279352226 0.35655737704918034 0.5566801619433198 0.34938524590163933 0.5526315789473685 0.3524590163934426 0.5435222672064778 0.3739754098360656
0 0.5637651821862348 0.4948770491803279 0.562753036437247 0.5204918032786885 0.5642712550607287 0.5286885245901639 0.5754048582995951 0.5348360655737705 0.5850202429149798 0.5286885245901639 0.5885627530364372 0.5040983606557377 0.5890688259109311 0.42110655737704916 0.5915991902834008 0.39959016393442626 0.5880566801619433 0.36475409836065575 0.5799595141700404 0.3719262295081967 0.576417004048583 0.3862704918032787
0 0.5915991902834008 0.49077868852459017 0.5915991902834008 0.5092213114754098 0.5976720647773279 0.5286885245901639 0.6072874493927125 0.5368852459016393 0.6174089068825911 0.5245901639344263 0.6169028340080972 0.5204918032786885 0.6199392712550608 0.5133196721311475 0.6194331983805668 0.45286885245901637 0.6224696356275303 0.4036885245901639 0.6204453441295547 0.35758196721311475 0.6169028340080972 0.35040983606557374 0.6123481781376519 0.35040983606557374 0.6012145748987854 0.38729508196721313
0 0.6138663967611336 0.48360655737704916 0.6128542510121457 0.5102459016393442 0.6163967611336032 0.5245901639344263 0.6285425101214575 0.5297131147540983 0.6356275303643725 0.5420081967213115 0.638663967611336 0.5420081967213115 0.6472672064777328 0.5245901639344263 0.6477732793522267 0.4918032786885246 0.645242914979757 0.4774590163934426 0.6447368421052632 0.45389344262295084 0.646255060728745 0.4354508196721312 0.6477732793522267 0.4344262295081967 0.645242914979757 0.42725409836065575 0.645748987854251 0.40061475409836067 0.6427125506072875 0.3790983606557377 0.6305668016194332 0.3729508196721312 0.6265182186234818 0.3801229508196721 0.6260121457489879 0.39344262295081966 0.6224696356275303 0.4057377049180328 0.6209514170040485 0.4415983606557377
0 0.6422064777327935 0.42725409836065575 0.6422064777327935 0.5215163934426229 0.6447368421052632 0.5256147540983607 0.6578947368421053 0.5276639344262295 0.6619433198380567 0.5317622950819673 0.6730769230769231 0.5245901639344263 0.6751012145748988 0.5184426229508197 0.6715587044534413 0.4456967213114754 0.6730769230769231 0.4344262295081967 0.6659919028340081 0.4036885245901639 0.6523279352226721 0.38729508196721313 0.6477732793522267 0.38729508196721313
0 0.6629554655870445 0.5368852459016393 0.6639676113360324 0.5758196721311475 0.6725708502024291 0.5942622950819673 0.6771255060728745 0.5983606557377049 0.6781376518218624 0.617827868852459 0.6766194331983806 0.6260245901639344 0.6826923076923077 0.6352459016393442 0.6928137651821862 0.673155737704918 0.7039473684210527 0.6813524590163934 0.7125506072874493 0.6752049180327869 0.6938259109311741 0.5881147540983607 0.687246963562753 0.5338114754098361 0.6685222672064778 0.5245901639344263 0.6639676113360324 0.5286885245901639
0 0.6887651821862348 0.5204918032786885 0.687753036437247 0.5327868852459017 0.6953441295546559 0.5829918032786885 0.6997302631578947 0.5918719262295082 0.7029352226720648 0.6116803278688525 0.715080971659919 0.6495901639344263 0.7206477732793523 0.6618852459016393 0.7302252024291498 0.6525604508196722 0.7213755060728746 0.5884477459016394 0.7413967611336032 0.6465163934426229 0.7515182186234818 0.6352459016393442 0.7515182186234818 0.6147540983606558 0.729757085020243 0.507172131147541 0.7201417004048583 0.4979508196721312 0.7036098178137652 0.5102459016393442 0.6933198380566802 0.5092213114754098
0 0.7322874493927125 0.5020491803278688 0.7317813765182186 0.5163934426229508 0.7368421052631579 0.548155737704918 0.742914979757085 0.5676229508196722 0.7530364372469636 0.5850409836065574 0.7545546558704453 0.5911885245901639 0.763625 0.6106741803278689 0.771255060728745 0.6157786885245902 0.7798582995951417 0.6137295081967213 0.7854251012145749 0.5952868852459017 0.7889676113360324 0.5594262295081968 0.7859311740890689 0.5286885245901639 0.7742914979757085 0.48360655737704916 0.7697368421052632 0.47540983606557374 0.7611336032388664 0.4692622950819672 0.7540485829959515 0.47540983606557374 0.7525303643724697 0.48155737704918034 0.736336032388664 0.48975409836065575
0 0.7236842105263158 0.4180327868852459 0.7231781376518218 0.45799180327868855 0.7317813765182186 0.47438524590163933 0.7398785425101214 0.47950819672131145 0.7586032388663968 0.4672131147540984 0.763663967611336 0.44979508196721313 0.763663967611336 0.42008196721311475 0.756578947368421 0.35963114754098363 0.7520242914979757 0.3524590163934426 0.7474696356275303 0.3524590163934426 0.7398785425101214 0.36065573770491804
0 0.652834008097166 0.5983606557377049 0.6538461538461539 0.6301229508196722 0.6553643724696356 0.6383196721311475 0.6604251012145749 0.6454918032786885 0.6624493927125507 0.6649590163934426 0.6700404858299596 0.6885245901639344 0.6816801619433198 0.7008196721311475 0.6842105263157895 0.6967213114754098 0.6837044534412956 0.6885245901639344 0.6740890688259109 0.6536885245901639 0.6700404858299596 0.5881147540983607 0.6614372469635628 0.576844262295082 0.6538461538461539 0.5881147540983607
0 0.6219635627530364 0.5655737704918032 0.6214574898785425 0.5819672131147541 0.6285425101214575 0.6280737704918032 0.638663967611336 0.7315573770491803 0.6437246963562753 0.742827868852459 0.6513157894736842 0.7315573770491803 0.6518218623481782 0.5706967213114754 0.6497975708502024 0.5614754098360656 0.6356275303643725 0.5491803278688525
0 0.59665991902834 0.569672131147541 0.6007085020242915 0.6987704918032787 0.6072874493927125 0.7592213114754098 0.6108299595141701 0.7786885245901639 0.6158906882591093 0.7838114754098361 0.6209514170040485 0.7469262295081968 0.6209514170040485 0.6219262295081968 0.6234817813765182 0.5993852459016393 0.6219635627530364 0.5635245901639344 0.6163967611336032 0.5543032786885246 0.6077935222672065 0.5512295081967213
0 0.5657894736842105 0.5665983606557377 0.5647773279352226 0.6229508196721312 0.5723684210526315 0.6475409836065574 0.5799595141700404 0.7079918032786885 0.582995951417004 0.7131147540983607 0.5910931174089069 0.7120901639344263 0.5956477732793523 0.6926229508196722 0.5931174089068826 0.6864754098360656 0.5890688259109311 0.6495901639344263 0.5910931174089069 0.6424180327868853 0.5895748987854251 0.5676229508196722 0.5860323886639676 0.5594262295081968 0.5759109311740891 0.5532786885245902 0.5678137651821862 0.5594262295081968
0 0.5151821862348178 0.5604508196721312 0.5172064777327935 0.7110655737704918 0.520748987854251 0.7213114754098361 0.5328947368421053 0.7254098360655737 0.5359311740890689 0.6342213114754098 0.5344129554655871 0.5594262295081968 0.52834008097166 0.5502049180327869 0.5182186234817814 0.5532786885245902
0 0.49139676113360325 0.5645491803278688 0.49190283400809715 0.6465163934426229 0.4974696356275304 0.7284836065573771 0.5050607287449392 0.7438524590163934 0.5096153846153846 0.7469262295081968 0.5121457489878543 0.7438524590163934 0.5106275303643725 0.7387295081967213 0.5126518218623481 0.6495901639344263 0.5116396761133604 0.5706967213114754 0.5075910931174089 0.5614754098360656
0 0.4645748987854251 0.5758196721311475 0.4640688259109312 0.6260245901639344 0.4665991902834008 0.673155737704918 0.4757085020242915 0.7202868852459017 0.4797570850202429 0.7592213114754098 0.48279352226720645 0.7674180327868853 0.4939271255060729 0.7592213114754098 0.4944331983805668 0.7182377049180327 0.4888663967611336 0.5911885245901639 0.4848178137651822 0.5727459016393442 0.47874493927125505 0.5665983606557377 0.4681174089068826 0.5686475409836066
0 0.43724696356275305 0.6075819672131147 0.4367408906882591 0.6618852459016393 0.4402834008097166 0.6844262295081968 0.44281376518218624 0.7264344262295082 0.4473684210526316 0.7346311475409836 0.4574898785425101 0.7254098360655737 0.458502024291498 0.7100409836065574 0.46204453441295545 0.7008196721311475 0.465080971659919 0.6547131147540983 0.4640688259109312 0.5829918032786885 0.46204453441295545 0.576844262295082 0.4524291497975709 0.5676229508196722 0.4423076923076923 0.5676229508196722
0 0.4089068825910931 0.5758196721311475 0.409919028340081 0.6536885245901639 0.4159919028340081 0.7202868852459017 0.42105263157894735 0.7213114754098361 0.4331983805668016 0.701844262295082 0.4367408906882591 0.6905737704918032 0.4367408906882591 0.6495901639344263 0.4433198380566802 0.5717213114754098 0.4251012145748988 0.5645491803278688 0.41143724696356276 0.569672131147541
0 0.3658906882591093 0.5645491803278688 0.3638663967611336 0.6116803278688525 0.3522267206477733 0.6854508196721312 0.35728744939271256 0.6885245901639344 0.36133603238866396 0.6997950819672131 0.3709514170040486 0.7028688524590164 0.37803643724696356 0.6844262295081968 0.38360323886639675 0.6618852459016393 0.3825910931174089 0.6526639344262295 0.38714574898785425 0.6372950819672131 0.3952429149797571 0.6127049180327869 0.40131578947368424 0.6065573770491803 0.4063765182186235 0.5676229508196722 0.40536437246963564 0.5594262295081968 0.38714574898785425 0.5430327868852459 0.37044534412955465 0.5522540983606558
0 0.3841093117408907 0.6465163934426229 0.3810728744939271 0.6813524590163934 0.38208502024291496 0.7192622950819673 0.3881578947368421 0.7295081967213115 0.39625506072874495 0.7284836065573771 0.4068825910931174 0.7090163934426229 0.4104251012145749 0.673155737704918 0.40941295546558704 0.5676229508196722 0.40789473684210525 0.5645491803278688 0.4033400809716599 0.5676229508196722 0.3992914979757085 0.5788934426229508