0 0.3856275303643725 0.5102459016393442 0.3851214574898785 0.5297131147540983 0.38714574898785425 0.5389344262295082 0.39220647773279355 0.5502049180327869 0.39625506072874495 0.5512295081967213 0.40941295546558704 0.5389344262295082 0.41700404858299595 0.514344262295082 0.4175101214574899 0.49385245901639346 0.4144736842105263 0.45952868852459017 0.41548582995951416 0.43135245901639346 0.4109311740890688 0.38422131147540983 0.40789473684210525 0.3729508196721312 0.3992914979757085 0.3739754098360656 0.39625506072874495 0.38114754098360654
0 0.41346153846153844 0.3760245901639344 0.4144736842105263 0.4672131147540984 0.4175101214574899 0.49385245901639346 0.41346153846153844 0.5389344262295082 0.41953441295546556 0.5563524590163934 0.423582995951417 0.5563524590163934 0.4352226720647773 0.5420081967213115 0.4407894736842105 0.5286885245901639 0.43623481781376516 0.39241803278688525 0.42965587044534415 0.36065573770491804 0.41953441295546556 0.3555327868852459 0.4149797570850202 0.36065573770491804
0 0.4331983805668016 0.34938524590163933 0.4402834008097166 0.4412571721311475 0.4418016194331984 0.5420081967213115 0.444331983805668 0.5522540983606558 0.45546558704453444 0.5563524590163934 0.46963562753036436 0.5440573770491803 0.4716599190283401 0.5092213114754098 0.46356275303643724 0.4405737704918033 0.4473684210526316 0.36475409836065575 0.4438259109311741 0.35758196721311475 0.43775303643724695 0.35450819672131145 0.4352226720647773 0.3422131147540984
0 0.4868421052631579 0.4569672131147541 0.48785425101214575 0.48360655737704916 0.48228744939271256 0.5245901639344263 0.48431174089068824 0.5491803278688525 0.49038461538461536 0.5573770491803278 0.5060728744939271 0.5594262295081968 0.5086032388663968 0.5563524590163934 0.5106275303643725 0.5409836065573771 0.5146761133603239 0.3801229508196721 0.5131578947368421 0.36475409836065575 0.506578947368421 0.35348360655737704 0.5005060728744939 0.36065573770491804 0.4934210526315789 0.38422131147540983
0 0.5237854251012146 0.5081967213114754 0.5232793522267206 0.5491803278688525 0.5247975708502024 0.5522540983606558 0.5323886639676113 0.5563524590163934 0.5465587044534413 0.5563524590163934 0.5501012145748988 0.5522540983606558 0.5536437246963563 0.5245901639344263 0.5506543522267207 0.483890368852459 0.5526315789473685 0.3319672131147541 0.5440283400809717 0.29405737704918034 0.5404858299595142 0.29405737704918034 0.534919028340081 0.3360655737704918 0.5323886639676113 0.33811475409836067
0 0.5546558704453441 0.4067622950819672 0.5526315789473685 0.5409836065573771 0.5592105263157895 0.5512295081967213 0.569331983805668 0.5491803278688525 0.576417004048583 0.5399590163934426 0.5789473684210527 0.5215163934426229 0.576417004048583 0.49077868852459017 0.5784412955465587 0.4395491803278688 0.5738866396761133 0.39241803278688525 0.5779352226720648 0.3862704918032787 0.5733805668016194 0.3555327868852459 0.5673076923076923 0.3524590163934426 0.5602226720647774 0.35758196721311475 0.5561740890688259 0.3801229508196721
0 0.5789473684210527 0.45081967213114754 0.5759109311740891 0.48565573770491804 0.5789473684210527 0.5276639344262295 0.5895748987854251 0.5450819672131147 0.6002024291497976 0.5471311475409836 0.6067813765182186 0.5235655737704918 0.604757085020243 0.3944672131147541 0.6072874493927125 0.35348360655737704 0.6032388663967612 0.3442622950819672 0.5956477732793523 0.3442622950819672 0.5921052631578947 0.35348360655737704
0 0.6027327935222672 0.47950819672131145 0.6017206477732794 0.5061475409836066 0.6098178137651822 0.5225409836065574 0.6255060728744939 0.5379098360655737 0.6330971659919028 0.5297131147540983 0.6366396761133604 0.5020491803278688 0.6305668016194332 0.4354508196721312 0.6310728744939271 0.39139344262295084 0.6336032388663968 0.38831967213114754 0.6265182186234818 0.3719262295081967 0.6158906882591093 0.3770491803278688
0 0.6300607287449392 0.42110655737704916 0.6285425101214575 0.48975409836065575 0.6305668016194332 0.5061475409836066 0.6396761133603239 0.5225409836065574 0.65334008097166 0.5317622950819673 0.6584008097165992 0.5286885245901639 0.6629554655870445 0.5163934426229508 0.6629554655870445 0.4979508196721312 0.6538461538461539 0.430327868852459 0.6497975708502024 0.35655737704918034 0.646255060728745 0.3442622950819672 0.638663967611336 0.35655737704918034
0 0.7246963562753036 0.5020491803278688 0.7236842105263158 0.5153688524590164 0.7272267206477733 0.5348360655737705 0.736336032388664 0.5522540983606558 0.7520242914979757 0.6075819672131147 0.7591093117408907 0.6229508196721312 0.7742914979757085 0.6362704918032787 0.7808704453441295 0.6352459016393442 0.7854251012145749 0.6209016393442623 0.7839068825910931 0.6096311475409836 0.7719134615384615 0.5706926229508197 0.7848638663967612 0.5881618852459017 0.798582995951417 0.5922131147540983 0.7995951417004049 0.5788934426229508 0.7717611336032388 0.47438524590163933 0.7672064777327935 0.4682377049180328 0.763663967611336 0.4702868852459016 0.757085020242915 0.47848360655737704 0.7353238866396761 0.48975409836065575
0 0.680161943319838 0.5358606557377049 0.6776315789473685 0.5409836065573771 0.680161943319838 0.5747950819672131 0.6912955465587044 0.610655737704918 0.6998987854251012 0.6280737704918032 0.7044534412955465 0.6465163934426229 0.7201417004048583 0.680327868852459 0.7307692307692307 0.6967213114754098 0.7393724696356275 0.7008196721311475 0.7484817813765182 0.6967213114754098 0.7596153846153846 0.6813524590163934 0.7601214574898786 0.6567622950819673 0.7550607287449392 0.6444672131147541 0.7515182186234818 0.6219262295081968 0.7444331983805668 0.6116803278688525 0.7393724696356275 0.5942622950819673 0.7226720647773279 0.5163934426229508 0.7155870445344129 0.5122950819672131
0 0.6214574898785425 0.5584016393442623 0.6209514170040485 0.576844262295082 0.6346153846153846 0.610655737704918 0.6538461538461539 0.6864754098360656 0.6594129554655871 0.6915983606557377 0.6725708502024291 0.7274590163934426 0.6776315789473685 0.7336065573770492 0.6852226720647774 0.7315573770491803 0.6625167004048583 0.6503381147540984 0.6713775303643725 0.6416034836065574 0.7115384615384616 0.7274590163934426 0.7186234817813765 0.7213114754098361 0.7191295546558705 0.7110655737704918 0.7138638663967611 0.6981465163934426 0.6963562753036437 0.6526639344262295 0.6923076923076923 0.6413934426229508 0.6745951417004049 0.5409836065573771 0.6619433198380567 0.5399590163934426 0.6442307692307693 0.5563524590163934 0.6275303643724697 0.548155737704918 0.6239878542510121 0.5502049180327869
0 0.5748987854251012 0.5911885245901639 0.5738866396761133 0.6147540983606558 0.5769230769230769 0.6588114754098361 0.5870445344129555 0.7172131147540983 0.5956477732793523 0.7479508196721312 0.6025075910931175 0.7623514344262294 0.603744939271255 0.7254098360655737 0.6052631578947368 0.701844262295082 0.6002024291497976 0.5952868852459017 0.5875506072874493 0.5747950819672131
0 0.5536437246963563 0.5778688524590164 0.5521255060728745 0.6055327868852459 0.5561740890688259 0.6967213114754098 0.5607287449392713 0.7274590163934426 0.5637651821862348 0.7305327868852459 0.5657894736842105 0.7438524590163934 0.569331983805668 0.7448770491803278 0.5718623481781376 0.7377049180327869 0.5754048582995951 0.7008196721311475 0.5733805668016194 0.6403688524590164 0.5748987854251012 0.5870901639344263 0.5718623481781376 0.5788934426229508 0.5602226720647774 0.5717213114754098
0 0.5313765182186235 0.5819672131147541 0.5369433198380567 0.6895491803278688 0.5394736842105263 0.7110655737704918 0.5450404858299596 0.7325819672131147 0.548582995951417 0.7284836065573771 0.5526315789473685 0.7059426229508197 0.5511133603238867 0.5932377049180327 0.548582995951417 0.5717213114754098 0.5440283400809717 0.5747950819672131 0.5369433198380567 0.569672131147541 0.5374493927125507 0.5727459016393442
0 0.5121457489878543 0.5799180327868853 0.5156882591093117 0.6577868852459017 0.521255060728745 0.7120901639344263 0.5253036437246964 0.7315573770491803 0.5334008097165992 0.742827868852459 0.5323886639676113 0.7325819672131147 0.5374493927125507 0.7079918032786885 0.5303643724696356 0.5809426229508197 0.5187246963562753 0.5665983606557377 0.5156882591093117 0.5676229508196722
0 0.49291497975708504 0.5911885245901639 0.49898785425101216 0.7120901639344263 0.5040485829959515 0.7284836065573771 0.5146761133603239 0.7305327868852459 0.5192307692307693 0.6956967213114754 0.513663967611336 0.6065573770491803 0.5106275303643725 0.5932377049180327
0 0.46963562753036436 0.6034836065573771 0.46963562753036436 0.6936475409836066 0.4716599190283401 0.7161885245901639 0.47469635627530365 0.7213114754098361 0.4757085020242915 0.7551229508196722 0.47368421052631576 0.7602459016393442 0.4817813765182186 0.7704918032786885 0.49291497975708504 0.7715163934426229 0.4944331983805668 0.7674180327868853 0.4934210526315789 0.7448770491803278 0.4964574898785425 0.735655737704918 0.4979757085020243 0.7090163934426229 0.4939271255060729 0.6065573770491803 0.49291497975708504 0.5993852459016393 0.4888663967611336 0.5942622950819673
0 0.4397773279352227 0.6147540983606558 0.43775303643724695 0.6577868852459017 0.4418016194331984 0.6752049180327869 0.4424473684210526 0.6916987704918033 0.4418016194331984 0.711577868852459 0.43876518218623484 0.7520491803278688 0.44888663967611336 0.7694672131147541 0.451417004048583 0.7694672131147541 0.46356275303643724 0.7028688524590164 0.465080971659919 0.6516393442622951 0.46963562753036436 0.6311475409836066 0.4691295546558704 0.6198770491803278 0.4625506072874494 0.6065573770491803 0.44686234817813764 0.6075819672131147
0 0.40536437246963564 0.6260245901639344 0.40030364372469635 0.7469262295081968 0.4018218623481781 0.7756147540983607 0.4043522267206478 0.7940573770491803 0.4180161943319838 0.7940573770491803 0.4311740890688259 0.7213114754098361 0.4326923076923077 0.6915983606557377 0.44129554655870445 0.6260245901639344 0.43775303643724695 0.6024590163934426 0.4276315789473684 0.5952868852459017 0.4144736842105263 0.5993852459016393
0 0.3598178137651822 0.5829918032786885 0.3532388663967611 0.6424180327868853 0.3324898785425101 0.7315573770491803 0.3456477732793522 0.7366803278688525 0.35931174089068824 0.7161885245901639 0.3736492914979757 0.6679334016393443 0.37044534412955465 0.7213114754098361 0.36538461538461536 0.7602459016393442 0.3684210526315789 0.7653688524590164 0.3765182186234818 0.7653688524590164 0.38360323886639675 0.7510245901639344 0.38714574898785425 0.735655737704918 0.41194331983805665 0.6096311475409836 0.4139676113360324 0.5747950819672131 0.4109311740890688 0.5676229508196722 0.40030364372469635 0.5706967213114754 0.38866396761133604 0.5584016393442623 0.3800607287449393 0.5584016393442623 0.3765182186234818 0.5594262295081968 0.37449392712550605 0.5655737704918032 0.3638663967611336 0.5676229508196722
0 0.3157894736842105 0.5297131147540983 0.3066801619433198 0.5809426229508197 0.284919028340081 0.6598360655737705 0.2854251012145749 0.680327868852459 0.29453441295546556 0.6967213114754098 0.31376518218623484 0.7192622950819673 0.3188259109311741 0.7172131147540983 0.3309716599190283 0.6854508196721312 0.33653846153846156 0.6577868852459017 0.3481781376518219 0.6290983606557377 0.3623481781376518 0.5706967213114754 0.3623481781376518 0.5430327868852459 0.35728744939271256 0.5276639344262295 0.3456477732793522 0.5358606557377049 0.33451417004048584 0.5235655737704918 0.32388663967611336 0.5194672131147541
0 0.26214574898785425 0.5635245901639344 0.2606275303643725 0.5829918032786885 0.26720647773279355 0.6311475409836066 0.270748987854251 0.6424180327868853 0.28289473684210525 0.6413934426229508 0.2950404858299595 0.6260245901639344 0.31275303643724695 0.5522540983606558 0.319331983805668 0.5194672131147541 0.319331983805668 0.5092213114754098 0.31224696356275305 0.492827868852459 0.29200404858299595 0.48360655737704916 0.2793522267206478 0.4713114754098361 0.2758097165991903 0.4733606557377049 0.2692307692307692 0.48975409836065575