0 0.348081983805668 0.6256526639344262 0.36736690283400814 0.5327715163934427 0.37235829959514166 0.484031762295082 0.3787105263157895 0.4573627049180328 0.3995835020242915 0.44954610655737703 0.40979301619433195 0.4550635245901639 0.4175065789473684 0.4844918032786885 0.4102464574898786 0.5120799180327869 0.4048016194331984 0.5557612704918032 0.3986761133603239 0.5999036885245901 0.38710526315789473 0.6454241803278689 0.3784838056680162 0.6569190573770493 0.3662322874493927 0.6656557377049179 0.3533001012145749 0.6527807377049181 0.3483092105263158 0.6389866803278688
0 0.3248527327935223 0.2803924180327869 0.3323400809716599 0.3438452868852459 0.3318861336032389 0.3718934426229508 0.32780212550607285 0.4128165983606557 0.32916346153846154 0.44408401639344264 0.3384655870445344 0.46891290983606554 0.3534392712550607 0.4730512295081967 0.36523734817813763 0.45281967213114754 0.3643294534412955 0.42936987704918034 0.35979200404858297 0.4036209016393443 0.35843066801619433 0.3801700819672131 0.36092661943319837 0.351202868852459 0.35933856275303644 0.33097131147540987 0.35117054655870444 0.30292315573770495 0.3457257085020243 0.2854497950819672 0.33574291497975706 0.2734948770491803 0.32916346153846154 0.2725758196721311
0 0.38197823886639676 0.2522141393442623 0.37381072874493926 0.3152079918032787 0.36813866396761136 0.34601536885245904 0.36723127530364374 0.3763616803278689 0.365415991902834 0.4016516393442623 0.36496204453441294 0.4264815573770492 0.36632338056680164 0.44211475409836065 0.3849276315789473 0.4490112704918033 0.3951371457489879 0.447172131147541 0.4017165991902834 0.4347581967213115 0.40534665991902835 0.41268750000000004 0.40511943319838056 0.3887766393442623 0.40307793522267205 0.3538319672131147 0.4001285425101215 0.31934631147540987 0.3999013157894737 0.28256147540983606 0.3994478744939271 0.2586516393442623 0.39672520242914977 0.2402592213114754 0.3896918016194332 0.23520081967213116 0.38333957489878545 0.2485358606557377
0 0.408539979757085 0.3479456967213115 0.4192029352226721 0.39668545081967216 0.4230602226720648 0.44082684426229507 0.42351366396761136 0.47807069672131147 0.4257823886639676 0.49830225409836065 0.4387145748987854 0.5006014344262295 0.45096609311740893 0.4716342213114754 0.45709159919028336 0.45462090163934427 0.4555035425101215 0.4238135245901639 0.4477894736842105 0.38840881147540984 0.44461336032388665 0.35346311475409836 0.4393952429149798 0.3240358606557377 0.42737044534412955 0.2927684426229508 0.4178415991902834 0.29046926229508196 0.410581983805668 0.31162090163934425 0.4067246963562753 0.3336915983606557
0 0.44720293522267207 0.3092551229508197 0.44289220647773275 0.34098155737704916 0.4449342105263158 0.3653514344262295 0.44538765182186235 0.3800655737704918 0.4537823886639676 0.37684733606557375 0.4628572874493927 0.3727090163934426 0.4642186234817814 0.36627151639344263 0.46013461538461536 0.3345440573770492 0.4517403846153846 0.31431352459016393 0.45037904858299593 0.3106342213114754
0 0.44483805668016196 0.49385245901639346 0.444331983805668 0.6588114754098361 0.44686234817813764 0.6670081967213115 0.4519230769230769 0.6721311475409836 0.45951417004048584 0.6649590163934426 0.46305668016194335 0.6475409836065574 0.46710526315789475 0.48975409836065575 0.4640688259109312 0.48463114754098363 0.45799595141700405 0.48360655737704916
0 0.4741902834008097 0.5184426229508197 0.4716599190283401 0.6239754098360656 0.4741902834008097 0.6372950819672131 0.479251012145749 0.6372950819672131 0.4848178137651822 0.6301229508196722 0.4883603238866397 0.6127049180327869 0.49291497975708504 0.5594262295081968 0.4944331983805668 0.5010245901639344 0.4777327935222672 0.4969262295081967 0.47520242914979755 0.5030737704918032
0 0.47621457489878544 0.3319672131147541 0.47469635627530365 0.4262295081967213 0.47115384615384615 0.4702868852459016 0.4741902834008097 0.47950819672131145 0.49190283400809715 0.48360655737704916 0.49544534412955465 0.47540983606557374 0.4939271255060729 0.3401639344262295 0.49291497975708504 0.31864754098360654 0.4873481781376518 0.29815573770491804 0.48431174089068824 0.29815573770491804 0.48431174089068824 0.30327868852459017 0.4812753036437247 0.30635245901639346 0.48228744939271256 0.3125
0 0.49898785425101216 0.33709016393442626 0.4984817813765182 0.47950819672131145 0.5010121457489879 0.48668032786885246 0.5151821862348178 0.49077868852459017 0.5227732793522267 0.47950819672131145 0.5258097165991903 0.4672131147540984 0.5258097165991903 0.34938524590163933 0.5172064777327935 0.2858606557377049 0.5086032388663968 0.28688524590163933 0.49949392712550605 0.32172131147540983
0 0.49949392712550605 0.5204918032786885 0.49949392712550605 0.5297131147540983 0.4949392712550607 0.5491803278688525 0.49696356275303644 0.5717213114754098 0.4959514170040486 0.6116803278688525 0.5025303643724697 0.6168032786885246 0.5055668016194332 0.6147540983606558 0.5141700404858299 0.5840163934426229 0.5161943319838057 0.5348360655737705 0.5156882591093117 0.5204918032786885 0.5131578947368421 0.5133196721311475 0.5010121457489879 0.5153688524590164
0 0.5133345141700405 0.6288965163934426 0.5148861336032389 0.587233606557377 0.5168254048582995 0.5483217213114755 0.5212859311740891 0.523952868852459 0.5375764170040486 0.5105891393442623 0.5451401821862347 0.5200225409836066 0.5400976720647773 0.5506803278688526 0.53234008097166 0.5789795081967213 0.532922064777328 0.5962735655737704 0.5344736842105262 0.612780737704918 0.5327282388663968 0.6347920081967213 0.523419028340081 0.6434385245901639
0 0.5465283400809717 0.28395696721311475 0.5360561740890689 0.3334805327868852 0.5329529352226721 0.3743575819672131 0.5321771255060729 0.40619467213114757 0.5273289473684211 0.43921004098360655 0.5248076923076923 0.48165881147540984 0.5244200404858299 0.48952049180327867 0.5370258097165992 0.4973811475409836 0.5552555668016194 0.4962018442622951 0.5554498987854251 0.48165881147540984 0.5544797570850203 0.4262397540983606 0.554674089068826 0.3865420081967213 0.5560313765182187 0.35116803278688524 0.5560313765182187 0.3146147540983607 0.5548679149797572 0.2823852459016393 0.5502135627530365 0.2741311475409836
0 0.545376012145749 0.5166106557377049 0.5622484817813764 0.5150389344262295 0.5703937246963563 0.5264375 0.5639939271255061 0.5743883196721311 0.5603092105263158 0.6085840163934426 0.5531330971659919 0.6286290983606557 0.5492545546558705 0.6423852459016393 0.5389762145748989 0.6467090163934426 0.5376184210526316 0.6282356557377049 0.5376184210526316 0.6074047131147541 0.538588056680162 0.5830358606557378 0.5399458502024291 0.5625973360655738 0.5422727732793522 0.5456967213114754 0.5434367408906882 0.5272233606557377
0 0.5668598178137652 0.5013391393442623 0.5680232793522267 0.497015368852459 0.5817925101214575 0.49898053278688526 0.5889681174089069 0.5033043032786886 0.593040991902834 0.5217776639344263 0.589550101214575 0.560296106557377 0.5885804655870446 0.61375 0.5854772267206478 0.646765368852459 0.5829564777327936 0.6675973360655738 0.5748107287449393 0.6738862704918033 0.5678294534412955 0.6699559426229508 0.5641442307692308 0.6534477459016393 0.5623992914979756 0.6314375 0.5623992914979756 0.608640368852459 0.5637565789473684 0.5874159836065573 0.5631745951417004 0.5614754098360656 0.562011133603239 0.5481116803278688 0.562011133603239 0.5367131147540983 0.56220495951417 0.5213842213114754
0 0.5646831983805668 0.2961813524590164 0.5594321862348178 0.4061434426229508 0.5568066801619433 0.43806762295081964 0.5556401821862348 0.4942305327868853 0.5743092105263158 0.4983688524590164 0.5816017206477733 0.4883186475409836 0.5813102226720648 0.4250614754098361 0.5816017206477733 0.39018032786885243 0.5830607287449392 0.3269231557377049 0.5827687246963562 0.28731249999999997 0.5746012145748988 0.2689856557377049 0.5676002024291498 0.283765368852459
0 0.589544028340081 0.5595358606557377 0.6010708502024291 0.5567325819672131 0.6086786437246964 0.5632735655737705 0.6158254048582996 0.5824303278688524 0.6139812753036438 0.6296209016393443 0.6112145748987854 0.6557848360655738 0.6056816801619433 0.6749415983606558 0.59853491902834 0.6749415983606558 0.5971518218623482 0.6459733606557377 0.5936938259109311 0.6123329918032786 0.5906968623481782 0.5936434426229508 0.5893137651821861 0.5777581967213116
0 0.6318491902834008 0.27818545081967216 0.6147894736842106 0.35714651639344264 0.6081037449392713 0.407140368852459 0.6034929149797571 0.43377254098360657 0.600495951417004 0.4618063524590164 0.6016487854251011 0.47815881147540984 0.6122535425101215 0.48423360655737707 0.622167004048583 0.49124180327868855 0.6293132591093117 0.4931106557377049 0.6387656882591093 0.48843852459016396 0.6422236842105263 0.4613391393442623 0.6429154858299595 0.44218237704918034 0.6429154858299595 0.4066731557377049 0.6424544534412956 0.34686782786885245 0.6413016194331984 0.29967725409836066 0.6403795546558705 0.2730450819672131
0 0.6525981781376519 0.282390368852459 0.638995951417004 0.3683606557377049 0.6323107287449392 0.4094764344262295 0.6293132591093117 0.43891188524590163 0.6288522267206478 0.4585358606557377 0.6309271255060729 0.47068340163934425 0.6364600202429149 0.4814303278688524 0.6516761133603238 0.4875040983606557 0.6595141700404858 0.48470081967213113 0.665047064777328 0.4678801229508197 0.6661998987854252 0.4431168032786886 0.666660931174089 0.4132141393442623 0.6694276315789474 0.3492038934426229 0.667582995951417 0.3160307377049181 0.666660931174089 0.27771823770491805 0.6613588056680162 0.27117622950819675
0 0.6781877530364372 0.2786526639344262 0.670118927125506 0.3337848360655738 0.664125 0.3791065573770492 0.660667004048583 0.4066731557377049 0.6549033400809716 0.4267643442622951 0.6544423076923077 0.4449856557377049 0.6579003036437246 0.4632079918032787 0.6629721659919028 0.47395389344262295 0.6754215587044534 0.4814303278688524 0.6874094129554655 0.4828319672131148 0.6998588056680162 0.48002868852459013 0.7060835020242915 0.4608719262295082 0.7072358299595142 0.4384446721311476 0.7049306680161943 0.40573872950819667 0.7003198380566802 0.368827868852459 0.6950172064777328 0.3239733606557377 0.6913289473684211 0.291734631147541 0.6855652834008097 0.27584938524590163 0.6784185222672066 0.27351229508196717
0 0.605623987854251 0.5043258196721311 0.61421508097166 0.49169467213114754 0.6226381578947369 0.49510860655737704 0.6287024291497976 0.4930604508196721 0.6396518218623481 0.4838422131147541 0.6431892712550608 0.4957909836065574 0.644873987854251 0.5350522540983607 0.6499276315789474 0.5777274590163934 0.6549807692307692 0.6255235655737704 0.6578446356275304 0.6562489754098361 0.6578446356275304 0.6770747950819672 0.6546442307692307 0.6842438524590164 0.6447054655870446 0.6763924180327868 0.633081983805668 0.6371311475409837 0.6292074898785426 0.617671106557377 0.6224696356275303 0.5831895491803278 0.6170789473684211 0.5596331967213115 0.6116882591093117 0.5319795081967214 0.60932995951417 0.5183237704918033
0 0.6345981781376517 0.5183237704918033 0.629376012145749 0.49886372950819674 0.6303866396761134 0.47701434426229505 0.6366194331983805 0.4698452868852459 0.6495905870445343 0.4664313524590164 0.6632353238866397 0.4623340163934426 0.6751953441295546 0.46301639344262296 0.6853026315789473 0.4838422131147541 0.692546052631579 0.5026188524590164 0.6940622469635628 0.5360768442622951 0.703326923076923 0.5889938524590164 0.71175 0.6163053278688525 0.7178142712550608 0.6347407786885245 0.7186563765182187 0.653859631147541 0.7146133603238867 0.6637602459016394 0.7029903846153845 0.669563524590164 0.6831128542510121 0.6777571721311475 0.6657621457489878 0.6668329918032786 0.6612135627530364 0.6511280737704918 0.6549807692307692 0.6251823770491803 0.6499276315789474 0.5978698770491803 0.6467267206477733 0.5763616803278688 0.6435263157894736 0.5572428278688525 0.6394832995951416 0.5371004098360657 0.6374620445344129 0.5265174180327868 0.6362828947368422 0.5196895491803278 0.6344296558704453 0.5149098360655738
0 0.7351057692307692 0.3410235655737705 0.717080971659919 0.4120348360655738 0.713375 0.4338842213114754 0.7111852226720647 0.45471004098360657 0.7169124493927125 0.4755348360655738 0.7261776315789473 0.4833872950819672 0.7366214574898786 0.47587704918032786 0.7420121457489878 0.4478821721311475 0.745381072874494 0.42159426229508196 0.7509402834008096 0.40008606557377047 0.7635738866396761 0.3823329918032787 0.7718284412955466 0.37584631147540987 0.7746918016194332 0.36082479508196724 0.7735126518218624 0.34273053278688526 0.7625632591093118 0.3208811475409836 0.7536356275303644 0.3198565573770492 0.749424089068826 0.3246362704918033