0 0.2706432186234818 0.5138268442622951 0.2880976720647773 0.5161854508196722 0.3071032388663968 0.5201157786885245 0.314667004048583 0.5169713114754099 0.32184261133603237 0.5252254098360656 0.3231998987854251 0.5413401639344262 0.32494534412955467 0.5653155737704918 0.320290991902834 0.5786793032786886 0.31932135627530367 0.5955799180327869 0.31873937246963563 0.6101229508196722 0.31505465587044534 0.6227008196721311 0.3096244939271255 0.6274170081967213 0.298957995951417 0.6223073770491803 0.2917823886639676 0.6101229508196722 0.28557641700404857 0.5987243852459017 0.2754919028340081 0.5940081967213114 0.26579504048582997 0.584968237704918 0.25997672064777333 0.5782858606557377 0.2570678137651822 0.569639344262295 0.257455971659919 0.5503801229508197 0.2613345141700405 0.5319067622950819 0.2688977732793522 0.5189364754098361
0 0.340998987854251 0.3672325819672131 0.3384777327935223 0.4081086065573771 0.33498684210526314 0.4328709016393443 0.32645394736842104 0.45173668032786884 0.320247975708502 0.4709959016393443 0.3155936234817814 0.49025512295081963 0.31617510121457487 0.5067633196721312 0.3233507085020243 0.5244508196721311 0.33634463562753036 0.5307397540983606 0.34875657894736845 0.532311475409836 0.35845344129554657 0.5264159836065574 0.3625258097165992 0.5110870901639345 0.36213815789473686 0.4949723360655738 0.3625258097165992 0.4706034836065574 0.3642712550607287 0.43405020491803276 0.3646594129554656 0.4112530737704918 0.362331983805668 0.3837407786885246 0.35806528340080973 0.3715563524590164 0.34875657894736845 0.3644815573770492 0.34196862348178136 0.36487397540983607 0.3417747975708502 0.36762500000000004
0 0.37203087044534416 0.3935850409836066 0.3658248987854251 0.4301383196721311 0.36097672064777325 0.45725819672131146 0.357292004048583 0.4729795081967213 0.35457692307692307 0.49420389344262294 0.35845546558704455 0.5236823770491803 0.36330364372469637 0.5315440573770492 0.37338866396761133 0.5382254098360656 0.3844428137651822 0.5409764344262296 0.3914245951417004 0.5390112704918033 0.3970485829959514 0.529578893442623 0.399957995951417 0.5114979508196721 0.39413967611336037 0.48752254098360653 0.3929762145748988 0.4706219262295082 0.39433350202429146 0.4387848360655738 0.3984063765182186 0.4159887295081967 0.3970485829959514 0.3896547131147541 0.39413967611336037 0.37550512295081967 0.38289119433198376 0.3574180327868852 0.3776553643724696 0.36370696721311474 0.3739701417004049 0.37746413934426226 0.37164321862348176 0.39475819672131146
0 0.3012378542510121 0.6879129098360656 0.31461943319838054 0.6379969262295081 0.31617105263157896 0.6096967213114753 0.31597672064777327 0.5876864754098361 0.3181103238866397 0.5719651639344263 0.32315232793522264 0.5523125 0.32741902834008096 0.5417008196721312 0.3353704453441296 0.5389487704918033 0.34273987854251015 0.542093237704918 0.349915991902834 0.5479887295081967 0.35631578947368425 0.5519190573770492 0.3613577935222672 0.5574221311475409 0.3660126518218623 0.5700000000000001 0.3658183198380567 0.5888657786885245 0.3594185222672065 0.6222745901639345 0.3545703441295546 0.6513596311475409 0.35030364372469636 0.6678678278688526 0.3460369433198381 0.684376024590164 0.3429342105263158 0.6973463114754098 0.3384736842105263 0.7075655737704918 0.3281948380566802 0.7185706967213116 0.3212130566801619 0.7134610655737704 0.31209817813765184 0.6989190573770492 0.30763765182186237 0.6942018442622951
0 0.35094230769230766 0.7068606557377048 0.35598481781376523 0.6848504098360656 0.36025151821862345 0.6624467213114754 0.36257844129554656 0.6439733606557377 0.36451821862348177 0.6223555327868853 0.3649058704453441 0.6058483606557377 0.3656816801619433 0.592484631147541 0.36936639676113364 0.5751905737704918 0.3749903846153846 0.5677223360655738 0.3872085020242915 0.5751905737704918 0.3941902834008097 0.579906762295082 0.4027231781376518 0.5830512295081968 0.4116442307692308 0.5885543032786885 0.41746255060728743 0.5991659836065574 0.41688056680161945 0.6082059426229509 0.4077656882591093 0.6290379098360656 0.39962044534412955 0.6502622950819672 0.3953537449392713 0.6789538934426229 0.39108704453441295 0.7021444672131147 0.38197216599190287 0.739483606557377 0.37867510121457487 0.7493094262295082 0.3724691295546559 0.7662100409836066 0.36471204453441297 0.7587428278688525 0.3532697368421053 0.7469508196721312 0.349585020242915 0.7453790983606557 0.3439605263157895 0.7402694672131148 0.33969433198380566 0.7367315573770491 0.34047014170040485 0.7265133196721312 0.34240941295546556 0.7233688524590164
0 0.3845986842105263 0.7595225409836065 0.39894989878542514 0.7017448770491803 0.40282894736842106 0.6699088114754098 0.4074832995951417 0.6404303278688525 0.4074832995951417 0.6211711065573771 0.4086467611336032 0.6089866803278688 0.4160161943319838 0.6042694672131148 0.42745850202429153 0.6042694672131148 0.4356037449392713 0.6078073770491803 0.4412282388663967 0.6235286885245901 0.4414220647773279 0.6443606557377048 0.4346341093117409 0.6600819672131147 0.42842813765182186 0.6738391393442623 0.4224164979757085 0.697421106557377 0.4146589068825911 0.7288647540983606 0.40166497975708504 0.7504825819672131 0.3931320850202429 0.7610952868852459 0.3863441295546559 0.7685624999999999
0 0.4232550607287449 0.7593842213114754 0.4314003036437247 0.7106465163934427 0.43780010121457485 0.6788104508196722 0.4393517206477733 0.6465809426229508 0.44167864372469634 0.6214252049180328 0.4422606275303644 0.6037387295081967 0.44749696356275304 0.5994149590163934 0.4593269230769231 0.5962704918032787 0.47232085020242914 0.6281075819672132 0.4742601214574899 0.633609631147541 0.46592105263157896 0.6579784836065574 0.4595207489878543 0.6705563524590163 0.456418016194332 0.6894221311475409 0.4517636639676113 0.7098606557377048 0.44613917004048587 0.7326577868852459 0.440709008097166 0.7527028688524591 0.42946103238866395 0.7703903688524589 0.4234488866396761 0.7676383196721311
0 0.8271477732793522 0.5924989754098361 0.8114387651821863 0.5791352459016393 0.7976690283400809 0.5720604508196722 0.7887479757085021 0.5700952868852459 0.7798269230769231 0.5602694672131148 0.7732332995951418 0.5551598360655737 0.7641184210526315 0.5547663934426229 0.7569428137651822 0.5638073770491803 0.7532580971659919 0.5787428278688524 0.7553911943319838 0.6023258196721312 0.755585020242915 0.6125450819672131 0.7520941295546558 0.6223709016393443 0.7524822874493927 0.6341618852459017 0.7540334008097166 0.6475256147540984 0.7588820850202429 0.6553862704918033 0.7695485829959514 0.6542069672131148 0.7823481781376519 0.6506700819672131 0.7999964574898785 0.6518493852459016 0.8135718623481781 0.6581383196721311 0.8244326923076922 0.6616752049180328 0.8294746963562752 0.6565655737704919 0.8304443319838057 0.6349477459016393 0.8296685222672064 0.6176536885245902
0 0.6935581983805668 0.7719016393442623 0.679960020242915 0.7359825819672131 0.6756933198380567 0.7002151639344262 0.6714266194331984 0.6730952868852459 0.6640571862348178 0.6487264344262296 0.6572692307692307 0.6318247950819672 0.6535845141700405 0.616889344262295 0.651839068825911 0.6019538934426228 0.6531968623481782 0.5893760245901639 0.6588208502024291 0.5862315573770492 0.6659964574898786 0.588983606557377 0.6735602226720647 0.5850522540983606 0.683257085020243 0.5787643442622951 0.692371963562753 0.5771915983606558 0.6995475708502025 0.5834805327868853 0.7065293522267206 0.5862315573770492 0.7096320850202429 0.5944856557377048 0.7113775303643725 0.6223924180327869 0.7121533400809716 0.6538360655737705 0.7166138663967612 0.6789907786885246 0.719328947368421 0.7234047131147541 0.7239832995951416 0.7485594262295082 0.7251472672064778 0.7583852459016394 0.7177773279352226 0.7642817622950819 0.7071108299595141 0.7642817622950819 0.6987717611336032 0.7721424180327868
0 0.7606275303643725 0.3719262295081967 0.7560728744939271 0.39241803278688525 0.7591093117408907 0.4887295081967213 0.7672064777327935 0.5153688524590164 0.7763157894736842 0.5204918032786885 0.7884615384615384 0.5010245901639344 0.8006072874493927 0.49385245901639346 0.8031376518218624 0.48668032786885246 0.8036437246963563 0.4713114754098361 0.791497975708502 0.4293032786885246 0.792004048582996 0.39549180327868855 0.7874493927125507 0.3698770491803279 0.7803643724696356 0.36270491803278687 0.7641700404858299 0.36168032786885246
0 0.7277327935222672 0.4323770491803279 0.7302631578947368 0.48770491803278687 0.7206477732793523 0.555327868852459 0.7236842105263158 0.5614754098360656 0.7393724696356275 0.5717213114754098 0.7601214574898786 0.5594262295081968 0.7672064777327935 0.5440573770491803 0.7672064777327935 0.5245901639344263 0.756578947368421 0.4672131147540984 0.7555668016194332 0.41598360655737704 0.7515182186234818 0.4067622950819672 0.7398785425101214 0.4088114754098361 0.7332995951417004 0.41598360655737704
0 0.6751012145748988 0.492827868852459 0.6751012145748988 0.5327868852459017 0.6831983805668016 0.5522540983606558 0.6958502024291497 0.5573770491803278 0.7024291497975709 0.5522540983606558 0.7140688259109311 0.5532786885245902 0.7186234817813765 0.548155737704918 0.7246963562753036 0.5204918032786885 0.7246963562753036 0.4969262295081967 0.7095141700404858 0.4088114754098361 0.707995951417004 0.38729508196721313 0.7049595141700404 0.3790983606557377 0.6912955465587044 0.3739754098360656 0.6852226720647774 0.3801229508196721 0.6842105263157895 0.4610655737704918
0 0.6422064777327935 0.5235655737704918 0.6427125506072875 0.5522540983606558 0.652834008097166 0.5747950819672131 0.667004048582996 0.5799180327868853 0.6776315789473685 0.5625 0.6791497975708503 0.5512295081967213 0.6705465587044535 0.47054303278688525 0.6690283400809717 0.430327868852459 0.6589068825910931 0.39651639344262296 0.6543522267206477 0.39036885245901637 0.6523279352226721 0.39241803278688525 0.6523279352226721 0.444672131147541 0.6497975708502024 0.4774590163934426
0 0.6133603238866396 0.5317622950819673 0.6108299595141701 0.5532786885245902 0.6118421052631579 0.5665983606557377 0.6148785425101214 0.5737704918032787 0.6234817813765182 0.576844262295082 0.6310728744939271 0.5911885245901639 0.6381578947368421 0.5963114754098361 0.6503036437246964 0.5778688524590164 0.6513157894736842 0.5614754098360656 0.645748987854251 0.5081967213114754 0.6503036437246964 0.44774590163934425 0.6467611336032388 0.42315573770491804 0.6391700404858299 0.3944672131147541 0.6336032388663968 0.39549180327868855 0.631578947368421 0.4026639344262295
0 0.59665991902834 0.47848360655737704 0.5956477732793523 0.5573770491803278 0.6007085020242915 0.5737704918032787 0.6108299595141701 0.5891393442622951 0.6148785425101214 0.5891393442622951 0.6265182186234818 0.5717213114754098 0.6275303643724697 0.548155737704918 0.6224696356275303 0.5174180327868853 0.6169028340080972 0.39036885245901637 0.6148785425101214 0.3790983606557377 0.6118421052631579 0.375 0.6088056680161943 0.3780737704918033 0.6027327935222672 0.4036885245901639 0.5981781376518218 0.4405737704918033
0 0.5683198380566802 0.44672131147540983 0.5703441295546559 0.4989754098360656 0.5683198380566802 0.5563524590163934 0.5723684210526315 0.5758196721311475 0.5855263157894737 0.5809426229508197 0.5941295546558705 0.5676229508196722 0.5951417004048583 0.5276639344262295 0.5845141700404858 0.4149590163934426 0.5759109311740891 0.39241803278688525 0.5713562753036437 0.39549180327868855 0.569331983805668 0.4036885245901639
0 0.5359311740890689 0.5399590163934426 0.5364372469635628 0.5860655737704918 0.5546558704453441 0.5911885245901639 0.5602226720647774 0.5870901639344263 0.5668016194331984 0.5747950819672131 0.5673076923076923 0.5409836065573771 0.5632591093117408 0.5163934426229508 0.5637651821862348 0.48668032786885246 0.5602226720647774 0.4672131147540984 0.5581983805668016 0.41905737704918034 0.5561740890688259 0.4067622950819672 0.5490890688259109 0.39651639344262296 0.5445344129554656 0.4057377049180328 0.5409919028340081 0.44364754098360654 0.5394736842105263 0.5051229508196722
0 0.5025303643724697 0.548155737704918 0.5020242914979757 0.5717213114754098 0.5055668016194332 0.5829918032786885 0.5161943319838057 0.5922131147540983 0.5273279352226721 0.5911885245901639 0.5328947368421053 0.5850409836065574 0.5334008097165992 0.5604508196721312 0.5298582995951417 0.5174180327868853 0.5303643724696356 0.4692622950819672 0.5217611336032388 0.39959016393442626 0.5182186234817814 0.39959016393442626 0.513663967611336 0.4077868852459016 0.5101214574898786 0.4262295081967213 0.5080971659919028 0.5020491803278688
0 0.48431174089068824 0.4067622950819672 0.48431174089068824 0.4293032786885246 0.4767206477732793 0.5297131147540983 0.4777327935222672 0.5614754098360656 0.4853238866396761 0.5829918032786885 0.4924089068825911 0.5829918032786885 0.5 0.569672131147541 0.5005060728744939 0.44364754098360654 0.4974696356275304 0.4077868852459016 0.4898785425101215 0.39344262295081966
0 0.45394736842105265 0.39549180327868855 0.4534412955465587 0.5266393442622951 0.4509109311740891 0.5286885245901639 0.44888663967611336 0.555327868852459 0.4524291497975709 0.5747950819672131 0.458502024291498 0.5891393442622951 0.4625506072874494 0.5901639344262295 0.47621457489878544 0.5635245901639344 0.4772267206477733 0.5563524590163934 0.4741902834008097 0.4948770491803279 0.47469635627530365 0.4610655737704918 0.46710526315789475 0.3944672131147541 0.4625506072874494 0.38831967213114754
0 0.423582995951417 0.4392120901639344 0.4230769230769231 0.4576547131147541 0.4245328947368421 0.5220809426229508 0.42136993927125505 0.5354918032786885 0.4202049595141701 0.5381905737704918 0.42037095141700404 0.5408883196721311 0.42170293522267205 0.5499969262295082 0.423582995951417 0.5519170081967214 0.4326923076923077 0.5590891393442623 0.4478744939271255 0.5519170081967214 0.45293522267206476 0.543720286885246 0.45445344129554655 0.5457694672131148 0.4559716599190283 0.5160563524590164 0.4493927125506073 0.3920809426229508 0.444331983805668 0.38593340163934425 0.4397773279352227 0.38593340163934425 0.4266194331983806 0.3992530737704918 0.4251012145748988 0.4033514344262295 0.42611336032388664 0.4361383196721311
0 0.4018218623481781 0.4057377049180328 0.4008097165991903 0.5368852459016393 0.40789473684210525 0.5532786885245902 0.4159919028340081 0.5584016393442623 0.4316801619433198 0.5389344262295082 0.4316801619433198 0.5204918032786885 0.42105263157894735 0.4487704918032787 0.4215587044534413 0.4057377049180328 0.41953441295546556 0.39344262295081966 0.4124493927125506 0.382172131147541 0.4063765182186235 0.38524590163934425
0 0.6169028340080972 0.6383196721311475 0.6163967611336032 0.6434426229508197 0.6204453441295547 0.6536885245901639 0.6381578947368421 0.680327868852459 0.6649797570850202 0.7735655737704918 0.6730769230769231 0.7817622950819673 0.6796558704453441 0.7797131147540983 0.6816801619433198 0.7756147540983607 0.680161943319838 0.7520491803278688 0.6523279352226721 0.6147540983606558 0.6503036437246964 0.610655737704918 0.6391700404858299 0.610655737704918 0.625 0.6209016393442623
0 0.5996963562753036 0.6567622950819673 0.5986842105263158 0.6670081967213115 0.6022267206477733 0.6864754098360656 0.6169028340080972 0.7110655737704918 0.6376518218623481 0.7745901639344263 0.646255060728745 0.7868852459016393 0.6553643724696356 0.7838114754098361 0.652834008097166 0.7459016393442623 0.6295546558704453 0.6424180327868853 0.6219635627530364 0.632172131147541
0 0.4534412955465587 0.7448770491803278 0.45293522267206476 0.7633196721311475 0.45546558704453444 0.7735655737704918 0.46305668016194335 0.7756147540983607 0.4706477732793522 0.7602459016393442 0.4873481781376518 0.6967213114754098 0.49291497975708504 0.6557377049180327 0.4908906882591093 0.6372950819672131 0.4832995951417004 0.632172131147541 0.4706477732793522 0.632172131147541 0.4665991902834008 0.6383196721311475 0.4640688259109312 0.6854508196721312 0.45445344129554655 0.7305327868852459
0 0.4271255060728745 0.7346311475409836 0.4230769230769231 0.7551229508196722 0.4311740890688259 0.7622950819672131 0.4342105263157895 0.7592213114754098 0.4352226720647773 0.7510245901639344
0 0.4934210526315789 0.6495901639344263 0.4898785425101215 0.7202868852459017 0.4939271255060729 0.7315573770491803 0.5035425101214575 0.7346311475409836 0.5106275303643725 0.7233606557377049 0.5141700404858299 0.7090163934426229 0.5182186234817814 0.6567622950819673 0.5182186234817814 0.6270491803278688 0.5091093117408907 0.6239754098360656 0.49949392712550605 0.6301229508196722 0.4949392712550607 0.6383196721311475 0.4959514170040486 0.6424180327868853
0 0.512089068825911 0.7132551229508196 0.5167596153846153 0.6512561475409836 0.5198846153846154 0.6210993852459016 0.5262828947368421 0.6084334016393442 0.5389311740890689 0.6078299180327869 0.5433952429149798 0.6189877049180328 0.53595495951417 0.6615102459016393 0.5303006072874494 0.7001106557377049 0.5256877530364372 0.7206178278688524 0.5151229757085021 0.7200143442622952
0 0.5595678137651822 0.632172131147541 0.5469159919028339 0.7049180327868853 0.5489402834008097 0.7192622950819673 0.5641224696356275 0.7161885245901639 0.5777864372469635 0.6793032786885246 0.5858836032388663 0.6465163934426229 0.5874018218623481 0.6280737704918032 0.5782925101214574 0.6137295081967213 0.5661467611336032 0.6116803278688525
0 0.5456548582995951 0.6183627049180328 0.563036943319838 0.6241147540983606 0.5669058704453441 0.6452254098360656 0.5530673076923077 0.6946823770491803 0.5399726720647774 0.7224272540983607 0.5262828947368421 0.7314743852459016 0.5310445344129555 0.6955870901639345 0.5375915991902833 0.6690491803278689 0.5410141700404859 0.6355747950819672 0.5438415991902834 0.6192899590163935