0 0.3066801619433198 0.4774590163934426 0.30516194331983804 0.5122950819672131 0.30870445344129555 0.5286885245901639 0.32894736842105265 0.5368852459016393 0.3375506072874494 0.5348360655737705 0.3431174089068826 0.5286885245901639 0.34463562753036436 0.5010245901639344 0.33805668016194335 0.4641393442622951 0.3350202429149798 0.4016393442622951 0.3309716599190283 0.38831967213114754 0.3188259109311741 0.38729508196721313 0.3142712550607287 0.39241803278688525 0.3142712550607287 0.41905737704918034 0.31629554655870445 0.4344262295081967
0 0.3456477732793522 0.5051229508196722 0.34463562753036436 0.5266393442622951 0.347165991902834 0.5389344262295082 0.3522267206477733 0.548155737704918 0.37196356275303644 0.5502049180327869 0.3805668016194332 0.5450819672131147 0.38461538461538464 0.5379098360655737 0.3856275303643725 0.5010245901639344 0.37803643724696356 0.4682377049180328 0.37398785425101216 0.41700819672131145 0.3694331983805668 0.39549180327868855 0.3603238866396761 0.39344262295081966 0.3567813765182186 0.39959016393442626 0.354251012145749 0.4344262295081967 0.35526315789473684 0.44364754098360654 0.34969635627530365 0.4692622950819672
0 0.3861336032388664 0.39036885245901637 0.3876518218623482 0.5133196721311475 0.39068825910931176 0.5256147540983607 0.39878542510121456 0.5307377049180327 0.40536437246963564 0.5297131147540983 0.4124493927125506 0.5081967213114754 0.4048582995951417 0.4702868852459016 0.4033400809716599 0.4385245901639344 0.3937246963562753 0.3790983606557377 0.3901821862348178 0.3780737704918033
0 0.41548582995951416 0.4344262295081967 0.4149797570850202 0.48258196721311475 0.409919028340081 0.5430327868852459 0.4124493927125506 0.5573770491803278 0.4190283400809717 0.5676229508196722 0.423582995951417 0.5676229508196722 0.4382591093117409 0.5522540983606558 0.44129554655870445 0.5368852459016393 0.4397773279352227 0.5133196721311475 0.4326923076923077 0.48155737704918034 0.43016194331983804 0.4354508196721312 0.4256072874493927 0.41598360655737704 0.423582995951417 0.39549180327868855 0.42105263157894735 0.39959016393442626 0.4180161943319838 0.42725409836065575
0 0.43724696356275305 0.41188524590163933 0.43724696356275305 0.4354508196721312 0.43876518218623484 0.4395491803278688 0.43623481781376516 0.4600409836065574 0.4407894736842105 0.5502049180327869 0.44635627530364375 0.5665983606557377 0.451417004048583 0.5717213114754098 0.45799595141700405 0.5645491803278688 0.4645748987854251 0.5471311475409836 0.465080971659919 0.5102459016393442 0.458502024291498 0.45286885245901637 0.4483805668016194 0.4088114754098361 0.43876518218623484 0.4036885245901639
0 0.4660931174089069 0.4375 0.4686234817813765 0.48155737704918034 0.4660931174089069 0.5317622950819673 0.4676113360323887 0.5430327868852459 0.47874493927125505 0.5625 0.48785425101214575 0.5604508196721312 0.49038461538461536 0.5338114754098361 0.48431174089068824 0.4487704918032787 0.47874493927125505 0.4108606557377049 0.4741902834008097 0.3985655737704918 0.4706477732793522 0.3985655737704918 0.4681174089068826 0.4036885245901639
0 0.4944331983805668 0.45799180327868855 0.4944331983805668 0.5051229508196722 0.49139676113360325 0.5256147540983607 0.49038461538461536 0.5594262295081968 0.4944331983805668 0.569672131147541 0.5030364372469636 0.5778688524590164 0.513663967611336 0.5819672131147541 0.5197368421052632 0.5758196721311475 0.5222672064777328 0.5440573770491803 0.5182186234817814 0.4918032786885246 0.5180597165991903 0.4499702868852459 0.5132874493927125 0.40575512295081967 0.5082636639676114 0.3981311475409836 0.5037424089068826 0.38745901639344266 0.5020242914979757 0.38831967213114754
0 0.5268218623481782 0.42725409836065575 0.5273279352226721 0.45286885245901637 0.5247975708502024 0.4661885245901639 0.5263157894736842 0.4948770491803279 0.521255060728745 0.5317622950819673 0.521255060728745 0.5717213114754098 0.5318825910931174 0.5799180327868853 0.5440283400809717 0.5778688524590164 0.5480769230769231 0.5737704918032787 0.5506072874493927 0.5645491803278688 0.5516194331983806 0.5286885245901639 0.5455465587044535 0.4026639344262295 0.5409919028340081 0.38831967213114754 0.5369433198380567 0.38831967213114754 0.5293522267206477 0.41188524590163933
0 0.5553603238866397 0.5008217213114754 0.5511133603238867 0.5604508196721312 0.5536437246963563 0.569672131147541 0.5617408906882592 0.5747950819672131 0.5713562753036437 0.5676229508196722 0.576417004048583 0.5491803278688525 0.576417004048583 0.3862704918032787 0.5754048582995951 0.3719262295081967 0.569838056680162 0.35758196721311475 0.5668016194331984 0.35758196721311475 0.562246963562753 0.4098360655737705 0.5561740890688259 0.4415983606557377
0 0.5769230769230769 0.4692622950819672 0.5754048582995951 0.5174180327868853 0.5769230769230769 0.5358606557377049 0.5850202429149798 0.5665983606557377 0.5921052631578947 0.5747950819672131 0.6022267206477733 0.555327868852459 0.6077935222672065 0.5133196721311475 0.6108299595141701 0.38831967213114754 0.6082995951417004 0.3831967213114754 0.5991902834008097 0.3770491803278688 0.5941295546558705 0.3790983606557377 0.5885627530364372 0.4026639344262295 0.5845141700404858 0.4077868852459016
0 0.6067813765182186 0.49385245901639346 0.5942930161943321 0.5135276639344262 0.5945440283400809 0.52725 0.5950465587044534 0.5623165983606557 0.6022267206477733 0.5522540983606558 0.6189271255060729 0.5758196721311475 0.6265182186234818 0.576844262295082 0.6330971659919028 0.5625 0.6361336032388664 0.5450819672131147 0.6361336032388664 0.38729508196721313 0.6310728744939271 0.375 0.6219635627530364 0.3760245901639344
0 0.6442307692307693 0.4026639344262295 0.6229757085020243 0.5245901639344263 0.6229757085020243 0.5348360655737705 0.625 0.5461065573770492 0.6513157894736842 0.5706967213114754 0.659919028340081 0.5614754098360656 0.6634615384615384 0.5461065573770492 0.6619433198380567 0.49077868852459017 0.6639676113360324 0.42725409836065575 0.6614372469635628 0.4047131147540984 0.6548582995951417 0.38934426229508196 0.6487854251012146 0.38729508196721313
0 0.6568825910931174 0.507172131147541 0.6558704453441295 0.5286885245901639 0.6573886639676113 0.5430327868852459 0.6604251012145749 0.5491803278688525 0.680668016194332 0.5635245901639344 0.6968623481781376 0.5604508196721312 0.7019230769230769 0.5543032786885246 0.7054655870445344 0.5399590163934426 0.7009109311740891 0.5040983606557377 0.7019230769230769 0.4805327868852459 0.6978744939271255 0.4692622950819672 0.694331983805668 0.41905737704918034 0.6892712550607287 0.4108606557377049 0.6776315789473685 0.4077868852459016 0.667004048582996 0.47540983606557374
0 0.7019230769230769 0.5 0.7024291497975709 0.5245901639344263 0.7069838056680162 0.5368852459016393 0.7110323886639676 0.5399590163934426 0.7160931174089069 0.5430327868852459 0.7439271255060729 0.5399590163934426 0.7494939271255061 0.5297131147540983 0.7505060728744939 0.5 0.7358299595141701 0.39549180327868855 0.7322874493927125 0.39036885245901637 0.7267206477732794 0.38831967213114754 0.715080971659919 0.41188524590163933 0.708502024291498 0.4692622950819672
0 0.7489878542510121 0.4385245901639344 0.7505060728744939 0.5266393442622951 0.7555668016194332 0.5430327868852459 0.7646761133603239 0.548155737704918 0.7945344129554656 0.5204918032786885 0.7965587044534413 0.5112704918032787 0.7950404858299596 0.49077868852459017 0.771255060728745 0.4067622950819672 0.7651821862348178 0.4026639344262295 0.7641700404858299 0.39651639344262296 0.757085020242915 0.4026639344262295 0.7550607287449392 0.41290983606557374 0.7505060728744939 0.41905737704918034
0 0.6751012145748988 0.5840163934426229 0.6816801619433198 0.6311475409836066 0.694838056680162 0.6721311475409836 0.6983805668016194 0.7008196721311475 0.7140688259109311 0.7315573770491803 0.7282388663967612 0.7284836065573771 0.736336032388664 0.6864754098360656 0.7322874493927125 0.6352459016393442 0.7348178137651822 0.5973360655737705 0.7317813765182186 0.576844262295082 0.7231781376518218 0.5665983606557377 0.7160931174089069 0.5665983606557377 0.707995951417004 0.5758196721311475 0.6831983805668016 0.569672131147541 0.6776315789473685 0.5727459016393442
0 0.621044028340081 0.5905502049180328 0.621044028340081 0.6210440573770492 0.6373704453441296 0.6591608606557378 0.638663967611336 0.6967213114754098 0.6497975708502024 0.7407786885245902 0.6654858299595142 0.7612704918032787 0.6776315789473685 0.7602459016393442 0.6650005060728744 0.7252295081967213 0.6637444331983805 0.6805061475409836 0.68936487854251 0.7501321721311476 0.6973684210526315 0.7448770491803278 0.6993927125506073 0.7366803278688525 0.6973684210526315 0.7059426229508197 0.6826923076923077 0.6444672131147541 0.680161943319838 0.5952868852459017 0.673582995951417 0.5870901639344263 0.6654858299595142 0.5870901639344263 0.6534458502024292 0.5742868852459017 0.6411381578947368 0.5915665983606557
0 0.7353238866396761 0.5778688524590164 0.7358299595141701 0.6383196721311475 0.7672064777327935 0.6567622950819673 0.7834008097165992 0.6598360655737705 0.7930161943319838 0.6536885245901639 0.7960526315789473 0.6270491803278688 0.7899797570850202 0.5993852459016393 0.7834008097165992 0.5850409836065574 0.763663967611336 0.5625 0.7484817813765182 0.569672131147541 0.7439271255060729 0.5665983606557377
0 0.5920323886639676 0.6119180327868852 0.6052631578947368 0.6752049180327869 0.6108299595141701 0.7407786885245902 0.6265182186234818 0.7592213114754098 0.6406882591093117 0.7663934426229508 0.6422064777327935 0.7715163934426229 0.6422064777327935 0.7223360655737705 0.6356275303643725 0.5983606557377049 0.625 0.5963114754098361 0.5956477732793523 0.6045081967213115
0 0.5754048582995951 0.6280737704918032 0.5748987854251012 0.6475409836065574 0.5865384615384616 0.7448770491803278 0.5991902834008097 0.7602459016393442 0.6057692307692307 0.757172131147541 0.6093117408906883 0.7008196721311475 0.6082995951417004 0.6229508196721312 0.604251012145749 0.6075819672131147 0.5946356275303644 0.6045081967213115 0.5804655870445344 0.6168032786885246
0 0.5521255060728745 0.7192622950819673 0.5516194331983806 0.7387295081967213 0.555668016194332 0.7561475409836066 0.5617408906882592 0.7592213114754098 0.5738866396761133 0.75 0.5794534412955465 0.680327868852459 0.5840080971659919 0.6577868852459017 0.583502024291498 0.6342213114754098 0.5743927125506073 0.6219262295081968 0.562753036437247 0.6198770491803278 0.5592105263157895 0.6280737704918032 0.5573694331983806 0.6858852459016394
0 0.5365217611336032 0.6604733606557377 0.5334008097165992 0.7161885245901639 0.5369433198380567 0.7254098360655737 0.5460526315789473 0.7274590163934426 0.5516194331983806 0.7110655737704918 0.5526315789473685 0.680327868852459 0.5592105263157895 0.6280737704918032 0.5561740890688259 0.6055327868852459 0.548582995951417 0.6004098360655737 0.5359311740890689 0.6014344262295082
0 0.5121457489878543 0.6967213114754098 0.5126518218623481 0.7284836065573771 0.5151821862348178 0.7295081967213115 0.5217611336032388 0.7202868852459017 0.5339068825910931 0.6526639344262295 0.5364372469635628 0.6168032786885246 0.5335075910931174 0.6010225409836065 0.5227732793522267 0.5901639344262295 0.5161943319838057 0.6065573770491803
0 0.4959514170040486 0.6290983606557377 0.49544534412955465 0.7407786885245902 0.49696356275303644 0.7459016393442623 0.5025303643724697 0.7469262295081968 0.5086032388663968 0.7366803278688525 0.5111336032388664 0.7202868852459017 0.5151821862348178 0.6034836065573771 0.5111336032388664 0.5993852459016393 0.5015182186234818 0.6004098360655737 0.4974696356275304 0.610655737704918
0 0.47621457489878544 0.6188524590163934 0.4757085020242915 0.7131147540983607 0.48026315789473684 0.7284836065573771 0.48633603238866396 0.7284836065573771 0.4898785425101215 0.7213114754098361 0.4939271255060729 0.6834016393442623 0.49544534412955465 0.6096311475409836 0.4853238866396761 0.6065573770491803
0 0.4534412955465587 0.6270491803278688 0.4524291497975709 0.6821721311475409 0.44534412955465585 0.735655737704918 0.44686234817813764 0.7530737704918032 0.4509109311740891 0.7612704918032787 0.4590080971659919 0.7510245901639344 0.4686234817813765 0.7161885245901639 0.47469635627530365 0.6475409836065574 0.47469635627530365 0.625 0.4706477732793522 0.6147540983606558 0.4625506072874494 0.6147540983606558
0 0.4190283400809717 0.7305327868852459 0.4185222672064777 0.7551229508196722 0.42054655870445345 0.764344262295082 0.4251012145748988 0.7674180327868853 0.4342105263157895 0.7592213114754098 0.43876518218623484 0.7336065573770492 0.4402834008097166 0.7038934426229508 0.4473684210526316 0.6629098360655737 0.4534412955465587 0.6424180327868853 0.4524291497975709 0.6280737704918032 0.4382591093117409 0.6055327868852459 0.4326923076923077 0.6065573770491803 0.4251012145748988 0.6301229508196722
0 0.39119433198380565 0.7397540983606558 0.39068825910931176 0.7633196721311475 0.3967611336032389 0.7663934426229508 0.4008097165991903 0.7612704918032787 0.41143724696356276 0.7274590163934426 0.4169595141700405 0.6815358606557377 0.4291497975708502 0.625 0.4316801619433198 0.6219262295081968 0.43016194331983804 0.6075819672131147 0.4200404858299595 0.5942622950819673 0.4023279352226721 0.5952868852459017 0.3996280364372469 0.6673053278688524
0 0.3618421052631579 0.5840163934426229 0.3603238866396761 0.6311475409836066 0.3476720647773279 0.6956967213114754 0.3476720647773279 0.7100409836065574 0.3491902834008097 0.7223360655737705 0.35374493927125505 0.7243852459016393 0.3582995951417004 0.7202868852459017 0.3728775303643725 0.6749282786885246 0.37488663967611335 0.706438524590164 0.36538461538461536 0.7387295081967213 0.36538461538461536 0.7448770491803278 0.3699392712550607 0.75 0.3770242914979757 0.7448770491803278 0.38461538461538464 0.7233606557377049 0.39119433198380565 0.6639344262295082 0.4073886639676113 0.5952868852459017 0.40384615384615385 0.5860655737704918 0.40030364372469635 0.5850409836065574 0.3851214574898785 0.5850409836065574 0.3734817813765182 0.5788934426229508 0.3648785425101215 0.5788934426229508
0 0.31275303643724695 0.5952868852459017 0.3166128542510121 0.6296967213114754 0.3076923076923077 0.7008196721311475 0.3092105263157895 0.7202868852459017 0.3223684210526316 0.7254098360655737 0.33805668016194335 0.7110655737704918 0.3487641700404858 0.6418944672131148 0.35931174089068824 0.6147540983606558 0.36133603238866396 0.5993852459016393 0.3603238866396761 0.5829918032786885 0.34969635627530365 0.5727459016393442 0.33046558704453444 0.5635245901639344 0.3208502024291498 0.5635245901639344 0.3157894736842105 0.5717213114754098