0 0.3157894736842105 0.5522540983606558 0.3152834008097166 0.5717213114754098 0.3208502024291498 0.5901639344262295 0.3269230769230769 0.5993852459016393 0.3451417004048583 0.6045081967213115 0.3507085020242915 0.5963114754098361 0.3562753036437247 0.5788934426229508 0.3582995951417004 0.5573770491803278 0.34969635627530365 0.48258196721311475 0.3375506072874494 0.45389344262295084 0.3309716599190283 0.45389344262295084 0.32540485829959515 0.4651639344262295 0.3248987854251012 0.5194672131147541
0 0.35880566801619435 0.569672131147541 0.35931174089068824 0.5983606557377049 0.3689271255060729 0.6116803278688525 0.39271255060728744 0.6137295081967213 0.4043522267206478 0.6014344262295082 0.4068825910931174 0.5758196721311475 0.3967611336032389 0.5204918032786885 0.3972672064777328 0.49385245901639346 0.38866396761133604 0.4610655737704918 0.37398785425101216 0.4569672131147541 0.3684210526315789 0.46209016393442626 0.3658906882591093 0.47438524590163933 0.3684210526315789 0.5245901639344263
0 0.4063765182186235 0.45901639344262296 0.40941295546558704 0.5204918032786885 0.4058704453441296 0.5584016393442623 0.40789473684210525 0.5870901639344263 0.4185222672064777 0.5922131147540983 0.4311740890688259 0.5901639344262295 0.4367408906882591 0.5758196721311475 0.4367408906882591 0.5625 0.43218623481781376 0.5450819672131147 0.423582995951417 0.4415983606557377 0.4215587044534413 0.4375 0.41194331983805665 0.4395491803278688
0 0.4316801619433198 0.4733606557377049 0.4311740890688259 0.48668032786885246 0.43724696356275305 0.5379098360655737 0.4357287449392713 0.5870901639344263 0.4407894736842105 0.5911885245901639 0.46356275303643724 0.5911885245901639 0.46710526315789475 0.5799180327868853 0.4640688259109312 0.5440573770491803 0.45293522267206476 0.5184426229508197 0.4458502024291498 0.48155737704918034 0.4392712550607287 0.4733606557377049
0 0.44483805668016196 0.4426229508196721 0.4433198380566802 0.44774590163934425 0.4458502024291498 0.45901639344262296 0.4676113360323887 0.5215163934426229 0.4660931174089069 0.5491803278688525 0.4686234817813765 0.569672131147541 0.4777327935222672 0.5829918032786885 0.4868421052631579 0.5829918032786885 0.4949392712550607 0.5686475409836066 0.4964574898785425 0.5297131147540983 0.47874493927125505 0.45901639344262296 0.4574898785425101 0.4364754098360656 0.4509109311740891 0.4354508196721312
0 0.4964574898785425 0.5563524590163934 0.4974696356275304 0.5850409836065574 0.5126518218623481 0.5911885245901639 0.5222672064777328 0.5881147540983607 0.5227732793522267 0.5040983606557377 0.513663967611336 0.44364754098360654 0.5 0.4774590163934426
0 0.5377560728744939 0.45660553278688526 0.5293522267206477 0.4918032786885246 0.5247975708502024 0.5399590163934426 0.5247975708502024 0.5829918032786885 0.5298582995951417 0.5911885245901639 0.5470647773279352 0.5922131147540983 0.5511133603238867 0.5881147540983607 0.5531376518218624 0.5758196721311475 0.5531376518218624 0.45081967213114754 0.5445344129554656 0.42418032786885246 0.5450273279352227 0.4382151639344262
0 0.555161943319838 0.46311475409836067 0.5541497975708503 0.5788934426229508 0.5561740890688259 0.5870901639344263 0.5642712550607287 0.5901639344262295 0.5759109311740891 0.5799180327868853 0.5759109311740891 0.5317622950819673 0.5683198380566802 0.4641393442622951 0.5612348178137652 0.45901639344262296
0 0.5779352226720648 0.5040983606557377 0.576417004048583 0.5450819672131147 0.5784412955465587 0.5594262295081968 0.5895748987854251 0.5911885245901639 0.5951417004048583 0.5952868852459017 0.6007085020242915 0.5911885245901639 0.6052631578947368 0.5788934426229508 0.6072874493927125 0.5379098360655737 0.6062753036437247 0.49385245901639346 0.6088056680161943 0.45286885245901637 0.6077935222672065 0.43135245901639346 0.604757085020243 0.42418032786885246 0.5951417004048583 0.42315573770491804 0.5870445344129555 0.4426229508196721
0 0.6163967611336032 0.4661885245901639 0.6128542510121457 0.5266393442622951 0.603744939271255 0.5676229508196722 0.603744939271255 0.5911885245901639 0.6275303643724697 0.5993852459016393 0.6356275303643725 0.5881147540983607 0.6336032388663968 0.5788934426229508 0.6361336032388664 0.5256147540983607 0.6351214574898786 0.4426229508196721 0.6260121457489879 0.4375
0 0.6371457489878543 0.4702868852459016 0.638663967611336 0.526844262295082 0.6341093117408907 0.5604508196721312 0.6341093117408907 0.5809426229508197 0.6396761133603239 0.5922131147540983 0.6538461538461539 0.5952868852459017 0.6619433198380567 0.5829918032786885 0.6624493927125507 0.5758196721311475 0.6503036437246964 0.4344262295081967 0.645748987854251 0.4262295081967213 0.6417004048582996 0.42520491803278687 0.6391700404858299 0.43135245901639346
0 0.6649797570850202 0.4344262295081967 0.6654858299595142 0.4600409836065574 0.6594129554655871 0.5440573770491803 0.6629554655870445 0.5737704918032787 0.6685222672064778 0.5799180327868853 0.6816801619433198 0.5799180327868853 0.7009109311740891 0.5676229508196722 0.7049595141700404 0.5573770491803278 0.7039473684210527 0.5245901639344263 0.6897773279352226 0.4354508196721312 0.6700404858299596 0.42827868852459017
0 0.6497975708502024 0.6147540983606558 0.6492914979757085 0.6465163934426229 0.673582995951417 0.7459016393442623 0.6776315789473685 0.7469262295081968 0.6811740890688259 0.742827868852459 0.680668016194332 0.7274590163934426 0.6771255060728745 0.7049180327868853 0.6740890688259109 0.6413934426229508 0.6700404858299596 0.617827868852459 0.6639676113360324 0.6086065573770492
0 0.6169028340080972 0.6219262295081968 0.6174089068825911 0.6588114754098361 0.6277353238866397 0.6754436475409835 0.6340976720647774 0.7165143442622951 0.6356275303643725 0.7366803278688525 0.645748987854251 0.7694672131147541 0.6497975708502024 0.7684426229508197 0.6538461538461539 0.742827868852459 0.6522753036437247 0.7373565573770492 0.6513663967611335 0.7208053278688524 0.6497975708502024 0.6956967213114754 0.6472672064777328 0.6823770491803278 0.6447368421052632 0.6229508196721312 0.6391700404858299 0.610655737704918 0.6285425101214575 0.6065573770491803 0.6229757085020243 0.6075819672131147
0 0.5895748987854251 0.6260245901639344 0.5875506072874493 0.6444672131147541 0.5956477732793523 0.6772540983606558 0.6027327935222672 0.7838114754098361 0.6057692307692307 0.7950819672131147 0.611336032388664 0.8012295081967213 0.6158906882591093 0.7899590163934426 0.6174089068825911 0.7766393442622951 0.6143724696356275 0.6864754098360656 0.617914979757085 0.6536885245901639 0.6163967611336032 0.6219262295081968 0.6108299595141701 0.6137295081967213 0.6012145748987854 0.6096311475409836
0 0.5657894736842105 0.6342213114754098 0.5652834008097166 0.6649590163934426 0.5708502024291497 0.7694672131147541 0.5794534412955465 0.7971311475409836 0.5850202429149798 0.7991803278688525 0.590080971659919 0.7827868852459017 0.590080971659919 0.6618852459016393 0.5870445344129555 0.6301229508196722 0.583502024291498 0.617827868852459 0.5754048582995951 0.6096311475409836 0.5688259109311741 0.6188524590163934
0 0.5455465587044535 0.6168032786885246 0.5445344129554656 0.7592213114754098 0.5465587044534413 0.7735655737704918 0.5501012145748988 0.7786885245901639 0.5541497975708503 0.7684426229508197 0.5587044534412956 0.7213114754098361 0.5637651821862348 0.6629098360655737 0.5647773279352226 0.6188524590163934 0.5576923076923077 0.6116803278688525 0.5475708502024291 0.6127049180327869
0 0.5242914979757085 0.6188524590163934 0.5237854251012146 0.6588114754098361 0.5323886639676113 0.7418032786885246 0.5369433198380567 0.7581967213114754 0.5409919028340081 0.7592213114754098 0.5430161943319838 0.7520491803278688 0.542004048582996 0.6188524590163934 0.5374493927125507 0.6147540983606558
0 0.5055668016194332 0.6168032786885246 0.5075910931174089 0.7448770491803278 0.5086032388663968 0.7592213114754098 0.5131578947368421 0.7612704918032787 0.5182186234817814 0.7459016393442623 0.521255060728745 0.7202868852459017 0.5232793522267206 0.625 0.5217611336032388 0.6157786885245902 0.5177125506072875 0.6127049180327869
0 0.4848178137651822 0.6209016393442623 0.48431174089068824 0.6629098360655737 0.4873481781376518 0.6782786885245902 0.49139676113360325 0.7448770491803278 0.4939271255060729 0.7622950819672131 0.49898785425101216 0.7694672131147541 0.5015182186234818 0.7674180327868853 0.5055668016194332 0.7438524590163934 0.5035425101214575 0.6147540983606558 0.49949392712550605 0.6086065573770492 0.49190283400809715 0.6086065573770492 0.4853238866396761 0.6137295081967213
0 0.4600202429149798 0.6485655737704918 0.4574898785425101 0.7991803278688525 0.4625506072874494 0.8237704918032787 0.4665991902834008 0.8258196721311475 0.4706477732793522 0.805327868852459 0.48633603238866396 0.6547131147540983 0.4853238866396761 0.6147540983606558 0.4807692307692308 0.6086065573770492 0.4701417004048583 0.6065573770491803 0.4625506072874494 0.6229508196721312
0 0.4291497975708502 0.7151639344262295 0.42864372469635625 0.7540983606557377 0.4392712550607287 0.8032786885245902 0.4433198380566802 0.7827868852459017 0.44888663967611336 0.7069672131147541 0.45951417004048584 0.6588114754098361 0.45951417004048584 0.6372950819672131 0.4509109311740891 0.6127049180327869 0.44129554655870445 0.6127049180327869 0.43623481781376516 0.6188524590163934 0.4326923076923077 0.6444672131147541
0 0.3972672064777328 0.7264344262295082 0.3952429149797571 0.7756147540983607 0.3977732793522267 0.7991803278688525 0.40789473684210525 0.8073770491803278 0.42864372469635625 0.6608606557377049 0.43370445344129555 0.6383196721311475 0.4342105263157895 0.6198770491803278 0.4271255060728745 0.6045081967213115 0.4109311740890688 0.6065573770491803 0.4043522267206478 0.6209016393442623
0 0.2550607287449393 0.6721311475409836 0.25455465587044535 0.6823770491803278 0.26214574898785425 0.6977459016393442 0.2773279352226721 0.6977459016393442 0.291497975708502 0.6895491803278688 0.31123481781376516 0.6690573770491803 0.31629554655870445 0.6495901639344263 0.3142712550607287 0.6219262295081968 0.29706477732793524 0.5870901639344263 0.28694331983805665 0.5891393442622951 0.2742914979757085 0.5819672131147541 0.2702429149797571 0.5870901639344263 0.27125506072874495 0.5952868852459017 0.26619433198380565 0.6403688524590164 0.2575910931174089 0.6588114754098361