0 0.28824139676113364 0.40715778688524595 0.27645495951417004 0.48359733606557376 0.270169028340081 0.5106690573770492 0.27645495951417004 0.5321670081967212 0.3000278340080972 0.5401301229508197 0.311421052631579 0.5154467213114754 0.31181376518218623 0.48120799180327867 0.31377834008097166 0.4246752049180328 0.31731427125506073 0.39441803278688525
0 0.3181002024291498 0.4127315573770492 0.3125996963562753 0.4820040983606557 0.30552783400809713 0.5194272540983607 0.30709919028340077 0.5457038934426229 0.31967155870445346 0.5656096311475409 0.3393152834008097 0.5679979508196721 0.351494939271255 0.5528698770491803 0.3463871457489879 0.4979293032786885 0.3385298582995951 0.45891393442622946 0.33381528340080974 0.4111393442622951 0.3271361336032389 0.3864559426229508 0.3165283400809717 0.41989754098360654
0 0.37113866396761136 0.39441803278688525 0.34913765182186235 0.46209836065573767 0.3459944331983805 0.4979293032786885 0.34874443319838055 0.5345563524590163 0.38174645748987857 0.5361485655737704 0.3935328947368421 0.5281864754098361 0.3970688259109311 0.5027069672131147 0.3931401821862348 0.46448770491803276 0.38567510121457493 0.428656762295082 0.37035273279352227 0.39441803278688525
0 0.7386862348178138 0.3812786885245901 0.7224488866396761 0.4398709016393443 0.7196766194331984 0.46073975409836065 0.7216568825910931 0.4920430327868852 0.7275971659919028 0.5097008196721312 0.7398744939271255 0.5201352459016393 0.7489832995951416 0.5193319672131147 0.7588841093117409 0.5153186475409837 0.7699731781376519 0.5016741803278688 0.7656169028340081 0.45752868852459017 0.7549240890688259 0.4206075819672131 0.7458152834008097 0.3852920081967213
0 0.401330971659919 0.5483012295081968 0.4159848178137652 0.5442879098360656 0.4239053643724696 0.5202090163934426 0.41915283400809716 0.4768657786885246 0.4147965587044535 0.39981249999999996 0.4068755060728745 0.3853657786885246 0.3957869433198381 0.41666803278688525 0.3878658906882591 0.5057612704918033 0.3890541497975708 0.5354590163934426
0 0.4183577935222672 0.49769467213114754 0.42271710526315787 0.5354590163934426 0.42707338056680166 0.5483012295081968 0.4413309716599191 0.5418801229508197 0.4512317813765182 0.534655737704918 0.4540040485829959 0.4728534836065574 0.44568724696356277 0.4359313524590164 0.4318259109311741 0.3901813524590164 0.4243011133603239 0.3813524590163934 0.4167768218623482 0.4311157786885246
0 0.35578694331983807 0.6951834016393443 0.3712322874493927 0.6213411885245901 0.36885627530364373 0.5820122950819672 0.37836082995951414 0.556327868852459 0.40053896761133606 0.5571301229508197 0.42152935222672067 0.5675645491803278 0.4223213562753036 0.6012756147540984 0.40806376518218623 0.6470256147540984 0.4021234817813765 0.7048155737704918 0.3938066801619433 0.7248811475409837 0.36568775303643725 0.708828893442623
0 0.44826518218623485 0.47719672131147545 0.44403694331983806 0.49941495901639343 0.44449443319838056 0.5202725409836065 0.45387145748987856 0.5448381147540983 0.47148127530364375 0.5346413934426228 0.4781133603238866 0.5147110655737704 0.4737682186234818 0.485046106557377 0.4712525303643725 0.45352868852459016 0.46622115384615387 0.4057868852459016 0.4625617408906883 0.37334221311475413 0.45707287449392714 0.3640717213114754 0.4508982793522267 0.37334221311475413 0.4474676113360324 0.4048606557377049 0.4504407894736842 0.4521372950819672
0 0.4781492914979757 0.475922131147541 0.4721675101214575 0.5091485655737704 0.47399696356275306 0.5364948770491803 0.4890910931174089 0.5439118852459016 0.5009838056680161 0.5388124999999999 0.5055576923076923 0.5114661885245901 0.5009838056680161 0.3662274590163934 0.48771912955465585 0.37735143442622954 0.482459008097166 0.412577868852459 0.4781133603238866 0.4473401639344262 0.4781133603238866 0.47885860655737705 0.47834210526315785 0.47422336065573767
0 0.5110465587044535 0.397281762295082 0.5055576923076923 0.4464129098360656 0.503956983805668 0.4923002049180328 0.5034994939271255 0.5168657786885246 0.5032707489878543 0.5358698770491803 0.5181361336032388 0.5428217213114754 0.5346027327935222 0.5400409836065574 0.5378046558704453 0.5164026639344262 0.534373987854251 0.47376024590163934 0.5309438259109311 0.42416495901639345 0.5281993927125506 0.3745696721311475 0.5192798582995951 0.3602018442622951 0.5131047570850202 0.3796690573770492
0 0.5492424089068827 0.38739651639344264 0.5444762145748988 0.45170901639344263 0.5410455465587044 0.4897161885245902 0.5360141700404858 0.522625 0.5373866396761133 0.536530737704918 0.5451624493927125 0.5444098360655738 0.5609428137651822 0.5522899590163934 0.5703193319838057 0.5448739754098361 0.5691761133603239 0.5091834016393443 0.5666604251012146 0.4609795081967213 0.5680323886639677 0.43270594262295087 0.5657454453441295 0.3951618852459016 0.5552252024291497 0.3803299180327869 0.5488213562753036 0.3919170081967213
0 0.5824008097165992 0.40680942622950816 0.5771406882591094 0.4596485655737705 0.5766831983805668 0.48745901639344263 0.5743962550607288 0.5152694672131147 0.5730242914979757 0.5356639344262295 0.5741675101214575 0.5463237704918033 0.5869746963562753 0.5504959016393443 0.5954367408906883 0.547251024590164 0.5993248987854252 0.5426157786885245 0.5993248987854252 0.5101711065573771 0.5979524291497976 0.48189754098360654 0.596122975708502 0.44991495901639345 0.5926923076923077 0.41654303278688526 0.5858314777327935 0.39985655737704917
0 0.6114858299595142 0.41098463114754097 0.6105713562753037 0.46104303278688524 0.6057687246963563 0.4897797131147541 0.6002798582995952 0.5046127049180328 0.5982211538461538 0.5226885245901639 0.6069119433198381 0.5486454918032786 0.6172034412955466 0.5546711065573771 0.6252079959514171 0.549108606557377 0.6265804655870446 0.5250061475409835 0.6258942307692308 0.5064661885245901 0.623836032388664 0.4795829918032787 0.6229210526315789 0.44760143442622946 0.6224635627530365 0.4211813524590164 0.6215490890688259 0.40310450819672133 0.6158314777327936 0.39661577868852455
0 0.6417069838056679 0.39661577868852455 0.6268415991902834 0.45269979508196717 0.6204377530364372 0.4953422131147541 0.6195227732793522 0.5277879098360656 0.6307292510121457 0.550498975409836 0.6455951417004048 0.5560614754098361 0.6540566801619433 0.5426198770491804 0.6542854251012146 0.4925614754098361 0.6542854251012146 0.44389344262295083 0.6517697368421053 0.3993965163934426 0.6467383603238867 0.3785389344262295
0 0.669832995951417 0.3908842213114754 0.6599989878542509 0.4423329918032787 0.6499362348178137 0.4780225409836066 0.6455905870445343 0.5067602459016394 0.6465055668016194 0.5266905737704918 0.6606852226720648 0.5415225409836065 0.6734924089068826 0.5507930327868852 0.6853846153846154 0.5239098360655737 0.6821826923076922 0.495172131147541 0.6810394736842105 0.4571649590163934 0.6787525303643724 0.4186946721311476 0.674406882591093 0.3927377049180328
0 0.6949903846153845 0.38300409836065574 0.6796670040485829 0.43352663934426233 0.6766938259109312 0.4659713114754098 0.6764655870445344 0.4859026639344262 0.6766938259109312 0.5095409836065574 0.6812682186234817 0.5248370901639344 0.6952191295546558 0.5396690573770492 0.7077975708502025 0.5396690573770492 0.721290991902834 0.5341065573770492 0.7231204453441296 0.4998073770491803 0.7192327935222672 0.47153381147540985 0.7109994939271255 0.43723463114754096 0.7057393724696356 0.39876331967213113 0.7007074898785425 0.37419774590163934
0 0.773706983805668 0.3897233606557377 0.7675318825910932 0.44766188524590167 0.7654736842105263 0.4861321721311475 0.7734782388663968 0.5190409836065574 0.7936042510121457 0.526921106557377 0.8000075910931175 0.5222858606557377 0.8011513157894737 0.48427868852459016 0.7979493927125506 0.4471977459016393 0.7915455465587045 0.4189241803278689 0.7819402834008098 0.39018749999999996
0 0.4074777327935223 0.737313524590164 0.4122803643724697 0.6724231557377048 0.4152535425101215 0.6589815573770492 0.4161685222672065 0.622827868852459 0.41342408906882594 0.5889918032786885 0.41799797570850206 0.5723063524590164 0.43217763157894734 0.5672069672131148 0.44612803643724697 0.5764774590163935 0.4513886639676113 0.5825030737704918 0.44498481781376514 0.6214375 0.43583653846153847 0.669641393442623 0.42485880566801615 0.7201639344262295 0.41799797570850206 0.7468145491803279
0 0.44201163967611334 0.7396311475409836 0.4422403846153846 0.6691782786885246 0.44361234817813766 0.6237551229508196 0.44155414979757085 0.5899190573770492 0.4456710526315789 0.5718422131147541 0.45276062753036433 0.5658165983606557 0.4607651821862348 0.5718422131147541 0.46671153846153846 0.5857479508196722 0.46922722672064776 0.5982622950819672 0.46716902834008095 0.6265358606557377 0.4623658906882591 0.6784487704918033 0.4557338056680162 0.7150645491803279 0.44887246963562755 0.7428750000000001 0.4458997975708502 0.7475102459016394
0 0.4693415991902834 0.7383165983606557 0.46815334008097165 0.6943237704918033 0.4638081983805668 0.6544631147540984 0.46243572874493927 0.6275799180327869 0.46357945344129553 0.6002325819672131 0.4720414979757085 0.5779846311475411 0.4811892712550607 0.5733493852459017 0.4871356275303644 0.5983790983606557 0.4914807692307693 0.6368493852459017 0.4885080971659919 0.6906157786885246 0.48233299595141704 0.7290870901639345 0.4782160931174089 0.7434559426229509
0 0.5074043522267206 0.7128411885245901 0.4979245951417004 0.6650133196721312 0.49174999999999996 0.6307141393442623 0.4885480769230769 0.5899262295081967 0.48831933198380567 0.5686045081967213 0.49678137651821863 0.5621157786885246 0.5084448380566802 0.5667510245901639 0.5111892712550608 0.5973422131147541 0.5143911943319838 0.6469374999999999 0.5185080971659919 0.6886526639344263 0.5185080971659919 0.7159989754098361 0.5116467611336032 0.7183165983606558
0 0.5265126518218622 0.7081198770491803 0.5251401821862348 0.6492540983606557 0.5281133603238866 0.6117110655737704 0.5283421052631578 0.579265368852459 0.5237682186234818 0.5644334016393442 0.511418016194332 0.5695317622950821 0.5084448380566802 0.5801926229508197 0.511418016194332 0.6228350409836065 0.5137049595141701 0.6784549180327869 0.5205662955465586 0.7215614754098361
0 0.5320015182186234 0.7155358606557377 0.531544028340081 0.6538893442622951 0.5313152834008097 0.6149549180327869 0.5308577935222671 0.5843637295081968 0.5317727732793521 0.565360655737705 0.5454944331983805 0.5718493852459017 0.5509832995951417 0.579265368852459 0.5498400809716599 0.6441557377049181 0.5480106275303643 0.6997766393442623 0.5420642712550607 0.7275870901639344 0.5322297570850202 0.7206342213114755
0 0.5569367408906883 0.7243452868852459 0.5676857287449393 0.6728965163934426 0.5724883603238867 0.6228381147540983 0.5756902834008097 0.5903934426229509 0.5660845141700406 0.5788053278688524 0.5537348178137652 0.5769518442622951 0.5521341093117409 0.5964190573770491 0.5532773279352227 0.6418422131147541 0.5487034412955466 0.6974620901639343 0.548245951417004 0.7201741803278688 0.5548785425101215 0.7257356557377049
0 0.5726406882591093 0.732172131147541 0.5742413967611336 0.6663545081967213 0.5730981781376518 0.6251024590163935 0.5760713562753036 0.5838504098360655 0.5891072874493927 0.5750440573770492 0.5973405870445344 0.5838504098360655 0.5996275303643724 0.6464241803278689 0.5964256072874494 0.6955553278688524 0.5900217611336033 0.7340256147540983 0.5815597165991903 0.7525665983606558
0 0.612996963562753 0.7541864754098361 0.6043061740890688 0.7143258196721312 0.6006467611336032 0.6702930327868852 0.599046052631579 0.6406280737704918 0.5914989878542509 0.618843237704918 0.589669028340081 0.5933514344262295 0.5930996963562752 0.5738842213114754 0.6070506072874493 0.5673944672131148 0.6168846153846154 0.5720297131147541 0.6203152834008097 0.607719262295082 0.622830971659919 0.6684385245901638 0.6226022267206478 0.7249856557377049 0.6216872469635627 0.7565040983606557
0 0.6489028340080971 0.7463073770491803 0.6287773279352227 0.6911506147540983 0.619629048582996 0.6545338114754099 0.6139114372469635 0.6211608606557377 0.6084225708502023 0.5928872950819672 0.6081943319838057 0.5734200819672132 0.6212302631578946 0.562296106557377 0.6363243927125506 0.562296106557377 0.6454726720647773 0.5850081967213114 0.6479883603238866 0.6494344262295082 0.6564498987854251 0.7115440573770492 0.6578223684210526 0.7425993852459016
0 0.6585086032388664 0.6920768442622951 0.6539342105263157 0.6475809426229509 0.6486740890688258 0.607719262295082 0.6363243927125506 0.5863985655737706 0.6360956477732793 0.5599784836065573 0.642956983805668 0.5497817622950819 0.6546204453441296 0.5520993852459017 0.6752034412955465 0.5516352459016393 0.6875536437246964 0.5548801229508197 0.6994458502024291 0.5683217213114754 0.6976163967611336 0.6086465163934426 0.7001320850202429 0.6526793032786885 0.7035627530364372 0.6948586065573771 0.6994458502024291 0.7106178278688524 0.6770334008097166 0.7120081967213114 0.6639974696356276 0.7092264344262296
0 0.7246032388663968 0.7124713114754098 0.7074504048582996 0.6624129098360656 0.7040202429149798 0.6313586065573771 0.6989888663967612 0.6114272540983607 0.6918987854251012 0.5979856557377049 0.6902980769230769 0.5729569672131147 0.695786943319838 0.5525625000000001 0.7083653846153847 0.5465368852459016 0.7266614372469636 0.5446834016393443 0.7383254048582996 0.5460737704918033 0.7467874493927126 0.5660040983606557 0.7472444331983806 0.6142090163934426 0.7534195344129555 0.6540696721311475 0.7550207489878543 0.6837346311475411 0.7424418016194332 0.697639344262295 0.7273476720647774 0.7087633196721312