0 0.3142712550607287 0.4395491803278688 0.3183198380566802 0.48258196721311475 0.3173076923076923 0.5051229508196722 0.31275303643724695 0.5307377049180327 0.31629554655870445 0.5604508196721312 0.34463562753036436 0.5717213114754098 0.3491902834008097 0.5686475409836066 0.3557692307692308 0.5563524590163934 0.3557692307692308 0.5409836065573771 0.35121457489878544 0.5133196721311475 0.35374493927125505 0.492827868852459 0.3431174089068826 0.43135245901639346 0.33299595141700405 0.4036885245901639 0.3259109311740891 0.39959016393442626
0 0.3785425101214575 0.4077868852459016 0.3775303643724696 0.42725409836065575 0.38461538461538464 0.4405737704918033 0.38917004048583 0.4426229508196721 0.39220647773279355 0.45594262295081966 0.39473684210526316 0.47540983606557374 0.3937246963562753 0.5122950819672131 0.40030364372469635 0.5358606557377049 0.40789473684210525 0.5399590163934426 0.42105263157894735 0.5276639344262295 0.4316801619433198 0.5256147540983607 0.4423076923076923 0.5092213114754098 0.4402834008097166 0.48565573770491804 0.4256072874493927 0.45286885245901637 0.4225708502024291 0.42725409836065575 0.40789473684210525 0.39036885245901637 0.39625506072874495 0.38524590163934425 0.39220647773279355 0.38729508196721313
0 0.3491902834008097 0.39549180327868855 0.34868421052631576 0.4395491803278688 0.3562753036437247 0.48463114754098363 0.35728744939271256 0.5133196721311475 0.36133603238866396 0.5338114754098361 0.36639676113360325 0.5368852459016393 0.3694331983805668 0.5245901639344263 0.3825910931174089 0.5133196721311475 0.39271255060728744 0.48258196721311475 0.39271255060728744 0.4733606557377049 0.3734817813765182 0.39139344262295084 0.36538461538461536 0.38422131147540983 0.35728744939271256 0.38422131147540983
0 0.4509109311740891 0.42315573770491804 0.45546558704453444 0.444672131147541 0.4519230769230769 0.4764344262295082 0.44483805668016196 0.5081967213114754 0.44483805668016196 0.5256147540983607 0.45040485829959515 0.5399590163934426 0.45445344129554655 0.5450819672131147 0.4600202429149798 0.5450819672131147 0.4701417004048583 0.5327868852459017 0.47520242914979755 0.5174180327868853 0.4686234817813765 0.41905737704918034 0.4625506072874494 0.3801229508196721 0.4549595141700405 0.39241803278688525 0.45546558704453444 0.40061475409836067
0 0.4731781376518219 0.3760245901639344 0.47621457489878544 0.5286885245901639 0.48228744939271256 0.5450819672131147 0.4883603238866397 0.548155737704918 0.49291497975708504 0.5430327868852459 0.5005060728744939 0.5225409836065574 0.5020242914979757 0.5040983606557377 0.4924089068825911 0.39959016393442626 0.4873481781376518 0.3780737704918033 0.48228744939271256 0.367827868852459
0 0.4271255060728745 0.6188524590163934 0.4266194331983806 0.7131147540983607 0.4311740890688259 0.7418032786885246 0.4352226720647773 0.7448770491803278 0.4433198380566802 0.7213114754098361 0.4483805668016194 0.6741803278688525 0.4534412955465587 0.6588114754098361 0.45394736842105265 0.6413934426229508 0.4605263157894737 0.6147540983606558 0.4610323886639676 0.5952868852459017 0.4498987854251012 0.5922131147540983 0.4433198380566802 0.5850409836065574 0.4352226720647773 0.5850409836065574 0.430668016194332 0.5973360655737705
0 0.45394736842105265 0.6137295081967213 0.4524291497975709 0.6475409836065574 0.4549595141700405 0.6659836065573771 0.4569838056680162 0.7366803278688525 0.4600202429149798 0.742827868852459 0.4665991902834008 0.7438524590163934 0.472165991902834 0.735655737704918 0.4767206477732793 0.7192622950819673 0.48026315789473684 0.6229508196721312 0.4777327935222672 0.6096311475409836 0.4625506072874494 0.5922131147540983 0.4564777327935223 0.5963114754098361
0 0.4782388663967611 0.6424180327868853 0.47874493927125505 0.7366803278688525 0.4848178137651822 0.7489754098360656 0.4924089068825911 0.7489754098360656 0.5020242914979757 0.7325819672131147 0.5030364372469636 0.7233606557377049 0.5025303643724697 0.6270491803278688 0.5 0.6055327868852459 0.49291497975708504 0.5891393442622951 0.4893724696356275 0.5881147540983607 0.48279352226720645 0.5973360655737705 0.4797570850202429 0.610655737704918
0 0.5 0.5901639344262295 0.49949392712550605 0.6034836065573771 0.5040485829959515 0.6301229508196722 0.5055668016194332 0.6915983606557377 0.5096153846153846 0.7213114754098361 0.513663967611336 0.7233606557377049 0.520748987854251 0.5911885245901639 0.5182186234817814 0.5788934426229508 0.5015182186234818 0.5860655737704918
0 0.5010121457489879 0.41905737704918034 0.5010121457489879 0.5215163934426229 0.5055668016194332 0.5450819672131147 0.5096153846153846 0.5522540983606558 0.5151821862348178 0.5522540983606558 0.5192307692307693 0.5450819672131147 0.520748987854251 0.43135245901639346 0.513663967611336 0.3975409836065574 0.5086032388663968 0.4026639344262295 0.5055668016194332 0.40061475409836067 0.5040485829959515 0.4139344262295082
0 0.5192307692307693 0.5133196721311475 0.5187246963562753 0.5430327868852459 0.5217611336032388 0.5532786885245902 0.5334008097165992 0.5584016393442623 0.5490890688259109 0.5584016393442623 0.5531376518218624 0.5502049180327869 0.5470647773279352 0.4344262295081967 0.5450404858299596 0.42315573770491804 0.5399797570850202 0.4180327868852459 0.5389676113360324 0.4036885245901639 0.5364372469635628 0.4016393442622951 0.5263157894736842 0.4036885245901639 0.5237854251012146 0.4262295081967213 0.5227732793522267 0.48258196721311475
0 0.5192307692307693 0.5788934426229508 0.5192307692307693 0.6854508196721312 0.5217611336032388 0.7110655737704918 0.5293522267206477 0.7233606557377049 0.5334008097165992 0.7182377049180327 0.5369433198380567 0.7049180327868853 0.541497975708502 0.5799180327868853 0.5379554655870445 0.569672131147541 0.5334008097165992 0.5655737704918032
0 0.5374493927125507 0.6342213114754098 0.5374493927125507 0.7069672131147541 0.5404858299595142 0.7141393442622951 0.5435222672064778 0.7141393442622951 0.5475708502024291 0.7090163934426229 0.5561740890688259 0.6311475409836066 0.562246963562753 0.5993852459016393 0.5617408906882592 0.5870901639344263 0.5490890688259109 0.569672131147541 0.548582995951417 0.5645491803278688 0.5404858299595142 0.5758196721311475
0 0.5516194331983806 0.3801229508196721 0.5506072874493927 0.4088114754098361 0.5541497975708503 0.4641393442622951 0.5526315789473685 0.5563524590163934 0.5612348178137652 0.5645491803278688 0.583502024291498 0.5614754098360656 0.5865384615384616 0.5522540983606558 0.5860323886639676 0.5163934426229508 0.5804655870445344 0.4764344262295082 0.576417004048583 0.39549180327868855 0.5723684210526315 0.36475409836065575 0.5602226720647774 0.36168032786885246 0.5531376518218624 0.3719262295081967
0 0.555161943319838 0.6618852459016393 0.5516194331983806 0.7213114754098361 0.5546558704453441 0.7346311475409836 0.5642712550607287 0.7397540983606558 0.569331983805668 0.7243852459016393 0.5738866396761133 0.6813524590163934 0.5845141700404858 0.6260245901639344 0.5870445344129555 0.6034836065573771 0.5845141700404858 0.5952868852459017 0.5759109311740891 0.5870901639344263 0.5678137651821862 0.5860655737704918 0.5652834008097166 0.5901639344262295 0.5617408906882592 0.6034836065573771
0 0.5921052631578947 0.4385245901639344 0.5875506072874493 0.5430327868852459 0.5946356275303644 0.5655737704918032 0.6032388663967612 0.5758196721311475 0.6123481781376519 0.5563524590163934 0.6163967611336032 0.5358606557377049 0.6123481781376519 0.5 0.611336032388664 0.46209016393442626 0.6163967611336032 0.4077868852459016 0.6138663967611336 0.4047131147540984 0.6128542510121457 0.39241803278688525 0.6082995951417004 0.3801229508196721 0.6022267206477733 0.3801229508196721 0.59665991902834 0.39241803278688525
0 0.5789473684210527 0.673155737704918 0.5779352226720648 0.7182377049180327 0.5799595141700404 0.7366803278688525 0.5840080971659919 0.7438524590163934 0.5951417004048583 0.7397540983606558 0.59665991902834 0.7192622950819673 0.6022267206477733 0.6967213114754098 0.6027327935222672 0.6782786885245902 0.6108299595141701 0.6413934426229508 0.6032388663967612 0.5973360655737705 0.5910931174089069 0.5963114754098361 0.5870445344129555 0.6034836065573771
0 0.6116442307692307 0.5119303278688525 0.6170738866396761 0.45369159836065576 0.6200232793522267 0.3939170081967213 0.6277373481781378 0.39529610655737707 0.6336361336032389 0.43116086065573767 0.6343168016194333 0.49783299180327867 0.6290986842105263 0.5336987704918033 0.6216113360323887 0.5235829918032787 0.6173011133603239 0.5148463114754098
0 0.618211032388664 0.6736485655737705 0.6197990890688259 0.7136526639344262 0.6225217611336032 0.740780737704918 0.6295546558704453 0.7371024590163935 0.6343193319838056 0.7090543032786886 0.6336386639676113 0.6745686475409837 0.6313699392712551 0.6658319672131148 0.618211032388664 0.6690512295081967 0.617757085020243 0.6754877049180328
0 0.6433942307692307 0.6520379098360656 0.6497469635627531 0.7026168032786886 0.6585951417004049 0.7260665983606557 0.6663092105263158 0.7260665983606557 0.6663092105263158 0.6828452868852459 0.6629058704453441 0.6511188524590164 0.6458901821862348 0.6433012295081967 0.6411255060728746 0.6396229508196721 0.6429407894736843 0.654797131147541 0.6431675101214575 0.6538770491803279
0 0.6470581983805668 0.39918135245901637 0.6411594129554656 0.44792110655737705 0.6334453441295547 0.4939016393442623 0.6295885627530364 0.5385030737704918 0.6361680161943319 0.5670112704918033 0.6518228744939271 0.5688504098360656 0.6627125506072874 0.5467797131147542 0.6561330971659919 0.5191915983606558 0.6538643724696357 0.48148668032786884 0.6527302631578947 0.4552776639344262 0.6563603238866397 0.4152745901639344 0.6531837044534413 0.39320389344262296 0.6477388663967611 0.4019405737704918
0 0.669745951417004 0.41389549180327867 0.6631664979757085 0.4594159836065574 0.660671052631579 0.5030983606557377 0.657040991902834 0.537123975409836 0.6563603238866397 0.5628729508196721 0.6740566801619433 0.5739088114754098 0.6960637651821863 0.5720696721311476 0.7033238866396762 0.5532172131147541 0.7019625506072874 0.5159723360655738 0.7003744939271256 0.4957407786885246 0.7010551619433198 0.44470286885245897 0.6985597165991903 0.40699795081967216 0.6869888663967612 0.3692940573770492 0.6797287449392713 0.36653483606557374 0.6701998987854251 0.4083780737704918 0.6677039473684211 0.418952868852459
0 0.6761184210526315 0.6761967213114753 0.6865546558704454 0.6490676229508197 0.6958567813765182 0.654126024590164 0.6997135627530364 0.6651608606557378 0.6919994939271256 0.6858524590163935 0.6829245951417005 0.6945891393442623 0.6749838056680162 0.7005665983606558 0.667496963562753 0.6950481557377048 0.6765718623481781 0.6775758196721311
0 0.7015283400809716 0.6076854508196722 0.7126452429149797 0.6697592213114754 0.7199053643724695 0.695968237704918 0.7278461538461538 0.6872315573770492 0.7253507085020242 0.6591834016393443 0.7180905870445343 0.6302161885245902 0.713325910931174 0.6058463114754099
0 0.7024362348178137 0.4987110655737705 0.7044777327935222 0.5308975409836065 0.7199053643724695 0.5474508196721312 0.7389635627530364 0.5373350409836065 0.7466771255060729 0.504688524590164 0.7376022267206478 0.43893545081967217 0.7339721659919028 0.38008094262295083 0.7183173076923077 0.35525102459016394 0.7103765182186235 0.3828391393442623 0.7072004048582996 0.44537295081967215 0.7049316801619433 0.48583606557377046
0 0.7471310728744939 0.43433811475409834 0.7453157894736842 0.4794559426229508 0.7484924089068826 0.5029057377049181 0.782297064777328 0.49135348360655734 0.7891032388663968 0.46790368852459013 0.7884225708502024 0.4375563524590164 0.7798011133603239 0.39341495901639345 0.7750369433198381 0.3478934426229508 0.7589286437246964 0.3166834016393443 0.7493997975708503 0.340594262295082 0.7493997975708503 0.3833555327868852 0.7466771255060729 0.4311762295081967
0 0.7262100202429149 0.5579866803278689 0.721921052631579 0.5731034836065574 0.7329235829959514 0.6018258196721311 0.7472823886639677 0.6305491803278689 0.7612677125506073 0.6634282786885246 0.7739483805668016 0.6743883196721311 0.7840182186234818 0.654735655737705 0.7769321862348179 0.6335717213114754 0.7782373481781376 0.6154313524590164 0.794461032388664 0.6331946721311476 0.8022930161943319 0.6411311475409837 0.8050900809716599 0.6214784836065573 0.7981902834008097 0.6003145491803279 0.786256072874494 0.5829293032786885 0.7817803643724697 0.5523176229508197 0.7748805668016194 0.5322868852459016 0.7666756072874494 0.5232172131147541 0.7567925101214575 0.5239733606557377 0.7469094129554656 0.5341772540983606 0.7390769230769231 0.5428688524590164 0.7304989878542509 0.545892418032787