0 0.44281376518218624 0.4036885245901639 0.4382591093117409 0.5717213114754098 0.44483805668016196 0.5881147540983607 0.4590080971659919 0.5891393442622951 0.4686234817813765 0.5747950819672131 0.46963562753036436 0.5614754098360656 0.4645748987854251 0.4395491803278688 0.4509109311740891 0.3985655737704918
0 0.4104251012145749 0.6168032786885246 0.4230769230769231 0.742827868852459 0.4256072874493927 0.7520491803278688 0.42965587044534415 0.7530737704918032 0.43876518218623484 0.7377049180327869 0.4433198380566802 0.7049180327868853 0.44483805668016196 0.6065573770491803 0.4316801619433198 0.5973360655737705 0.416497975708502 0.6075819672131147
0 0.43724696356275305 0.6045081967213115 0.44686234817813764 0.7407786885245902 0.44888663967611336 0.7479508196721312 0.45445344129554655 0.7520491803278688 0.4676113360323887 0.7479508196721312 0.4706477732793522 0.7397540983606558 0.4716599190283401 0.7172131147540983 0.472165991902834 0.6147540983606558 0.4691295546558704 0.6075819672131147 0.4559716599190283 0.6014344262295082
0 0.47115384615384615 0.45081967213114754 0.46963562753036436 0.5676229508196722 0.47520242914979755 0.5829918032786885 0.48633603238866396 0.5840163934426229 0.4959514170040486 0.5727459016393442 0.49038461538461536 0.4395491803278688 0.4782388663967611 0.4354508196721312 0.47368421052631576 0.4405737704918033
0 0.49949392712550605 0.44672131147540983 0.49696356275303644 0.5522540983606558 0.49898785425101216 0.5788934426229508 0.5015182186234818 0.5860655737704918 0.5086032388663968 0.5901639344262295 0.52834008097166 0.5819672131147541 0.5308704453441295 0.5758196721311475 0.5308704453441295 0.5491803278688525 0.5227732793522267 0.39549180327868855 0.5156882591093117 0.39549180327868855 0.5086032388663968 0.4077868852459016 0.5005060728744939 0.42725409836065575
0 0.49544534412955465 0.6147540983606558 0.5080971659919028 0.7264344262295082 0.513663967611336 0.7397540983606558 0.521255060728745 0.7397540983606558 0.5253036437246964 0.7213114754098361 0.5217611336032388 0.6065573770491803 0.5096153846153846 0.6004098360655737
0 0.4706477732793522 0.6147540983606558 0.46963562753036436 0.6854508196721312 0.4741902834008097 0.7366803278688525 0.4888663967611336 0.7756147540983607 0.5005060728744939 0.7756147540983607 0.5040485829959515 0.7633196721311475 0.5055668016194332 0.7295081967213115 0.4984817813765182 0.6424180327868853 0.48633603238866396 0.610655737704918 0.47368421052631576 0.6096311475409836
0 0.5323886639676113 0.5522540983606558 0.5313765182186235 0.5727459016393442 0.5339068825910931 0.5809426229508197 0.5597165991902834 0.5829918032786885 0.5637651821862348 0.5809426229508197 0.5662955465587044 0.5717213114754098 0.5708502024291497 0.4385245901639344 0.5652834008097166 0.4088114754098361 0.5602226720647774 0.4026639344262295 0.5561740890688259 0.4026639344262295 0.5490890688259109 0.41188524590163933
0 0.5733805668016194 0.4344262295081967 0.5688259109311741 0.5573770491803278 0.5723684210526315 0.5686475409836066 0.5845141700404858 0.5717213114754098 0.5880566801619433 0.5686475409836066 0.5931174089068826 0.5522540983606558 0.5956477732793523 0.4180327868852459 0.5890688259109311 0.4047131147540984 0.5814777327935222 0.4057377049180328
0 0.5217611336032388 0.5870901639344263 0.521255060728745 0.6127049180327869 0.527834008097166 0.6997950819672131 0.5328947368421053 0.7202868852459017 0.5404858299595142 0.7233606557377049 0.5465587044534413 0.7131147540983607 0.5465587044534413 0.5870901639344263
0 0.5981781376518218 0.42315573770491804 0.5931174089068826 0.5563524590163934 0.6027327935222672 0.5727459016393442 0.6118421052631579 0.5747950819672131 0.617914979757085 0.5706967213114754 0.6234817813765182 0.5594262295081968 0.6260121457489879 0.38729508196721313 0.6229757085020243 0.3770491803278688 0.6093117408906883 0.3780737704918033 0.6002024291497976 0.4077868852459016
0 0.5455465587044535 0.6096311475409836 0.548582995951417 0.6854508196721312 0.5526315789473685 0.6987704918032787 0.5642712550607287 0.7131147540983607 0.5688259109311741 0.6967213114754098 0.5657894736842105 0.6147540983606558 0.562753036437247 0.6086065573770492 0.548582995951417 0.6055327868852459
0 0.5678137651821862 0.6260245901639344 0.5673076923076923 0.6495901639344263 0.5779352226720648 0.7315573770491803 0.583502024291498 0.7438524590163934 0.5915991902834008 0.7459016393442623 0.5931174089068826 0.7120901639344263 0.5895748987854251 0.6219262295081968 0.5855263157894737 0.6168032786885246 0.5743927125506073 0.6168032786885246
0 0.5915991902834008 0.6260245901639344 0.5915991902834008 0.6506147540983607 0.6032388663967612 0.7469262295081968 0.6108299595141701 0.7725409836065574 0.6189271255060729 0.7817622950819673 0.625 0.7756147540983607 0.6265182186234818 0.6926229508196722 0.617914979757085 0.6270491803278688 0.6148785425101214 0.617827868852459 0.6088056680161943 0.6127049180327869 0.5996963562753036 0.6127049180327869
0 0.36082995951417 0.42725409836065575 0.3557692307692308 0.5706967213114754 0.35931174089068824 0.5799180327868853 0.3689271255060729 0.5901639344262295 0.39119433198380565 0.5870901639344263 0.3982793522267207 0.5727459016393442 0.39979757085020245 0.555327868852459 0.3881578947368421 0.42315573770491804 0.36791497975708504 0.42110655737704916
0 0.3208502024291498 0.5040983606557377 0.32034412955465585 0.5420081967213115 0.3259109311740891 0.5594262295081968 0.34463562753036436 0.5676229508196722 0.3557692307692308 0.5594262295081968 0.3582995951417004 0.5389344262295082 0.3532388663967611 0.48155737704918034 0.34615384615384615 0.42520491803278687 0.34058704453441296 0.41290983606557374 0.3340080971659919 0.41290983606557374 0.32945344129554655 0.41905737704918034
0 0.2813765182186235 0.47848360655737704 0.2793522267206478 0.5040983606557377 0.28289473684210525 0.5174180327868853 0.3076923076923077 0.5276639344262295 0.3147773279352227 0.5235655737704918 0.3188259109311741 0.5133196721311475 0.32034412955465585 0.4774590163934426 0.31781376518218624 0.45081967213114754 0.3026315789473684 0.3831967213114754 0.2980769230769231 0.38422131147540983 0.2930161943319838 0.4036885245901639
0 0.26417004048583 0.6270491803278688 0.2631578947368421 0.6342213114754098 0.27530364372469635 0.6711065573770492 0.2783400809716599 0.6752049180327869 0.2859311740890688 0.673155737704918 0.30718623481781376 0.6536885245901639 0.33805668016194335 0.6116803278688525 0.3436234817813765 0.5983606557377049 0.3451417004048583 0.5819672131147541 0.34210526315789475 0.5706967213114754 0.3375506072874494 0.5655737704918032 0.3117408906882591 0.5430327868852459 0.3001012145748988 0.5409836065573771
0 0.6234817813765182 0.4569672131147541 0.6189271255060729 0.5368852459016393 0.6199392712550608 0.5522540983606558 0.6270242914979757 0.5665983606557377 0.6467611336032388 0.5706967213114754 0.6513157894736842 0.5635245901639344 0.65334008097166 0.5399590163934426 0.6427125506072875 0.4036885245901639 0.638663967611336 0.39139344262295084 0.6300607287449392 0.39241803278688525
0 0.6189271255060729 0.6239754098360656 0.618421052631579 0.6352459016393442 0.6290485829959515 0.7223360655737705 0.6422064777327935 0.7602459016393442 0.6477732793522267 0.7633196721311475 0.6503036437246964 0.7561475409836066 0.6482793522267206 0.6270491803278688 0.6422064777327935 0.6147540983606558 0.6336032388663968 0.6116803278688525 0.6219635627530364 0.617827868852459
0 0.7211538461538461 0.42725409836065575 0.715080971659919 0.5307377049180327 0.7181174089068826 0.548155737704918 0.728744939271255 0.5573770491803278 0.7439271255060729 0.5461065573770492 0.7510121457489879 0.5307377049180327 0.7520242914979757 0.5194672131147541 0.7439271255060729 0.4354508196721312 0.7378542510121457 0.4077868852459016 0.7327935222672065 0.4026639344262295 0.7272267206477733 0.4057377049180328
0 0.7580971659919028 0.39651639344262296 0.7484817813765182 0.5010245901639344 0.7540485829959515 0.5194672131147541 0.7641700404858299 0.5235655737704918 0.7828947368421053 0.5081967213114754 0.7869433198380567 0.492827868852459 0.7717611336032388 0.3739754098360656 0.7621457489878543 0.3801229508196721
0 0.7358299595141701 0.5788934426229508 0.7353238866396761 0.5963114754098361 0.7388663967611336 0.6065573770491803 0.77834008097166 0.6741803278688525 0.7884615384615384 0.673155737704918 0.8006072874493927 0.6495901639344263 0.8021255060728745 0.6342213114754098 0.798582995951417 0.6198770491803278 0.7737854251012146 0.5440573770491803 0.7606275303643725 0.5430327868852459