0 0.27125506072874495 0.5727459016393442 0.26973684210526316 0.5870901639344263 0.27125506072874495 0.6014344262295082 0.2768218623481781 0.6045081967213115 0.2980769230769231 0.5952868852459017 0.31376518218623484 0.5778688524590164 0.3410931174089069 0.5194672131147541 0.34463562753036436 0.5061475409836066 0.3441295546558704 0.48975409836065575 0.340080971659919 0.48155737704918034 0.3324898785425101 0.4764344262295082 0.3243927125506073 0.45799180327868855 0.3092105263157895 0.4456967213114754 0.30111336032388664 0.46209016393442626
0 0.3107287449392713 0.35963114754098363 0.30870445344129555 0.4026639344262295 0.319331983805668 0.4077868852459016 0.3243927125506073 0.42315573770491804 0.3248987854251012 0.4323770491803279 0.3299595141700405 0.4405737704918033 0.3350202429149798 0.3790983606557377 0.3259109311740891 0.31864754098360654 0.32186234817813764 0.3176229508196721 0.3173076923076923 0.3237704918032787
0 0.33653846153846156 0.42418032786885246 0.3375506072874494 0.4569672131147541 0.34868421052631576 0.47950819672131145 0.35779352226720645 0.4805327868852459 0.36690283400809715 0.4692622950819672 0.36538461538461536 0.3514344262295082 0.36133603238866396 0.29713114754098363 0.35779352226720645 0.28790983606557374 0.35020242914979755 0.2889344262295082 0.34868421052631576 0.2930327868852459 0.34969635627530365 0.29815573770491804 0.3426113360323887 0.3401639344262295
0 0.3081983805668016 0.6577868852459017 0.3061740890688259 0.6690573770491803 0.3097165991902834 0.6813524590163934 0.3208502024291498 0.6915983606557377 0.32945344129554655 0.6844262295081968 0.3775303643724696 0.5706967213114754 0.3825910931174089 0.548155737704918 0.3815789473684211 0.5297131147540983 0.3598178137651822 0.5204918032786885 0.35779352226720645 0.5133196721311475 0.3527327935222672 0.5092213114754098 0.3436234817813765 0.5092213114754098 0.33704453441295545 0.5286885245901639
0 0.37550607287449395 0.3944672131147541 0.3684210526315789 0.42315573770491804 0.3684210526315789 0.4334016393442623 0.37601214574898784 0.4600409836065574 0.38360323886639675 0.46209016393442626 0.4089068825910931 0.4108606557377049 0.4073886639676113 0.3862704918032787 0.40384615384615385 0.3729508196721312 0.4048582995951417 0.3524590163934426 0.40030364372469635 0.3452868852459016 0.39220647773279355 0.3483606557377049
0 0.36450556680161944 0.6544405737704918 0.3693299595141701 0.6025758196721311 0.375622975708502 0.5800450819672132 0.39072570850202426 0.5893975409836065 0.38548178137651823 0.6153299180327869 0.38170597165991904 0.6518893442622951 0.376252024291498 0.6812223360655738 0.3676518218623482 0.6841987704918033 0.36093927125506076 0.6680440573770492
0 0.38275455465587044 0.6773965163934427 0.3865303643724696 0.6340348360655738 0.3873694331983806 0.6064016393442623 0.3892570850202429 0.5940737704918033 0.3982768218623482 0.5859959016393442 0.41212145748987855 0.5804702868852459 0.4049893724696356 0.6136290983606558 0.3993259109311741 0.6480635245901639 0.39471103238866395 0.6718698770491803 0.3892570850202429 0.6816475409836066
0 0.3932186234817814 0.4774590163934426 0.39271255060728744 0.49385245901639346 0.39979757085020245 0.5102459016393442 0.41295546558704455 0.5081967213114754 0.4180161943319838 0.5020491803278688 0.42206477732793524 0.48975409836065575 0.4311740890688259 0.35450819672131145 0.4276315789473684 0.3114754098360656 0.4215587044534413 0.3104508196721312 0.4185222672064777 0.3176229508196721 0.4180161943319838 0.33811475409836067 0.41143724696356276 0.3831967213114754
0 0.4316801619433198 0.32581967213114754 0.42864372469635625 0.4016393442622951 0.4175101214574899 0.5010245901639344 0.4180161943319838 0.5133196721311475 0.423582995951417 0.5276639344262295 0.44281376518218624 0.5153688524590164 0.4473684210526316 0.4979508196721312 0.4483805668016194 0.4805327868852459 0.4483805668016194 0.3401639344262295 0.44686234817813764 0.32991803278688525 0.4382591093117409 0.3125 0.4352226720647773 0.3114754098360656
0 0.40941295546558704 0.5829918032786885 0.409919028340081 0.6506147540983607 0.4023279352226721 0.6967213114754098 0.40030364372469635 0.7233606557377049 0.40384615384615385 0.7295081967213115 0.41548582995951416 0.7233606557377049 0.42813765182186236 0.6516393442622951 0.4367408906882591 0.5788934426229508 0.4326923076923077 0.5614754098360656 0.4276315789473684 0.5563524590163934 0.41295546558704455 0.5676229508196722
0 0.43370445344129555 0.5952868852459017 0.43016194331983804 0.6854508196721312 0.42611336032388664 0.7233606557377049 0.4276315789473684 0.7366803278688525 0.4367408906882591 0.735655737704918 0.4433198380566802 0.7202868852459017 0.4605263157894737 0.6075819672131147 0.46153846153846156 0.5891393442622951 0.4590080971659919 0.5758196721311475 0.44888663967611336 0.5717213114754098 0.43724696356275305 0.576844262295082
0 0.43855516194331984 0.5009262295081968 0.43804908906882595 0.5193688524590164 0.4507009109311741 0.5439590163934426 0.4598102226720648 0.5398606557377049 0.4684134615384616 0.5265409836065573 0.4694256072874494 0.4363770491803279 0.47195597165991904 0.41690983606557375 0.4694256072874494 0.3513360655737705 0.465377024291498 0.3165 0.45373734817813766 0.3154754098360656 0.4501948380566802 0.3216229508196721 0.4491826923076923 0.3749016393442623 0.4466523279352227 0.3830983606557377 0.44766447368421053 0.39129508196721313 0.4426037449392713 0.4712131147540984 0.43956730769230773 0.4845327868852459 0.4415915991902834 0.49068032786885246
0 0.46963562753036436 0.5061475409836066 0.4691295546558704 0.5450819672131147 0.47368421052631576 0.5543032786885246 0.4848178137651822 0.5543032786885246 0.48785425101214575 0.5450819672131147 0.49038461538461536 0.5040983606557377 0.4939271255060729 0.38934426229508196 0.49291497975708504 0.35655737704918034 0.48785425101214575 0.34938524590163933 0.4853238866396761 0.35040983606557374 0.4817813765182186 0.36577868852459017
0 0.4473684210526316 0.7397540983606558 0.44686234817813764 0.7551229508196722 0.4509109311740891 0.7674180327868853 0.45546558704453444 0.7684426229508197 0.4610323886639676 0.7633196721311475 0.46558704453441296 0.7448770491803278 0.4701417004048583 0.7387295081967213 0.4868421052631579 0.6618852459016393 0.4848178137651822 0.6567622950819673 0.49190283400809715 0.6270491803278688 0.4873481781376518 0.5942622950819673 0.47874493927125505 0.5850409836065574 0.47368421052631576 0.5840163934426229 0.46204453441295545 0.5963114754098361 0.4569838056680162 0.6762295081967213 0.4498987854251012 0.7008196721311475
0 0.4791088056680162 0.6947909836065573 0.4841427125506073 0.623796106557377 0.4864504048582996 0.5940379098360655 0.48603087044534415 0.568530737704918 0.5002945344129555 0.5693811475409836 0.5086847165991902 0.5740573770491803 0.5019726720647774 0.6169948770491803 0.49630921052631577 0.6641823770491803 0.48603087044534415 0.7020184426229508 0.4786892712550607 0.7049938524590164
0 0.49603795546558704 0.4023155737704918 0.48794078947368424 0.5467827868852458 0.4930015182186235 0.5601024590163934 0.5137505060728745 0.5672745901639344 0.5188112348178138 0.559077868852459 0.5167869433198381 0.3900204918032787 0.5091958502024292 0.35928278688524595 0.49958046558704455 0.3664549180327869 0.5005926113360324 0.3726024590163935
0 0.5353658906882591 0.3419549180327869 0.5294929149797571 0.41167418032786884 0.5273952429149797 0.4711905737704918 0.5219412955465587 0.5217797131147541 0.5204731781376518 0.5460122950819672 0.5326391700404858 0.5596157786885245 0.5473223684210526 0.5574897540983607 0.5536153846153846 0.5243309426229509 0.5500495951417004 0.47374180327868853 0.5490005060728745 0.41167418032786884 0.5498395748987854 0.3712879098360656 0.5490005060728745 0.3385543032786885 0.5389321862348179 0.333452868852459 0.5343173076923077 0.3415297131147541
0 0.4985627530364372 0.5994815573770492 0.5131077935222672 0.5951936475409836 0.5206594129554656 0.602421106557377 0.5194008097165992 0.6619375000000001 0.5145764170040485 0.7176280737704918 0.5063957489878542 0.719327868852459 0.5024104251012146 0.692546106557377 0.49947368421052635 0.6589610655737704 0.4996831983805668 0.6317540983606558
0 0.5236548582995951 0.5825532786885246 0.5381280364372469 0.5791526639344263 0.5416943319838057 0.5987079918032787 0.5400161943319838 0.6433452868852458 0.5351912955465588 0.6875573770491804 0.5299473684210526 0.7219918032786885 0.5202985829959513 0.7262438524590163 0.5165227732793523 0.7003114754098361 0.519039979757085 0.6620502049180327 0.519039979757085 0.6297418032786886 0.5192494939271255 0.604234631147541 0.5186204453441297 0.5872295081967213
0 0.556120951417004 0.37735450819672134 0.5550718623481781 0.4457981557377049 0.5544428137651821 0.48958504098360656 0.5533942307692308 0.5227438524590163 0.5529746963562754 0.5512274590163935 0.5586381578947368 0.5648309426229507 0.569336032388664 0.5631301229508197 0.575419028340081 0.5461260245901639 0.5768871457489879 0.5210440573770492 0.5762580971659919 0.4985122950819672 0.5760480769230769 0.4628022540983606 0.5758385627530365 0.4423975409836065 0.5749994939271256 0.39393340163934426 0.5747894736842106 0.371827868852459 0.5720627530364373 0.35439754098360654 0.562413967611336 0.35609836065573774 0.5586381578947368 0.3646004098360656 0.5554913967611337 0.3824559426229508
0 0.5353335020242915 0.7211260245901638 0.5391093117408907 0.6637346311475409 0.5393188259109312 0.6220737704918032 0.5388992914979757 0.5893391393442623 0.5388992914979757 0.5787110655737705 0.5550511133603239 0.5761608606557377 0.5628122469635627 0.5829631147540983 0.5598755060728745 0.6152715163934426 0.5563097165991903 0.6620348360655737 0.5529534412955466 0.7011454918032787 0.5489681174089068 0.7266526639344262 0.5397383603238866 0.7296280737704918
0 0.570582995951417 0.781265368852459 0.5699534412955466 0.7081454918032787 0.5674362348178137 0.6715850409836065 0.5630313765182186 0.6443780737704918 0.5628218623481781 0.6209959016393443 0.5636609311740891 0.6082428278688524 0.5731002024291497 0.5929385245901639 0.5831685222672064 0.5891127049180328 0.5909296558704453 0.5976147540983607 0.5930273279352226 0.6201465163934426 0.595754048582996 0.7047448770491803 0.595125 0.7230245901639345 0.5930273279352226 0.754483606557377 0.5892515182186235 0.7736137295081967 0.5772950404858299 0.7825409836065573
0 0.5972788461538461 0.3296106557377049 0.5888881578947368 0.3950788934426229 0.5853223684210527 0.42951331967213113 0.5779807692307692 0.4792520491803279 0.5754635627530365 0.5090102459016393 0.5798684210526316 0.5370686475409836 0.5966492914979757 0.5493965163934427 0.605879048582996 0.5298411885245902 0.6090253036437246 0.4996577868852459 0.6098643724696357 0.4558709016393443 0.6092353238866396 0.4150594262295082 0.6090253036437246 0.3801997950819672 0.6073471659919027 0.34321413934426226 0.6037813765182186 0.3257848360655738
0 0.6461877530364373 0.7527920081967213 0.6312945344129555 0.6826475409836066 0.6214357287449394 0.6337592213114754 0.6126255060728745 0.5980491803278689 0.6101088056680162 0.5848709016393442 0.6098987854251012 0.5725420081967214 0.6145136639676113 0.5682909836065574 0.6247920040485829 0.5708422131147541 0.6356993927125506 0.5708422131147541 0.6445096153846154 0.5763688524590164 0.6468168016194331 0.5971997950819672 0.6468168016194331 0.6248319672131147 0.6497535425101215 0.6465133196721311 0.6528997975708503 0.6724446721311476 0.6573046558704454 0.6971024590163934 0.6600318825910931 0.7238842213114753 0.6621295546558704 0.7332366803278688 0.6656953441295547 0.7519426229508196 0.6688415991902834 0.7680963114754099 0.6650657894736842 0.7740481557377049 0.656256072874494 0.7710727459016393 0.649334008097166 0.7578934426229508 0.6487044534412955 0.7553432377049181
0 0.6110996963562753 0.3614979508196721 0.6054362348178138 0.44014549180327867 0.6016604251012146 0.4656526639344262 0.5991432186234817 0.4903094262295082 0.6022894736842105 0.515391393442623 0.6092115384615384 0.5345215163934426 0.6163436234817814 0.5383473360655738 0.6299782388663967 0.5438739754098361 0.6364807692307692 0.5370717213114754 0.638997975708502 0.5136905737704919 0.6358512145748988 0.4869077868852459 0.6297682186234818 0.4350440573770492 0.62809008097166 0.41421311475409833 0.6236852226720648 0.37467725409836067 0.6157145748987854 0.3318821721311475
0 0.6415151821862348 0.3178534836065574 0.6383684210526316 0.3909733606557377 0.6373198380566801 0.4211567622950819 0.6339635627530364 0.4462387295081967 0.6291391700404859 0.4704713114754098 0.6297682186234818 0.49045184426229504 0.6320759109311741 0.5061803278688525 0.6423542510121457 0.5193596311475409 0.6501153846153845 0.5236106557377049 0.6624908906882592 0.5155338114754099 0.6639595141700404 0.49215163934426226 0.6610227732793522 0.4581424180327869 0.6555688259109311 0.4207325819672131 0.6545202429149798 0.3811956967213115 0.6541007085020243 0.35313831967213116 0.6551492914979757 0.32933196721311475 0.6557788461538462 0.306375 0.6492763157894736 0.2923463114754098 0.6410956477732794 0.306375 0.6404660931174089 0.32167930327868854
0 0.6290485829959515 0.5522540983606558 0.6285425101214575 0.5758196721311475 0.6624493927125507 0.6956967213114754 0.6831983805668016 0.7284836065573771 0.7054655870445344 0.7264344262295082 0.7090080971659919 0.7202868852459017 0.7125506072874493 0.7049180327868853 0.7105263157894737 0.6895491803278688 0.6796558704453441 0.5440573770491803 0.6578947368421053 0.5317622950819673 0.631578947368421 0.5461065573770492
0 0.6558704453441295 0.44672131147540983 0.6563765182186235 0.4887295081967213 0.6695344129554656 0.5081967213114754 0.6933198380566802 0.5030737704918032 0.701417004048583 0.49385245901639346 0.7029352226720648 0.4692622950819672 0.6897773279352226 0.3411885245901639 0.6816801619433198 0.319672131147541 0.6756072874493927 0.32581967213114754 0.667004048582996 0.36065573770491804
0 0.6786437246963563 0.5399590163934426 0.6857287449392713 0.5737704918032787 0.7413967611336032 0.6895491803278688 0.7515182186234818 0.6967213114754098 0.7601214574898786 0.6454918032786885 0.728744939271255 0.5163934426229508 0.7226720647773279 0.5081967213114754 0.7090080971659919 0.5102459016393442 0.6842105263157895 0.5245901639344263 0.680668016194332 0.5286885245901639
0 0.7307692307692307 0.507172131147541 0.729757085020243 0.5174180327868853 0.7338056680161943 0.5399590163934426 0.777834008097166 0.6137295081967213 0.7879554655870445 0.6188524590163934 0.8031376518218624 0.6045081967213115 0.8026315789473685 0.5860655737704918 0.7990890688259109 0.5686475409836066 0.7813765182186235 0.4887295081967213 0.7758097165991903 0.4733606557377049 0.7722672064777328 0.4692622950819672 0.7646761133603239 0.4702868852459016 0.7338056680161943 0.5
0 0.7024291497975709 0.3442622950819672 0.7004048582995951 0.4375 0.7029352226720648 0.4682377049180328 0.7064777327935222 0.4774590163934426 0.7206477732793523 0.48258196721311475 0.736336032388664 0.4672131147540984 0.7413967611336032 0.45491803278688525 0.7277327935222672 0.33401639344262296 0.7206477732793523 0.30225409836065575 0.7160931174089069 0.29918032786885246 0.7044534412955465 0.3155737704918033
0 0.7322874493927125 0.29508196721311475 0.7312753036437247 0.36270491803278687 0.7348178137651822 0.4344262295081967 0.7464574898785425 0.45389344262295084 0.7586032388663968 0.45184426229508196 0.7793522267206477 0.4262295081967213 0.7793522267206477 0.4067622950819672 0.7586032388663968 0.32479508196721313 0.7459514170040485 0.2930327868852459 0.7393724696356275 0.2889344262295082