0 0.7611336032388664 0.4764344262295082 0.7403846153846154 0.5286885245901639 0.7408906882591093 0.5399590163934426 0.7464574898785425 0.555327868852459 0.8142712550607287 0.6004098360655737 0.8238866396761133 0.5952868852459017 0.8142712550607287 0.5286885245901639 0.7732793522267206 0.47438524590163933 0.763663967611336 0.4723360655737705
0 0.7317813765182186 0.4026639344262295 0.7312753036437247 0.41905737704918034 0.7353238866396761 0.4364754098360656 0.7479757085020243 0.4415983606557377 0.7631578947368421 0.42827868852459017 0.7656882591093117 0.4108606557377049 0.7667004048582996 0.36475409836065575 0.7591093117408907 0.33811475409836067 0.7505060728744939 0.3350409836065574 0.7419028340080972 0.3411885245901639
0 0.7019230769230769 0.4375 0.7024291497975709 0.4713114754098361 0.7125506072874493 0.492827868852459 0.7327935222672065 0.48975409836065575 0.7398785425101214 0.4805327868852459 0.7419028340080972 0.4415983606557377 0.7378542510121457 0.35348360655737704 0.7327935222672065 0.33709016393442626 0.7241902834008097 0.33709016393442626 0.7165991902834008 0.3452868852459016
0 0.7019230769230769 0.5788934426229508 0.7024291497975709 0.5952868852459017 0.7130566801619433 0.6198770491803278 0.7631578947368421 0.6711065573770492 0.7788461538461539 0.6772540983606558 0.7834008097165992 0.6680327868852459 0.7834008097165992 0.6526639344262295 0.7722672064777328 0.6157786885245902 0.7348178137651822 0.5338114754098361 0.7267206477732794 0.5307377049180327 0.7226720647773279 0.5348360655737705 0.7029352226720648 0.5717213114754098
0 0.6578947368421053 0.5870901639344263 0.6619433198380567 0.6188524590163934 0.6973684210526315 0.701844262295082 0.7155870445344129 0.7100409836065574 0.7302631578947368 0.6844262295081968 0.7257085020242915 0.6577868852459017 0.6963562753036437 0.5645491803278688 0.6923076923076923 0.5614754098360656 0.673582995951417 0.5655737704918032
0 0.6305668016194332 0.6239754098360656 0.6300607287449392 0.6383196721311475 0.6766194331983806 0.7254098360655737 0.6887651821862348 0.7407786885245902 0.6928137651821862 0.735655737704918 0.6882591093117408 0.7079918032786885 0.6589068825910931 0.6045081967213115 0.6497975708502024 0.5983606557377049 0.6351214574898786 0.6096311475409836
0 0.6148785425101214 0.6485655737704918 0.6169028340080972 0.6752049180327869 0.638663967611336 0.7530737704918032 0.6543522267206477 0.7684426229508197 0.6578947368421053 0.7663934426229508 0.6589068825910931 0.7510245901639344 0.6422064777327935 0.6495901639344263 0.6381578947368421 0.639344262295082 0.625 0.6301229508196722 0.618421052631579 0.6331967213114754
0 0.5875506072874493 0.6342213114754098 0.5870445344129555 0.6516393442622951 0.5921052631578947 0.6864754098360656 0.6072874493927125 0.7387295081967213 0.6199392712550608 0.7602459016393442 0.6310728744939271 0.7592213114754098 0.6275303643724697 0.7151639344262295 0.6118421052631579 0.6270491803278688 0.5976720647773279 0.6219262295081968
0 0.562753036437247 0.6137295081967213 0.5728744939271255 0.7100409836065574 0.5779352226720648 0.7254098360655737 0.5855263157894737 0.7284836065573771 0.5885627530364372 0.7223360655737705 0.5885627530364372 0.6649590163934426 0.5855263157894737 0.6188524590163934 0.5759109311740891 0.6116803278688525
0 0.5425101214574899 0.6045081967213115 0.5475708502024291 0.6905737704918032 0.5541497975708503 0.7100409836065574 0.5657894736842105 0.7274590163934426 0.569838056680162 0.7213114754098361 0.5703441295546559 0.7120901639344263 0.562246963562753 0.6116803278688525
0 0.4964574898785425 0.5512295081967213 0.4959514170040486 0.5747950819672131 0.49949392712550605 0.5840163934426229 0.5131578947368421 0.5932377049180327 0.521255060728745 0.5881147540983607 0.5334008097165992 0.4344262295081967 0.5288461538461539 0.41290983606557374 0.521255060728745 0.4088114754098361 0.5161943319838057 0.4180327868852459
0 0.4731781376518219 0.5409836065573771 0.4726720647773279 0.5747950819672131 0.48380566801619435 0.5881147540983607 0.4934210526315789 0.5860655737704918 0.49696356275303644 0.5522540983606558 0.4984817813765182 0.4344262295081967 0.4974696356275304 0.4139344262295082 0.4939271255060729 0.39959016393442626 0.48633603238866396 0.41290983606557374 0.48228744939271256 0.4334016393442623
0 0.5116396761133604 0.6004098360655737 0.5242914979757085 0.7264344262295082 0.5379554655870445 0.7284836065573771 0.5440283400809717 0.7161885245901639 0.5465587044534413 0.6997950819672131 0.5339068825910931 0.6055327868852459 0.5268218623481782 0.5973360655737705 0.5161943319838057 0.5963114754098361
0 0.49038461538461536 0.5993852459016393 0.4924089068825911 0.680327868852459 0.5010121457489879 0.7182377049180327 0.5055668016194332 0.7274590163934426 0.5126518218623481 0.7305327868852459 0.5303643724696356 0.7264344262295082 0.5146761133603239 0.5993852459016393 0.4984817813765182 0.5932377049180327 0.49291497975708504 0.5932377049180327
0 0.45394736842105265 0.6383196721311475 0.4407894736842105 0.7479508196721312 0.4433198380566802 0.7592213114754098 0.45799595141700405 0.7551229508196722 0.47469635627530365 0.7366803278688525 0.4908906882591093 0.6588114754098361 0.49038461538461536 0.6290983606557377 0.48228744939271256 0.6137295081967213 0.4610323886639676 0.6209016393442623 0.4564777327935223 0.6270491803278688
0 0.4063765182186235 0.6967213114754098 0.40536437246963564 0.7131147540983607 0.41143724696356276 0.7254098360655737 0.42965587044534415 0.7038934426229508 0.45394736842105265 0.639344262295082 0.458502024291498 0.6229508196721312 0.458502024291498 0.6024590163934426 0.45394736842105265 0.5942622950819673 0.4326923076923077 0.5870901639344263
0 0.3415991902834008 0.6608606557377049 0.3431174089068826 0.673155737704918 0.3618421052631579 0.6967213114754098 0.3729757085020243 0.694672131147541 0.38309716599190285 0.6844262295081968 0.42611336032388664 0.6086065573770492 0.43370445344129555 0.5911885245901639 0.43218623481781376 0.5788934426229508 0.4084008097165992 0.5461065573770492 0.3876518218623482 0.548155737704918
0 0.29959514170040485 0.5952868852459017 0.2980769230769231 0.6116803278688525 0.30313765182186236 0.6219262295081968 0.3340080971659919 0.6239754098360656 0.3729757085020243 0.5706967213114754 0.37803643724696356 0.548155737704918 0.37398785425101216 0.5368852459016393 0.35374493927125505 0.5051229508196722 0.3426113360323887 0.5 0.3355263157894737 0.5092213114754098
0 0.3142712550607287 0.4026639344262295 0.31275303643724695 0.41905737704918034 0.31781376518218624 0.45389344262295084 0.3390688259109312 0.4651639344262295 0.3517206477732793 0.45491803278688525 0.35779352226720645 0.42725409836065575 0.35728744939271256 0.41290983606557374 0.3527327935222672 0.3411885245901639 0.34615384615384615 0.3145491803278688 0.3426113360323887 0.3094262295081967 0.33704453441295545 0.30635245901639346 0.3309716599190283 0.3125
0 0.3567813765182186 0.36885245901639346 0.3517206477732793 0.4600409836065574 0.3527327935222672 0.48360655737704916 0.3603238866396761 0.4959016393442623 0.37601214574898784 0.5051229508196722 0.38208502024291496 0.5020491803278688 0.39119433198380565 0.48975409836065575 0.3967611336032389 0.46311475409836067 0.4023279352226721 0.32172131147540983 0.38461538461538464 0.32581967213114754
0 0.3992914979757085 0.36475409836065575 0.3856275303643725 0.5286885245901639 0.38866396761133604 0.5358606557377049 0.4084008097165992 0.5338114754098361 0.41194331983805665 0.5297131147540983 0.41700404858299595 0.5174180327868853 0.4271255060728745 0.4702868852459016 0.4225708502024291 0.3411885245901639 0.4200404858299595 0.33709016393442626 0.41194331983805665 0.3401639344262295
0 0.4104251012145749 0.5030737704918032 0.4089068825910931 0.5092213114754098 0.4124493927125506 0.548155737704918 0.4180161943319838 0.5625 0.42611336032388664 0.5625 0.4402834008097166 0.5450819672131147 0.444331983805668 0.5317622950819673 0.44686234817813764 0.4661885245901639 0.43876518218623484 0.4661885245901639 0.42459514170040485 0.47540983606557374
0 0.4271255060728745 0.367827868852459 0.423582995951417 0.3801229508196721 0.42459514170040485 0.45081967213114754 0.4352226720647773 0.45799180327868855 0.4438259109311741 0.44672131147540983 0.444331983805668 0.4180327868852459 0.4367408906882591 0.3668032786885246 0.4311740890688259 0.36270491803278687
0 0.44888663967611336 0.3698770491803279 0.4418016194331984 0.5604508196721312 0.44686234817813764 0.5778688524590164 0.45445344129554655 0.5881147540983607 0.4590080971659919 0.5881147540983607 0.4665991902834008 0.5819672131147541 0.46963562753036436 0.5737704918032787 0.47115384615384615 0.4979508196721312 0.46153846153846156 0.3729508196721312 0.4549595141700405 0.35758196721311475 0.4509109311740891 0.35655737704918034
0 0.6082995951417004 0.4918032786885246 0.6032388663967612 0.5286885245901639 0.603744939271255 0.5440573770491803 0.6189271255060729 0.5737704918032787 0.6234817813765182 0.5758196721311475 0.6330971659919028 0.5584016393442623 0.6361336032388664 0.4702868852459016 0.6229757085020243 0.46209016393442626 0.6133603238866396 0.4661885245901639
0 0.6270242914979757 0.4149590163934426 0.6199392712550608 0.4426229508196721 0.6209514170040485 0.45081967213114754 0.6351214574898786 0.45389344262295084 0.6422064777327935 0.4354508196721312 0.6432186234817814 0.4047131147540984 0.6381578947368421 0.39549180327868855
0 0.6265182186234818 0.5051229508196722 0.6260121457489879 0.5245901639344263 0.6346153846153846 0.5461065573770492 0.6442307692307693 0.5563524590163934 0.6538461538461539 0.5512295081967213 0.6619433198380567 0.5286885245901639 0.6654858299595142 0.38831967213114754 0.6543522267206477 0.38422131147540983 0.645748987854251 0.4077868852459016
0 0.659919028340081 0.4487704918032787 0.659919028340081 0.48975409836065575 0.6695344129554656 0.5153688524590164 0.6923076923076923 0.514344262295082 0.6973684210526315 0.5081967213114754 0.701417004048583 0.48360655737704916 0.7004048582995951 0.42315573770491804 0.694838056680162 0.3729508196721312 0.6862348178137652 0.3524590163934426 0.6776315789473685 0.35655737704918034