0 0.2909919028340081 0.3637295081967213 0.28694331983805665 0.4702868852459016 0.2950404858299595 0.4887295081967213 0.31781376518218624 0.48770491803278687 0.3259109311740891 0.4774590163934426 0.32945344129554655 0.4661885245901639 0.32793522267206476 0.44364754098360654 0.3102226720647773 0.36475409836065575 0.30313765182186236 0.35450819672131145
0 0.31224696356275305 0.569672131147541 0.2903122469635628 0.6321598360655738 0.2866356275303644 0.6731444672131148 0.30364119433198383 0.6731444672131148 0.33805668016194335 0.6219262295081968 0.3598178137651822 0.5922131147540983 0.3648785425101215 0.5799180327868853 0.36285425101214575 0.5584016393442623 0.3375506072874494 0.5184426229508197 0.3248987854251012 0.5307377049180327
0 0.36639676113360325 0.35860655737704916 0.34969635627530365 0.4774590163934426 0.34969635627530365 0.4948770491803279 0.35526315789473684 0.5133196721311475 0.3775303643724696 0.5194672131147541 0.39068825910931176 0.5112704918032787 0.39271255060728744 0.4979508196721312 0.38461538461538464 0.3719262295081967 0.3770242914979757 0.3483606557377049 0.37196356275303644 0.3473360655737705
0 0.347165991902834 0.6895491803278688 0.3456477732793522 0.7028688524590164 0.3491902834008097 0.7202868852459017 0.3603238866396761 0.7407786885245902 0.3775303643724696 0.7448770491803278 0.3881578947368421 0.7131147540983607 0.41700404858299595 0.5983606557377049 0.41700404858299595 0.5758196721311475 0.38461538461538464 0.5573770491803278 0.3724696356275304 0.5563524590163934 0.3694331983805668 0.5604508196721312
0 0.39220647773279355 0.42725409836065575 0.3917004048582996 0.5194672131147541 0.39625506072874495 0.5266393442622951 0.4048582995951417 0.5286885245901639 0.41700404858299595 0.5184426229508197 0.42054655870445345 0.5030737704918032 0.41700404858299595 0.4405737704918033 0.4089068825910931 0.3719262295081967 0.4063765182186235 0.36577868852459017 0.39625506072874495 0.3760245901639344
0 0.38866396761133604 0.3442622950819672 0.3881578947368421 0.35348360655737704 0.3901821862348178 0.35655737704918034 0.4058704453441296 0.3637295081967213 0.4144736842105263 0.35655737704918034 0.4159919028340081 0.3411885245901639 0.40131578947368424 0.3391393442622951
0 0.4139676113360324 0.3801229508196721 0.41143724696356276 0.4088114754098361 0.41700404858299595 0.5245901639344263 0.4200404858299595 0.5379098360655737 0.4276315789473684 0.5409836065573771 0.4423076923076923 0.5307377049180327 0.4458502024291498 0.5215163934426229 0.44686234817813764 0.5081967213114754 0.42965587044534415 0.4077868852459016 0.41953441295546556 0.38114754098360654
0 0.4402834008097166 0.3514344262295082 0.44534412955465585 0.5409836065573771 0.45293522267206476 0.5584016393442623 0.4605263157894737 0.5594262295081968 0.47469635627530365 0.5430327868852459 0.4757085020242915 0.5225409836065574 0.4605263157894737 0.3985655737704918 0.4478744939271255 0.34938524590163933 0.44281376518218624 0.3442622950819672
0 0.3952429149797571 0.7131147540983607 0.3932186234817814 0.7592213114754098 0.39625506072874495 0.7735655737704918 0.39979757085020245 0.7735655737704918 0.40789473684210525 0.7561475409836066 0.4215587044534413 0.7049180327868853 0.444331983805668 0.6086065573770492 0.44534412955465585 0.5952868852459017 0.4433198380566802 0.5901639344262295 0.42054655870445345 0.5778688524590164 0.4144736842105263 0.5850409836065574
0 0.43775303643724695 0.6997950819672131 0.43623481781376516 0.7418032786885246 0.4392712550607287 0.7479508196721312 0.45293522267206476 0.7264344262295082 0.4741902834008097 0.6219262295081968 0.4741902834008097 0.6147540983606558 0.4665991902834008 0.6014344262295082 0.4509109311740891 0.5922131147540983 0.4473684210526316 0.5952868852459017
0 0.45293522267206476 0.7305327868852459 0.4524291497975709 0.7438524590163934 0.4559716599190283 0.7551229508196722 0.4625506072874494 0.757172131147541 0.4898785425101215 0.6977459016393442 0.5005060728744939 0.6454918032786885 0.4984817813765182 0.6260245901639344 0.49190283400809715 0.6147540983606558 0.4817813765182186 0.6137295081967213 0.47621457489878544 0.6188524590163934
0 0.5005060728744939 0.6782786885245902 0.5015182186234818 0.7397540983606558 0.5055668016194332 0.75 0.5106275303643725 0.7510245901639344 0.5167004048582996 0.735655737704918 0.5288461538461539 0.6188524590163934 0.5131578947368421 0.6147540983606558 0.5040485829959515 0.6188524590163934
0 0.5060728744939271 0.42827868852459017 0.5025303643724697 0.5348360655737705 0.5035425101214575 0.5686475409836066 0.5091093117408907 0.5819672131147541 0.5258097165991903 0.5840163934426229 0.5334008097165992 0.5747950819672131 0.5369433198380567 0.43135245901639346 0.5334008097165992 0.36475409836065575 0.5217611336032388 0.3432377049180328 0.5161943319838057 0.3452868852459016 0.5091093117408907 0.3668032786885246
0 0.5389676113360324 0.4733606557377049 0.5389676113360324 0.5778688524590164 0.5435222672064778 0.5829918032786885 0.5607287449392713 0.5799180327868853 0.5662955465587044 0.5717213114754098 0.5718623481781376 0.4036885245901639 0.5668016194331984 0.3770491803278688 0.5602226720647774 0.3668032786885246 0.5480769230769231 0.39344262295081966 0.5440283400809717 0.4149590163934426
0 0.5688259109311741 0.5225409836065574 0.569838056680162 0.569672131147541 0.5885627530364372 0.5758196721311475 0.5941295546558705 0.5461065573770492 0.5976720647773279 0.4016393442622951 0.5931174089068826 0.38831967213114754 0.5880566801619433 0.39036885245901637 0.5814777327935222 0.4036885245901639 0.5728744939271255 0.4661885245901639
0 0.5946356275303644 0.5122950819672131 0.5961538461538461 0.5440573770491803 0.6118421052631579 0.555327868852459 0.6189271255060729 0.5543032786885246 0.6239878542510121 0.5440573770491803 0.6330971659919028 0.4036885245901639 0.6330971659919028 0.35963114754098363 0.6305668016194332 0.35348360655737704 0.6224696356275303 0.35860655737704916 0.6148785425101214 0.38114754098360654
0 0.6214574898785425 0.5010245901639344 0.6234817813765182 0.5327868852459017 0.6427125506072875 0.5450819672131147 0.6543522267206477 0.5358606557377049 0.6558704453441295 0.38729508196721313 0.6538461538461539 0.3698770491803279 0.6427125506072875 0.367827868852459 0.6346153846153846 0.39241803278688525
0 0.6538461538461539 0.430327868852459 0.6497975708502024 0.5153688524590164 0.6573886639676113 0.5266393442622951 0.673582995951417 0.5307377049180327 0.6756072874493927 0.5286885245901639 0.6816801619433198 0.3729508196721312 0.6786437246963563 0.36065573770491804 0.6680161943319838 0.35963114754098363 0.6609311740890689 0.375
0 0.6796558704453441 0.4149590163934426 0.6761133603238867 0.47848360655737704 0.6771255060728745 0.5215163934426229 0.6811740890688259 0.5286885245901639 0.6897773279352226 0.5327868852459017 0.7165991902834008 0.5245901639344263 0.7206477732793523 0.5133196721311475 0.7211538461538461 0.49077868852459017 0.6993927125506073 0.3668032786885246 0.6933198380566802 0.36168032786885246 0.6857287449392713 0.36577868852459017
0 0.7267206477732794 0.36885245901639346 0.7206477732793523 0.46209016393442626 0.722165991902834 0.47950819672131145 0.7317813765182186 0.4948770491803279 0.756578947368421 0.48565573770491804 0.7596153846153846 0.4774590163934426 0.7606275303643725 0.46209016393442626 0.7515182186234818 0.35450819672131145 0.7322874493927125 0.3360655737704918 0.729251012145749 0.3411885245901639
0 0.7550607287449392 0.3790983606557377 0.7555668016194332 0.41598360655737704 0.7596153846153846 0.45081967213114754 0.763663967611336 0.46311475409836067 0.7793522267206477 0.4661885245901639 0.7995951417004049 0.4426229508196721 0.8026315789473685 0.42827868852459017 0.8006072874493927 0.41598360655737704 0.7763157894736842 0.3637295081967213 0.7508446356275305 0.2986875
0 0.7616396761133604 0.5194672131147541 0.7601214574898786 0.5368852459016393 0.7909919028340081 0.639344262295082 0.8102226720647774 0.6495901639344263 0.8284412955465587 0.6239754098360656 0.8299595141700404 0.6096311475409836 0.8274291497975709 0.5840163934426229 0.812246963562753 0.5040983606557377 0.8041497975708503 0.48565573770491804 0.7975708502024291 0.48258196721311475 0.771255060728745 0.5010245901639344
0 0.7191295546558705 0.5635245901639344 0.7176113360323887 0.5809426229508197 0.7201417004048583 0.5942622950819673 0.7591093117408907 0.6557377049180327 0.7732793522267206 0.6670081967213115 0.7803643724696356 0.6649590163934426 0.7889676113360324 0.6547131147540983 0.7611336032388664 0.548155737704918 0.7530364372469636 0.5327868852459017 0.7408906882591093 0.5327868852459017
0 0.6730769230769231 0.5993852459016393 0.6685222672064778 0.610655737704918 0.673582995951417 0.6331967213114754 0.7241902834008097 0.7459016393442623 0.7317813765182186 0.7469262295081968 0.7535425101214575 0.7120901639344263 0.7550607287449392 0.6967213114754098 0.7125506072874493 0.5737704918032787 0.7009109311740891 0.5758196721311475
0 0.6442307692307693 0.5973360655737705 0.6432186234817814 0.6147540983606558 0.6644736842105263 0.7151639344262295 0.6730769230769231 0.7407786885245902 0.680668016194332 0.7469262295081968 0.6842105263157895 0.7438524590163934 0.6862348178137652 0.7254098360655737 0.6725708502024291 0.5963114754098361 0.6675101214574899 0.5891393442622951 0.6543522267206477 0.5881147540983607
0 0.6265182186234818 0.6004098360655737 0.617914979757085 0.610655737704918 0.617914979757085 0.6198770491803278 0.631578947368421 0.7151639344262295 0.6371457489878543 0.7438524590163934 0.6422064777327935 0.7551229508196722 0.6492914979757085 0.7479508196721312 0.6503036437246964 0.7407786885245902 0.6467611336032388 0.6311475409836066 0.6422064777327935 0.5993852459016393 0.6305668016194332 0.5963114754098361
0 0.5946356275303644 0.6157786885245902 0.5936234817813765 0.6424180327868853 0.6032388663967612 0.7008196721311475 0.6189271255060729 0.7479508196721312 0.6265182186234818 0.7540983606557377 0.6305668016194332 0.75 0.6325910931174089 0.7295081967213115 0.6158906882591093 0.610655737704918 0.6017206477732794 0.6075819672131147
0 0.5480769230769231 0.6270491803278688 0.5490890688259109 0.6598360655737705 0.5561740890688259 0.7008196721311475 0.5652834008097166 0.7284836065573771 0.5759109311740891 0.735655737704918 0.5779352226720648 0.7233606557377049 0.5657894736842105 0.6270491803278688
0 0.5688259109311741 0.6219262295081968 0.5678137651821862 0.6342213114754098 0.5784412955465587 0.7202868852459017 0.583502024291498 0.7438524590163934 0.5921052631578947 0.7448770491803278 0.5956477732793523 0.7397540983606558 0.5961538461538461 0.7254098360655737 0.5895748987854251 0.6229508196721312 0.576417004048583 0.6188524590163934