0 0.2687246963562753 0.4887295081967213 0.2687246963562753 0.5081967213114754 0.2722672064777328 0.5215163934426229 0.2874493927125506 0.5379098360655737 0.29453441295546556 0.5368852459016393 0.30516194331983804 0.5256147540983607 0.30870445344129555 0.514344262295082 0.3097165991902834 0.45901639344262296 0.31246103238866396 0.3860635245901639 0.28643724696356276 0.4375 0.270748987854251 0.4774590163934426
0 0.31123481781376516 0.5040983606557377 0.31224696356275305 0.5286885245901639 0.3183198380566802 0.5440573770491803 0.3375506072874494 0.5522540983606558 0.34868421052631576 0.5368852459016393 0.35020242914979755 0.5133196721311475 0.3415991902834008 0.41290983606557374 0.333502024291498 0.4139344262295082 0.3299595141700405 0.42213114754098363 0.3183198380566802 0.4610655737704918
0 0.2975708502024291 0.5840163934426229 0.2859311740890688 0.6813524590163934 0.298582995951417 0.7100409836065574 0.3102226720647773 0.7131147540983607 0.31983805668016196 0.6967213114754098 0.3431174089068826 0.6352459016393442 0.3481781376518219 0.6096311475409836 0.3436234817813765 0.5963114754098361 0.31123481781376516 0.5625 0.3021255060728745 0.5686475409836066
0 0.3547570850202429 0.45491803278688525 0.3517206477732793 0.5215163934426229 0.3532388663967611 0.548155737704918 0.36133603238866396 0.5584016393442623 0.38461538461538464 0.555327868852459 0.3932186234817814 0.5399590163934426 0.3942307692307692 0.5276639344262295 0.3805668016194332 0.4395491803278688 0.3734817813765182 0.41290983606557374 0.36639676113360325 0.4180327868852459 0.35779352226720645 0.4395491803278688
0 0.3937246963562753 0.3801229508196721 0.39068825910931176 0.45901639344262296 0.39473684210526316 0.5461065573770492 0.40030364372469635 0.5522540983606558 0.4063765182186235 0.5522540983606558 0.4159919028340081 0.5450819672131147 0.41953441295546556 0.5194672131147541 0.4144736842105263 0.45081967213114754 0.4058704453441296 0.382172131147541 0.4043522267206478 0.3760245901639344 0.3972672064777328 0.3729508196721312
0 0.3648785425101215 0.6137295081967213 0.3633603238866397 0.7315573770491803 0.3643724696356275 0.7592213114754098 0.36690283400809715 0.7612704918032787 0.3876518218623482 0.7520491803278688 0.3972672064777328 0.7397540983606558 0.40030364372469635 0.7243852459016393 0.40941295546558704 0.5983606557377049 0.4043522267206478 0.5870901639344263 0.37955465587044535 0.5881147540983607 0.3689271255060729 0.5993852459016393
0 0.4089068825910931 0.6024590163934426 0.41194331983805665 0.7551229508196722 0.41346153846153844 0.7663934426229508 0.41953441295546556 0.7704918032786885 0.43876518218623484 0.6229508196721312 0.4392712550607287 0.6034836065573771 0.4367408906882591 0.5952868852459017 0.4276315789473684 0.5881147540983607 0.4230769230769231 0.5881147540983607
0 0.4407894736842105 0.6034836065573771 0.4402834008097166 0.6209016393442623 0.44888663967611336 0.7243852459016393 0.4509109311740891 0.7448770491803278 0.4549595141700405 0.7469262295081968 0.4590080971659919 0.7387295081967213 0.4610323886639676 0.7243852459016393 0.4691295546558704 0.6147540983606558 0.4660931174089069 0.6014344262295082 0.45546558704453444 0.5901639344262295 0.44686234817813764 0.5932377049180327
0 0.42105263157894735 0.39651639344262296 0.42105263157894735 0.5409836065573771 0.43016194331983804 0.5543032786885246 0.4438259109311741 0.5512295081967213 0.4559716599190283 0.5266393442622951 0.45546558704453444 0.430327868852459 0.444331983805668 0.38422131147540983 0.4316801619433198 0.3698770491803279 0.423582995951417 0.3801229508196721
0 0.4433198380566802 0.35758196721311475 0.43724696356275305 0.36475409836065575 0.4382591093117409 0.4047131147540984 0.45040485829959515 0.5184426229508197 0.45394736842105265 0.5358606557377049 0.46710526315789475 0.5461065573770492 0.479251012145749 0.5122950819672131 0.47874493927125505 0.4959016393442623 0.4610323886639676 0.3770491803278688 0.4549595141700405 0.3555327868852459
0 0.4767206477732793 0.4057377049180328 0.47520242914979755 0.4395491803278688 0.4807692307692308 0.5204918032786885 0.4868421052631579 0.5358606557377049 0.49898785425101216 0.5368852459016393 0.5040485829959515 0.5276639344262295 0.5030364372469636 0.4948770491803279 0.4959514170040486 0.4385245901639344 0.48228744939271256 0.3780737704918033
0 0.5035425101214575 0.3411885245901639 0.5050607287449392 0.5358606557377049 0.5096153846153846 0.5461065573770492 0.5222672064777328 0.5491803278688525 0.5303643724696356 0.5399590163934426 0.5318825910931174 0.5286885245901639 0.5232793522267206 0.32889344262295084 0.5111336032388664 0.32786885245901637
0 0.5354251012145749 0.4805327868852459 0.534919028340081 0.5420081967213115 0.5440283400809717 0.5522540983606558 0.5566801619433198 0.5450819672131147 0.5607287449392713 0.5338114754098361 0.5602226720647774 0.3975409836065574 0.5501012145748988 0.3985655737704918 0.5445344129554656 0.4077868852459016
0 0.5642712550607287 0.45081967213114754 0.5607287449392713 0.5092213114754098 0.5617408906882592 0.5389344262295082 0.5662955465587044 0.5461065573770492 0.5769230769230769 0.5491803278688525 0.583502024291498 0.5358606557377049 0.5865384615384616 0.47540983606557374 0.5860323886639676 0.4385245901639344 0.5804655870445344 0.4036885245901639
0 0.5910931174089069 0.43135245901639346 0.5840080971659919 0.5245901639344263 0.5910931174089069 0.5522540983606558 0.5956477732793523 0.5604508196721312 0.6022267206477733 0.5614754098360656 0.6123481781376519 0.5440573770491803 0.6138663967611336 0.5327868852459017 0.6123481781376519 0.42110655737704916 0.6082995951417004 0.38422131147540983 0.6027327935222672 0.382172131147541 0.5976720647773279 0.38831967213114754
0 0.6148785425101214 0.4774590163934426 0.6063481781376518 0.5177264344262295 0.6076735829959514 0.5598217213114753 0.632085020242915 0.5665983606557377 0.6417004048582996 0.5604508196721312 0.6442307692307693 0.5512295081967213 0.6467611336032388 0.42315573770491804 0.638663967611336 0.4077868852459016 0.6290485829959515 0.4067622950819672 0.6239878542510121 0.42315573770491804
0 0.6482793522267206 0.4067622950819672 0.6381578947368421 0.5338114754098361 0.645242914979757 0.5594262295081968 0.6573886639676113 0.5706967213114754 0.6629554655870445 0.5706967213114754 0.6705465587044535 0.5614754098360656 0.673582995951417 0.5450819672131147 0.6821862348178138 0.4149590163934426 0.6816801619433198 0.3729508196721312 0.673582995951417 0.36270491803278687 0.6649797570850202 0.3637295081967213
0 0.6644736842105263 0.5266393442622951 0.6644736842105263 0.5440573770491803 0.6710526315789473 0.5614754098360656 0.7054655870445344 0.5727459016393442 0.7125506072874493 0.5594262295081968 0.7110323886639676 0.4723360655737705 0.7009109311740891 0.40061475409836067 0.6953441295546559 0.39036885245901637 0.6907894736842105 0.39036885245901637 0.6862348178137652 0.39959016393442626
0 0.7181174089068826 0.4385245901639344 0.7140688259109311 0.5184426229508197 0.7155870445344129 0.5450819672131147 0.7191295546558705 0.5543032786885246 0.729251012145749 0.5614754098360656 0.7505060728744939 0.5543032786885246 0.757085020242915 0.5450819672131147 0.7616396761133604 0.5204918032786885 0.7479757085020243 0.4385245901639344 0.7322874493927125 0.39959016393442626 0.7277327935222672 0.4036885245901639
0 0.75 0.4262295081967213 0.7494939271255061 0.44774590163934425 0.7535425101214575 0.4887295081967213 0.7631578947368421 0.5215163934426229 0.77834008097166 0.5256147540983607 0.798582995951417 0.5081967213114754 0.8026315789473685 0.5 0.8026315789473685 0.4713114754098361 0.7869433198380567 0.4057377049180328 0.7631578947368421 0.38524590163934425 0.7540485829959515 0.39959016393442626
0 0.7474696356275303 0.5881147540983607 0.7459514170040485 0.5963114754098361 0.7489878542510121 0.6198770491803278 0.7788461538461539 0.6834016393442623 0.8061740890688259 0.6782786885245902 0.8203441295546559 0.6536885245901639 0.7995951417004049 0.5594262295081968 0.7925101214574899 0.5450819672131147 0.7834008097165992 0.5440573770491803 0.7520242914979757 0.5788934426229508
0 0.6973684210526315 0.6075819672131147 0.6968623481781376 0.6229508196721312 0.7186234817813765 0.7438524590163934 0.7246963562753036 0.75 0.7530364372469636 0.7397540983606558 0.7494939271255061 0.6188524590163934 0.7459514170040485 0.5993852459016393 0.7403846153846154 0.5911885245901639 0.7322874493927125 0.5881147540983607 0.7090080971659919 0.5922131147540983 0.701417004048583 0.5973360655737705
0 0.6487854251012146 0.5983606557377049 0.645242914979757 0.6055327868852459 0.6482793522267206 0.6424180327868853 0.6659919028340081 0.7561475409836066 0.6700404858299596 0.7663934426229508 0.6745951417004049 0.7684426229508197 0.7004048582995951 0.7592213114754098 0.7029352226720648 0.7315573770491803 0.6963562753036437 0.6065573770491803 0.6786437246963563 0.5952868852459017
0 0.618421052631579 0.6086065573770492 0.6214574898785425 0.7418032786885246 0.6310728744939271 0.7950819672131147 0.6356275303643725 0.7920081967213115 0.6427125506072875 0.7745901639344263 0.6503036437246964 0.6198770491803278 0.6467611336032388 0.6065573770491803 0.6336032388663968 0.5952868852459017 0.6209514170040485 0.6024590163934426
0 0.5936234817813765 0.610655737704918 0.5921052631578947 0.735655737704918 0.5956477732793523 0.7479508196721312 0.6062753036437247 0.7520491803278688 0.617914979757085 0.7233606557377049 0.6214574898785425 0.6936475409836066 0.6209514170040485 0.6055327868852459 0.6153846153846154 0.5952868852459017 0.6103238866396761 0.5932377049180327 0.5996963562753036 0.5993852459016393
0 0.5718623481781376 0.6116803278688525 0.5774291497975709 0.7469262295081968 0.5799595141700404 0.764344262295082 0.5870445344129555 0.7694672131147541 0.590080971659919 0.7633196721311475 0.5941295546558705 0.7079918032786885 0.5946356275303644 0.6137295081967213 0.5926113360323887 0.6034836065573771 0.5845141700404858 0.5922131147540983 0.5748987854251012 0.6024590163934426
0 0.5465587044534413 0.5829918032786885 0.5455465587044535 0.6024590163934426 0.5506072874493927 0.7131147540983607 0.5516194331983806 0.7274590163934426 0.5571862348178138 0.735655737704918 0.5657894736842105 0.5963114754098361 0.5597165991902834 0.5840163934426229
0 0.5177125506072875 0.5901639344262295 0.5161943319838057 0.7008196721311475 0.5182186234817814 0.7069672131147541 0.5253036437246964 0.7069672131147541 0.5318825910931174 0.7008196721311475 0.5384615384615384 0.5881147540983607 0.5369433198380567 0.5829918032786885 0.5247975708502024 0.5840163934426229
0 0.4686234817813765 0.617827868852459 0.4686234817813765 0.7161885245901639 0.4716599190283401 0.7510245901639344 0.4757085020242915 0.7592213114754098 0.479251012145749 0.7551229508196722 0.4848178137651822 0.7315573770491803 0.4908906882591093 0.6454918032786885 0.4908906882591093 0.6045081967213115 0.48228744939271256 0.5881147540983607 0.4782388663967611 0.5891393442622951 0.46963562753036436 0.6034836065573771
0 0.4934210526315789 0.5799180327868853 0.4934210526315789 0.6516393442622951 0.4964574898785425 0.7161885245901639 0.5030364372469636 0.7274590163934426 0.5060728744939271 0.7213114754098361 0.513663967611336 0.576844262295082 0.5121457489878543 0.5686475409836066 0.5075910931174089 0.5676229508196722 0.4979757085020243 0.5717213114754098