0 0.23135135135135135 0.6581081081081082 0.23027027027027028 0.6662162162162162 0.23927927927927928 0.6831081081081081 0.24324324324324326 0.6858108108108109 0.24792792792792792 0.6858108108108109 0.26846846846846845 0.6702702702702703 0.2781981981981982 0.6581081081081082 0.3037837837837838 0.6108108108108108 0.30774774774774777 0.5878378378378378 0.3055855855855856 0.572972972972973 0.301981981981982 0.5641891891891891 0.2727927927927928 0.5378378378378378 0.2673873873873874 0.5358108108108108 0.2627027027027027 0.5405405405405406 0.25873873873873876 0.5459459459459459 0.25513513513513514 0.5567567567567567
0 0.2515315315315315 0.4851351351351351 0.2518918918918919 0.5087837837837837 0.27135135135135136 0.5331081081081082 0.28324324324324324 0.5337837837837838 0.28864864864864864 0.5263513513513514 0.29765765765765767 0.4972972972972973 0.2998198198198198 0.4114864864864865 0.2951351351351351 0.3993243243243243 0.2872072072072072 0.3898648648648649 0.28144144144144145 0.3885135135135135 0.27855855855855854 0.3912162162162162 0.2735135135135135 0.40405405405405403
0 0.30594594594594593 0.38716216216216215 0.289009009009009 0.5256756756756756 0.2897297297297297 0.5378378378378378 0.29081081081081084 0.5445945945945946 0.31135135135135134 0.5594594594594594 0.3272072072072072 0.5560810810810811 0.3300900900900901 0.552027027027027 0.33405405405405403 0.525 0.3401801801801802 0.3804054054054054 0.3390990990990991 0.34864864864864864 0.33405405405405403 0.34459459459459457 0.32036036036036036 0.3472972972972973 0.310990990990991 0.3695945945945946
0 0.3311711711711712 0.5486486486486486 0.32972972972972975 0.5594594594594594 0.3308108108108108 0.5709459459459459 0.338018018018018 0.5837837837837838 0.3581981981981982 0.5871621621621622 0.369009009009009 0.5837837837837838 0.3772972972972973 0.575 0.3801801801801802 0.5486486486486486 0.37945945945945947 0.529054054054054 0.36972972972972973 0.4648648648648649 0.36108108108108106 0.4581081081081081 0.35315315315315315 0.4574324324324324 0.3488288288288288 0.46216216216216216
0 0.3762162162162162 0.41824324324324325 0.36864864864864866 0.5601351351351351 0.37261261261261264 0.5783783783783784 0.3827027027027027 0.5783783783783784 0.39855855855855854 0.5709459459459459 0.4025225225225225 0.5628378378378378 0.4057657657657658 0.5486486486486486 0.40540540540540543 0.5128378378378379 0.3971171171171171 0.40135135135135136 0.38738738738738737 0.4 0.37801801801801804 0.40405405405405403
0 0.7463347747747748 0.6599074324324324 0.7278237837837838 0.6259189189189189 0.7165563963963963 0.5873986486486487 0.7097153153153153 0.5541655405405406 0.7056911711711711 0.5367939189189189 0.7193733333333333 0.5186668918918919 0.7310428828828829 0.5126243243243243 0.7431153153153153 0.5103581081081081 0.7515661261261262 0.5435912162162162 0.7507610810810811 0.5994837837837838 0.7511636036036036 0.638004054054054 0.7515661261261262 0.653110135135135
0 0.7322872072072072 0.6821317567567567 0.7205805405405405 0.6342277027027027 0.7064958558558558 0.5813567567567568 0.7048861261261261 0.5541655405405406 0.6851682882882884 0.5398148648648649 0.6638403603603603 0.5662506756756757 0.6618281081081081 0.597972972972973 0.6698763963963964 0.631206081081081 0.6916068468468469 0.6644391891891892 0.6996551351351351 0.6969175675675676 0.711325045045045 0.7135337837837837 0.7229949549549549 0.7150445945945947 0.7310428828828829 0.6999385135135135
0 0.7129344144144144 0.5096033783783783 0.704483963963964 0.43785 0.7000572972972974 0.37591554054054055 0.69885009009009 0.34796891891891896 0.7209827027027027 0.3487243243243243 0.7366767567567568 0.4182121621621621 0.7463347747747748 0.4710831081081081 0.7402983783783784 0.49751824324324323 0.7314454054054054 0.5133797297297298
0 0.6795344144144144 0.5405702702702703 0.7073009009009009 0.5277304054054054 0.7141416216216216 0.5186668918918919 0.7125322522522523 0.4869439189189189 0.6984475675675675 0.45673243243243244 0.6899971171171171 0.4189668918918919 0.6871801801801801 0.37818108108108106 0.6767174774774775 0.37440472972972977 0.6682666666666667 0.4114141891891892 0.6710836036036036 0.4552216216216216 0.6743030630630631 0.49751824324324323 0.6763149549549549 0.5179114864864865
0 0.6521704504504504 0.39630810810810807 0.6630353153153153 0.4574871621621622 0.6747052252252252 0.5012945945945946 0.6827535135135135 0.533772972972973 0.6791318918918918 0.5571871621621621 0.6561945945945946 0.5647398648648649 0.646134054054054 0.5647398648648649 0.6388908108108108 0.5526554054054054 0.6344641441441441 0.5065817567567568 0.6348666666666667 0.47032770270270274 0.6396954954954955 0.4370945945945946 0.6417077477477477 0.4114141891891892 0.6453293693693694 0.394797972972973
0 0.6215870270270271 0.38573378378378376 0.6352691891891892 0.455977027027027 0.6437196396396396 0.5133797297297298 0.6441221621621622 0.5519000000000001 0.6384882882882883 0.5677608108108108 0.6284281081081081 0.5790905405405405 0.6175628828828829 0.5579425675675675 0.6123315315315315 0.5247087837837837 0.6123315315315315 0.47259324324324326 0.611929009009009 0.4083932432432433 0.6151484684684685 0.38573378378378376
0 0.6272209009009009 0.7626283783783784 0.6038810810810811 0.6886087837837838 0.5966374774774775 0.6349824324324325 0.5958327927927928 0.6123236486486486 0.6046857657657657 0.5866439189189189 0.6171603603603604 0.5896648648648648 0.6292327927927929 0.6213871621621622 0.63044 0.675768918918919 0.6316472072072071 0.7203317567567566 0.6328544144144145 0.7543202702702703
0 0.5938205405405406 0.7769790540540541 0.5841628828828829 0.7490331081081081 0.5757120720720721 0.6878533783783783 0.5741023423423424 0.6568864864864865 0.5716879279279279 0.631206081081081 0.5716879279279279 0.6077918918918919 0.5938205405405406 0.5941966216216216 0.6062954954954956 0.613079054054054 0.6066976576576577 0.6621736486486487 0.6046857657657657 0.7059810810810812 0.6062954954954956 0.7384587837837838 0.6087099099099099 0.7656493243243243
0 0.5930158558558558 0.3985743243243243 0.5926133333333333 0.47032770270270274 0.5801387387387388 0.5360385135135135 0.5865772972972972 0.5692716216216217 0.5966374774774775 0.585133108108108 0.6103196396396396 0.585133108108108 0.6131365765765766 0.554920945945946 0.6115268468468469 0.5209324324324325 0.6095145945945946 0.4733486486486487 0.6107218018018018 0.4212331081081081 0.6062954954954956 0.40537162162162166 0.5978446846846847 0.3970635135135135
0 0.5640421621621622 0.7815108108108108 0.5531769369369369 0.7309054054054054 0.5519697297297297 0.6795452702702702 0.5491527927927927 0.6402695945945946 0.5535794594594594 0.6138344594594595 0.5676637837837838 0.6168554054054054 0.5777243243243243 0.6644391891891892 0.5825531531531531 0.7218418918918919 0.5761145945945946 0.7618729729729729 0.5708832432432432 0.7732027027027026
0 0.5656518918918919 0.3864891891891892 0.5652493693693694 0.4914756756756757 0.5640421621621622 0.5247087837837837 0.5632374774774774 0.5541655405405406 0.5732962162162162 0.5886101351351352 0.5910036036036036 0.576825 0.5946255855855855 0.5307513513513513 0.584565045045045 0.4718378378378379 0.5849675675675676 0.4114141891891892 0.5757120720720721 0.38346824324324325
0 0.40991675675675676 0.43603918918918916 0.40669765765765764 0.49117635135135135 0.3990518918918919 0.5213885135135135 0.3954302702702703 0.558397972972973 0.40227099099099095 0.5810567567567568 0.43044 0.5825675675675676 0.4376832432432432 0.5561317567567567 0.43728108108108105 0.5312074324324324 0.43526882882882884 0.5176114864864865 0.42722054054054054 0.4798466216216216 0.4240014414414415 0.43377364864864865 0.41997729729729727 0.41262499999999996
0 0.445329009009009 0.40205067567567565 0.4384882882882883 0.4760702702702702 0.43325693693693695 0.515345945945946 0.4260133333333333 0.5463128378378378 0.4276230630630631 0.5795459459459459 0.448145945945946 0.5893648648648648 0.45740144144144146 0.5712378378378379 0.4557917117117117 0.5380047297297297 0.4586086486486486 0.4926871621621622 0.4598158558558559 0.4466135135135135 0.4610234234234234 0.40733783783783784 0.45257261261261256 0.39600878378378374 0.43969549549549547 0.39978513513513514
0 0.39022090090090095 0.752704054054054 0.3881866666666667 0.702660135135135 0.38939387387387386 0.6656500000000001 0.38134558558558557 0.6309067567567568 0.384565045045045 0.5999391891891892 0.40991675675675676 0.5931418918918919 0.41997729729729727 0.6022054054054055 0.4187700900900901 0.6580972972972973 0.4091120720720721 0.700393918918919 0.40388072072072073 0.730606081081081 0.39864936936936934 0.755531081081081 0.3954302702702703 0.771391891891892
0 0.41394090090090085 0.7457121621621622 0.4175628828828829 0.6951067567567568 0.41273369369369367 0.6550763513513513 0.41152648648648654 0.5908756756756757 0.42440360360360363 0.5901202702702703 0.4400976576576576 0.5923864864864865 0.4509628828828829 0.6120243243243244 0.445329009009009 0.6641398648648649 0.44130522522522525 0.702660135135135 0.43969549549549547 0.7366486486486487 0.43044 0.7638391891891891 0.4223917117117117 0.7774344594594595 0.41031927927927925 0.768370945945946
0 0.4457315315315315 0.7955614864864865 0.44090270270270276 0.7547756756756757 0.43526882882882884 0.7147445945945945 0.4356713513513514 0.6754689189189189 0.4384882882882883 0.6369486486486486 0.448145945945946 0.6090027027027026 0.45418234234234234 0.6006945945945946 0.46947387387387385 0.6286405405405405 0.4759124324324324 0.6701817567567567 0.4722908108108108 0.7207871621621622 0.467461981981982 0.7645945945945946 0.4557917117117117 0.7880087837837837
0 0.4815463063063063 0.7661047297297298 0.4698763963963964 0.7019047297297297 0.4642425225225225 0.6709371621621621 0.4634378378378378 0.629395945945946 0.4698763963963964 0.6112689189189189 0.4831560360360361 0.6097581081081082 0.49241153153153155 0.636193918918919 0.49442342342342344 0.6716925675675676 0.4964353153153153 0.7615729729729729 0.492009009009009 0.7729027027027027 0.48194846846846845 0.771391891891892
0 0.49764252252252256 0.771391891891892 0.5052886486486486 0.7087027027027027 0.5085077477477478 0.6611182432432433 0.5109221621621621 0.6301513513513514 0.5113246846846846 0.6142898648648649 0.5012645045045045 0.6082472972972973 0.48597261261261265 0.6195770270270271 0.4891920720720721 0.6550763513513513 0.4932162162162162 0.7071918918918919 0.49965477477477477 0.7472222972972973 0.49885009009009007 0.7645945945945946
0 0.5197754954954955 0.7600628378378379 0.51052 0.702660135135135 0.5052886486486486 0.6565864864864865 0.5012645045045045 0.6241087837837838 0.5024717117117117 0.6067371621621621 0.5229945945945945 0.6029608108108108 0.5314454054054054 0.6195770270270271 0.5390911711711712 0.6807560810810811 0.537883963963964 0.7192763513513514 0.5346645045045045 0.7494885135135134 0.5197754954954955 0.7608182432432432
0 0.5363463063063063 0.7672331081081082 0.5318475675675676 0.730606081081081 0.526214054054054 0.6716925675675676 0.5258115315315315 0.6316621621621622 0.5274212612612613 0.6127797297297297 0.5423102702702703 0.6105135135135135 0.5507610810810811 0.6535655405405406 0.5531754954954955 0.7102128378378378 0.5499563963963964 0.7487331081081081 0.5467369369369369 0.7600628378378379
0 0.46665693693693694 0.4171567567567568 0.454987027027027 0.5040162162162162 0.45015819819819824 0.5531108108108108 0.4598158558558559 0.5772804054054054 0.4843632432432432 0.5667060810810811 0.4815463063063063 0.5319621621621622 0.48074126126126127 0.4722939189189189 0.4855704504504505 0.42546554054054053 0.47349801801801805 0.41262499999999996
0 0.4976010810810811 0.41541148648648646 0.48597261261261265 0.48286824324324323 0.48597261261261265 0.530452027027027 0.4855704504504505 0.568216891891892 0.48597261261261265 0.6059817567567567 0.51052 0.6014499999999999 0.5101174774774775 0.5629297297297297 0.5044836036036036 0.4964635135135135 0.5000572972972973 0.4352844594594595 0.4867776576576577 0.41262499999999996
0 0.5157513513513514 0.44132635135135134 0.509714954954955 0.5085479729729729 0.5056908108108108 0.5576425675675676 0.5089102702702704 0.5931418918918919 0.5306403603603603 0.5938966216216216 0.5362742342342343 0.5727486486486486 0.5346645045045045 0.5191222972972973 0.5338598198198198 0.4639858108108108 0.5334572972972973 0.42093378378378377 0.5137390990990991 0.4277310810810811
0 0.5483466666666666 0.4239547297297297 0.5427127927927928 0.5002398648648648 0.537883963963964 0.5629297297297297 0.5451272072072072 0.5923864864864865 0.5692720720720721 0.5606635135135135 0.5636381981981982 0.5236540540540541 0.5592118918918919 0.48135743243243245 0.5531754954954955 0.4383054054054054