0 0.3755485829959514 0.42457889344262295 0.3719964574898786 0.48740676229508195 0.3700587044534413 0.5351813524590164 0.3700587044534413 0.555469262295082 0.3878193319838057 0.5659405737704918 0.4049342105263158 0.5449979508196722 0.3971842105263158 0.5004959016393442 0.3949235829959514 0.46188319672131145 0.38620495951417 0.4226157786885246
0 0.32793522267206476 0.5922131147540983 0.3223684210526316 0.7120901639344263 0.3269230769230769 0.7295081967213115 0.3375506072874494 0.7418032786885246 0.35728744939271256 0.6844262295081968 0.375 0.5901639344262295 0.3729757085020243 0.5799180327868853 0.36791497975708504 0.5737704918032787 0.3431174089068826 0.5717213114754098 0.3324898785425101 0.5758196721311475
0 0.36133603238866396 0.7120901639344263 0.3603238866396761 0.7305327868852459 0.36285425101214575 0.7438524590163934 0.3805668016194332 0.7684426229508197 0.3861336032388664 0.7674180327868853 0.3977732793522267 0.7254098360655737 0.41700404858299595 0.6065573770491803 0.4159919028340081 0.5911885245901639 0.39220647773279355 0.5829918032786885 0.375 0.5911885245901639
0 0.409919028340081 0.6311475409836066 0.4043522267206478 0.7756147540983607 0.4058704453441296 0.7909836065573771 0.41295546558704455 0.8002049180327869 0.4185222672064777 0.7909836065573771 0.4407894736842105 0.6311475409836066 0.4276315789473684 0.6065573770491803 0.41295546558704455 0.6188524590163934
0 0.430668016194332 0.4641393442622951 0.423582995951417 0.5676229508196722 0.43016194331983804 0.5840163934426229 0.4382591093117409 0.5860655737704918 0.4509109311740891 0.569672131147541 0.45445344129554655 0.555327868852459 0.4478744939271255 0.42418032786885246 0.4392712550607287 0.42315573770491804 0.4347165991902834 0.4323770491803279
0 0.4524291497975709 0.42315573770491804 0.4509109311740891 0.4702868852459016 0.45445344129554655 0.5676229508196722 0.4625506072874494 0.5850409836065574 0.46710526315789475 0.5881147540983607 0.4782388663967611 0.5594262295081968 0.479251012145749 0.5358606557377049 0.4665991902834008 0.4077868852459016 0.4600202429149798 0.4077868852459016
0 0.48633603238866396 0.4149590163934426 0.47874493927125505 0.5737704918032787 0.4817813765182186 0.5881147540983607 0.4964574898785425 0.5952868852459017 0.5020242914979757 0.5932377049180327 0.5045546558704453 0.5788934426229508 0.5040485829959515 0.41700819672131145 0.4974696356275304 0.4067622950819672 0.4898785425101215 0.4077868852459016
0 0.5055668016194332 0.4651639344262295 0.506578947368421 0.5870901639344263 0.5091093117408907 0.5911885245901639 0.5303643724696356 0.5870901639344263 0.5318825910931174 0.5512295081967213 0.5247975708502024 0.45081967213114754 0.521255060728745 0.41905737704918034 0.513663967611336 0.4036885245901639 0.5086032388663968 0.4180327868852459
0 0.5328947368421053 0.5409836065573771 0.5339068825910931 0.5840163934426229 0.548582995951417 0.5881147540983607 0.5566801619433198 0.5799180327868853 0.5587044534412956 0.5573770491803278 0.5566801619433198 0.4077868852459016 0.5465587044534413 0.4057377049180328 0.5384615384615384 0.4149590163934426
0 0.6108299595141701 0.46209016393442626 0.611336032388664 0.5256147540983607 0.6143724696356275 0.5420081967213115 0.6310728744939271 0.5471311475409836 0.6381578947368421 0.5399590163934426 0.6401821862348178 0.5266393442622951 0.6376518218623481 0.4702868852459016 0.6285425101214575 0.41598360655737704 0.6234817813765182 0.4067622950819672 0.6194331983805668 0.4067622950819672 0.6153846153846154 0.41598360655737704
0 0.5632591093117408 0.4774590163934426 0.5617408906882592 0.5215163934426229 0.583502024291498 0.5133196721311475 0.5875506072874493 0.4180327868852459 0.5855263157894737 0.4077868852459016 0.5794534412955465 0.39959016393442626 0.5728744939271255 0.3985655737704918 0.5688259109311741 0.4036885245901639
0 0.6371457489878543 0.4918032786885246 0.6371457489878543 0.5174180327868853 0.6422064777327935 0.5276639344262295 0.666497975708502 0.5286885245901639 0.6720647773279352 0.5215163934426229 0.6740890688259109 0.5133196721311475 0.6761133603238867 0.39959016393442626 0.6715587044534413 0.3831967213114754 0.6584008097165992 0.3780737704918033 0.6497975708502024 0.3944672131147541
0 0.6740890688259109 0.48565573770491804 0.6730769230769231 0.5297131147540983 0.6771255060728745 0.5409836065573771 0.6852226720647774 0.5430327868852459 0.7004048582995951 0.5358606557377049 0.7049595141700404 0.5286885245901639 0.7064777327935222 0.5092213114754098 0.7024291497975709 0.39651639344262296 0.6968623481781376 0.38114754098360654 0.6892712550607287 0.38422131147540983 0.6776315789473685 0.41188524590163933
0 0.7029352226720648 0.38422131147540983 0.7024291497975709 0.4641393442622951 0.7125506072874493 0.5327868852459017 0.7171052631578947 0.5348360655737705 0.728744939271255 0.5286885245901639 0.7322874493927125 0.5204918032786885 0.7322874493927125 0.5010245901639344 0.7236842105263158 0.39959016393442626 0.7186234817813765 0.3862704918032787 0.7090080971659919 0.38114754098360654
0 0.6305668016194332 0.6034836065573771 0.6300607287449392 0.6116803278688525 0.65334008097166 0.7008196721311475 0.6659919028340081 0.7366803278688525 0.6776315789473685 0.7438524590163934 0.6933198380566802 0.7213114754098361 0.6963562753036437 0.7049180327868853 0.6715587044534413 0.5717213114754098 0.6548582995951417 0.5717213114754098 0.6336032388663968 0.5932377049180327
0 0.6032388663967612 0.6065573770491803 0.6027327935222672 0.6168032786885246 0.6265182186234818 0.7223360655737705 0.6366396761133604 0.7551229508196722 0.6427125506072875 0.7592213114754098 0.6437246963562753 0.7233606557377049 0.6285425101214575 0.5993852459016393 0.6153846153846154 0.5901639344262295
0 0.5814777327935222 0.6188524590163934 0.5809716599190283 0.6311475409836066 0.6027327935222672 0.7489754098360656 0.6108299595141701 0.7786885245901639 0.617914979757085 0.7827868852459017 0.6204453441295547 0.7725409836065574 0.6194331983805668 0.7510245901639344 0.6077935222672065 0.6383196721311475 0.6017206477732794 0.6034836065573771 0.5991902834008097 0.5983606557377049 0.5915991902834008 0.5963114754098361
0 0.5632591093117408 0.6188524590163934 0.5632591093117408 0.6608606557377049 0.5718623481781376 0.7674180327868853 0.5759109311740891 0.7909836065573771 0.5850202429149798 0.798155737704918 0.5895748987854251 0.7838114754098361 0.590080971659919 0.764344262295082 0.5850202429149798 0.6536885245901639 0.5759109311740891 0.6075819672131147 0.5718623481781376 0.6055327868852459
0 0.542004048582996 0.6229508196721312 0.542004048582996 0.6475409836065574 0.5511133603238867 0.7551229508196722 0.555161943319838 0.7704918032786885 0.5642712550607287 0.7776639344262295 0.5607287449392713 0.6290983606557377 0.5495951417004049 0.6147540983606558
0 0.5217611336032388 0.6137295081967213 0.5258097165991903 0.6772540983606558 0.5359311740890689 0.7735655737704918 0.5445344129554656 0.7766393442622951 0.5465587044534413 0.7366803278688525 0.5384615384615384 0.6168032786885246 0.52834008097166 0.6116803278688525
0 0.5096153846153846 0.6147540983606558 0.5055668016194332 0.6260245901639344 0.5055668016194332 0.6516393442622951 0.5126518218623481 0.7284836065573771 0.5177125506072875 0.7633196721311475 0.5253036437246964 0.7684426229508197 0.5293522267206477 0.7510245901639344 0.521255060728745 0.625 0.5187246963562753 0.6168032786885246
0 0.48279352226720645 0.6290983606557377 0.4853238866396761 0.6762295081967213 0.4939271255060729 0.7520491803278688 0.5010121457489879 0.7745901639344263 0.5096153846153846 0.7776639344262295 0.5131578947368421 0.7540983606557377 0.5015182186234818 0.6301229508196722 0.4959514170040486 0.6229508196721312 0.48633603238866396 0.6239754098360656
0 0.4640688259109312 0.6362704918032787 0.46356275303643724 0.7069672131147541 0.47469635627530365 0.798155737704918 0.4772267206477733 0.8094262295081968 0.4832995951417004 0.8155737704918032 0.4908906882591093 0.8104508196721312 0.4934210526315789 0.7991803278688525 0.49038461538461536 0.7161885245901639 0.4797570850202429 0.6342213114754098 0.472165991902834 0.6260245901639344 0.4665991902834008 0.6260245901639344
0 0.4407894736842105 0.6301229508196722 0.43623481781376516 0.6588114754098361 0.4418016194331984 0.7366803278688525 0.44686234817813764 0.7899590163934426 0.4549595141700405 0.8094262295081968 0.46305668016194335 0.8012295081967213 0.4645748987854251 0.6424180327868853 0.4509109311740891 0.6229508196721312 0.44686234817813764 0.6219262295081968