0 0.24252252252252252 0.5641891891891891 0.21297297297297296 0.6736486486486486 0.23891891891891892 0.6918918918918919 0.25585585585585585 0.6858108108108109 0.2609009009009009 0.6797297297297298 0.298018018018018 0.6256756756756757 0.30126126126126124 0.6067567567567568 0.29873873873873874 0.5878378378378378 0.274954954954955 0.5621621621621622 0.25585585585585585 0.547972972972973 0.25117117117117116 0.547972972972973
0 0.2500900900900901 0.3993243243243243 0.23603603603603604 0.48445945945945945 0.23603603603603604 0.4939189189189189 0.23927927927927928 0.5054054054054054 0.2544144144144144 0.529054054054054 0.2673873873873874 0.5304054054054054 0.2717117117117117 0.5263513513513514 0.2771171171171171 0.5141891891891892 0.2810810810810811 0.497972972972973 0.2828828828828829 0.40405405405405403 0.27927927927927926 0.3952702702702703 0.27135135135135136 0.3878378378378378 0.2554954954954955 0.3878378378378378
0 0.27675675675675676 0.522972972972973 0.27675675675675676 0.5297297297297298 0.2951351351351351 0.5594594594594594 0.30774774774774777 0.5567567567567567 0.32036036036036036 0.5445945945945946 0.32036036036036036 0.45337837837837835 0.3153153153153153 0.4263513513513513 0.29477477477477476 0.3891891891891892 0.289009009009009 0.3918918918918919 0.2864864864864865 0.4
0 0.31747747747747745 0.42364864864864865 0.31675675675675674 0.5344594594594595 0.3192792792792793 0.55 0.32576576576576577 0.5608108108108109 0.3365765765765766 0.5621621621621622 0.3542342342342342 0.5574324324324325 0.36144144144144147 0.5513513513513514 0.3715315315315315 0.5358108108108108 0.372972972972973 0.5236486486486487 0.3473873873873874 0.41486486486486485 0.3412612612612613 0.4081081081081081 0.3300900900900901 0.40540540540540543
0 0.36648648648648646 0.4060810810810811 0.36576576576576575 0.4195945945945946 0.37333333333333335 0.5405405405405406 0.38054054054054054 0.5506756756756757 0.3848648648648649 0.5506756756756757 0.40144144144144145 0.5337837837837838 0.4043243243243243 0.525 0.40540540540540543 0.5047297297297297 0.3837837837837838 0.3804054054054054 0.38054054054054054 0.37027027027027026 0.37657657657657656 0.3695945945945946 0.3715315315315315 0.37635135135135134
0 0.2904504504504504 0.6398648648648648 0.2702702702702703 0.7047297297297297 0.27063063063063064 0.7128378378378378 0.28 0.7520270270270271 0.2864864864864865 0.7601351351351351 0.2944144144144144 0.7574324324324324 0.3455855855855856 0.6682432432432432 0.3481081081081081 0.6594594594594595 0.34594594594594597 0.6412162162162162 0.31027027027027027 0.6148648648648649 0.30594594594594593 0.6148648648648649 0.29693693693693696 0.6222972972972973
0 0.3481081081081081 0.6229729729729729 0.34846846846846846 0.6527027027027027 0.36324324324324325 0.7445945945945946 0.37657657657657656 0.7871621621621622 0.3816216216216216 0.779054054054054 0.38306306306306304 0.7628378378378379 0.387027027027027 0.6229729729729729 0.3809009009009009 0.6087837837837838 0.3772972972972973 0.606081081081081 0.36108108108108106 0.6067567567567568 0.35495495495495494 0.6114864864864865
0 0.38414414414414416 0.6216216216216216 0.3837837837837838 0.6344594594594595 0.39963963963963967 0.7439189189189189 0.40612612612612614 0.7560810810810811 0.4118918918918919 0.7554054054054054 0.41765765765765767 0.7114864864864865 0.4158558558558559 0.6141891891891892 0.40936936936936935 0.6033783783783784 0.39855855855855854 0.602027027027027 0.3927927927927928 0.606081081081081
0 0.4104504504504505 0.3635135135135135 0.4118918918918919 0.5121621621621621 0.4158558558558559 0.529054054054054 0.42342342342342343 0.5385135135135135 0.4320720720720721 0.5412162162162162 0.43783783783783786 0.5364864864864864 0.4418018018018018 0.529054054054054 0.4464864864864865 0.5135135135135135 0.44684684684684683 0.5060810810810811 0.43423423423423424 0.37635135135135134 0.42954954954954955 0.3567567567567568 0.4245045045045045 0.35135135135135137 0.4136936936936937 0.3527027027027027 0.41153153153153155 0.3554054054054054
0 0.41873873873873874 0.6067567567567568 0.418018018018018 0.6236486486486487 0.42162162162162165 0.6736486486486486 0.4306306306306306 0.7351351351351352 0.43315315315315317 0.7452702702702703 0.43567567567567567 0.7472972972972973 0.4486486486486487 0.7358108108108108 0.4533333333333333 0.6229729729729729 0.4526126126126126 0.5905405405405405 0.44684684684684683 0.5831081081081081 0.43135135135135133 0.5804054054054054 0.42342342342342343 0.5891891891891892
0 0.4472072072072072 0.4243243243243243 0.4454054054054054 0.527027027027027 0.4472072072072072 0.5324324324324324 0.4518918918918919 0.5364864864864864 0.4663063063063063 0.5385135135135135 0.4745945945945946 0.5263513513513514 0.4717117117117117 0.3804054054054054 0.4663063063063063 0.3655405405405405 0.45513513513513515 0.36824324324324326 0.4540540540540541 0.37094594594594593 0.45045045045045046 0.3885135135135135
0 0.45297297297297295 0.5871621621621622 0.45369369369369367 0.6121621621621621 0.46306306306306305 0.6736486486486486 0.470990990990991 0.7006756756756757 0.4742342342342342 0.7033783783783784 0.4821621621621622 0.702027027027027 0.4796396396396396 0.5871621621621622 0.47603603603603606 0.581081081081081 0.4627027027027027 0.577027027027027
0 0.4781981981981982 0.43243243243243246 0.4753153153153153 0.4918918918918919 0.4753153153153153 0.5277027027027027 0.4864864864864865 0.5472972972972973 0.4944144144144144 0.547972972972973 0.5055855855855856 0.5418918918918919 0.5073873873873874 0.5337837837837838 0.5084684684684685 0.3783783783783784 0.5070270270270271 0.35743243243243245 0.5041441441441441 0.3533783783783784 0.49873873873873875 0.3527027027027027 0.49405405405405406 0.3581081081081081 0.4836036036036036 0.4006756756756757
0 0.48324324324324325 0.5871621621621622 0.4836036036036036 0.6128378378378379 0.492972972972973 0.6966216216216217 0.49801801801801804 0.7047297297297297 0.503063063063063 0.7047297297297297 0.5055855855855856 0.7006756756756757 0.5066666666666667 0.6912162162162162 0.5063063063063064 0.597972972972973 0.5045045045045045 0.5804054054054054 0.5005405405405405 0.5777027027027027 0.48684684684684687 0.5817567567567568
0 0.5081081081081081 0.5074324324324324 0.5077477477477478 0.527027027027027 0.5099099099099099 0.5445945945945946 0.5181981981981982 0.5486486486486486 0.5297297297297298 0.5493243243243243 0.5376576576576576 0.543918918918919 0.5405405405405406 0.522972972972973 0.5409009009009009 0.4101351351351351 0.5362162162162162 0.3567567567567568 0.5333333333333333 0.35405405405405405 0.5218018018018018 0.36486486486486486 0.5178378378378379 0.3804054054054054
0 0.5127927927927928 0.5804054054054054 0.5153153153153153 0.6966216216216217 0.5207207207207207 0.7135135135135136 0.5257657657657657 0.7195945945945946 0.529009009009009 0.7168918918918918 0.5308108108108108 0.7087837837837838 0.5351351351351351 0.6067567567567568 0.5344144144144144 0.5945945945945946 0.5333333333333333 0.5905405405405405 0.5257657657657657 0.5851351351351352 0.5174774774774775 0.5797297297297297
0 0.5427027027027027 0.4101351351351351 0.5409009009009009 0.5331081081081082 0.5448648648648649 0.5459459459459459 0.5531531531531532 0.552027027027027 0.5603603603603604 0.5513513513513514 0.5693693693693693 0.5398648648648648 0.5711711711711712 0.5209459459459459 0.5661261261261261 0.4189189189189189 0.5625225225225226 0.3804054054054054 0.5592792792792792 0.36824324324324326 0.5563963963963964 0.3662162162162162 0.5527927927927928 0.3689189189189189 0.5481081081081081 0.377027027027027
0 0.5362162162162162 0.5939189189189189 0.5344144144144144 0.7047297297297297 0.5448648648648649 0.7135135135135136 0.5527927927927928 0.6966216216216217 0.5625225225225226 0.620945945945946 0.5628828828828829 0.5993243243243244 0.5571171171171171 0.5878378378378378 0.54990990990991 0.5837837837837838 0.5394594594594595 0.5851351351351352
0 0.5636036036036036 0.6013513513513513 0.5628828828828829 0.625 0.5679279279279279 0.7297297297297297 0.5718918918918919 0.7709459459459459 0.5805405405405405 0.7885135135135135 0.5877477477477477 0.7831081081081082 0.5917117117117117 0.7635135135135135 0.5971171171171171 0.7006756756756757 0.594954954954955 0.6067567567567568 0.5877477477477477 0.5864864864864865 0.5798198198198198 0.581081081081081 0.5715315315315316 0.5871621621621622 0.5657657657657658 0.5945945945945946
0 0.5967567567567568 0.6148648648648649 0.6003603603603603 0.7 0.6043243243243244 0.7513513513513513 0.6108108108108108 0.779054054054054 0.6158558558558559 0.7824324324324324 0.6190990990990991 0.779054054054054 0.6212612612612612 0.7668918918918919 0.6284684684684685 0.654054054054054 0.6288288288288288 0.6141891891891892 0.6227027027027027 0.602027027027027 0.614054054054054 0.595945945945946 0.6036036036036037 0.6033783783783784
0 0.6284684684684685 0.6222972972972973 0.6277477477477478 0.6304054054054054 0.6418018018018018 0.7716216216216216 0.6464864864864864 0.7837837837837838 0.6511711711711712 0.7878378378378378 0.6565765765765765 0.7756756756756756 0.6623423423423423 0.6871621621621622 0.6634234234234234 0.6222972972972973 0.6616216216216216 0.6148648648648649 0.6468468468468469 0.606081081081081 0.6313513513513513 0.6155405405405405
0 0.7394594594594595 0.6148648648648649 0.7398198198198198 0.6486486486486487 0.7473873873873874 0.6648648648648648 0.8003603603603604 0.6817567567567567 0.8140540540540541 0.6797297297297298 0.818018018018018 0.6736486486486486 0.8237837837837838 0.6283783783783784 0.821981981981982 0.6128378378378379 0.8086486486486486 0.5912162162162162 0.7758558558558558 0.5587837837837838 0.7646846846846846 0.5540540540540541 0.7596396396396397 0.5560810810810811 0.7473873873873874 0.5837837837837838
0 0.6771171171171171 0.6168918918918919 0.6774774774774774 0.6277027027027027 0.6810810810810811 0.6418918918918919 0.7218018018018018 0.7324324324324324 0.7293693693693694 0.7398648648648649 0.7387387387387387 0.7398648648648649 0.7531531531531531 0.7087837837837838 0.7495495495495496 0.6695945945945946 0.7362162162162162 0.6006756756756757 0.7308108108108108 0.5871621621621622 0.7243243243243244 0.581081081081081 0.7127927927927928 0.5797297297297297
0 0.5715315315315316 0.497972972972973 0.5718918918918919 0.529054054054054 0.5736936936936937 0.5364864864864864 0.581981981981982 0.552027027027027 0.5873873873873874 0.5527027027027027 0.5963963963963964 0.543918918918919 0.6032432432432432 0.529054054054054 0.6129729729729729 0.43648648648648647 0.6158558558558559 0.3885135135135135 0.6133333333333333 0.3722972972972973 0.6072072072072072 0.3621621621621622 0.5992792792792793 0.3689189189189189
0 0.5985585585585586 0.5094594594594595 0.5992792792792793 0.525 0.6187387387387387 0.5533783783783783 0.6302702702702703 0.5533783783783783 0.6367567567567568 0.547972972972973 0.6536936936936937 0.47094594594594597 0.6601801801801802 0.40405405405405403 0.6580180180180181 0.3939189189189189 0.6389189189189189 0.3716216216216216 0.6324324324324324 0.3675675675675676 0.6187387387387387 0.372972972972973 0.6151351351351352 0.3844594594594595
0 0.6356756756756756 0.5263513513513514 0.6360360360360361 0.5378378378378378 0.6515315315315315 0.5560810810810811 0.66990990990991 0.5668918918918919 0.6854054054054054 0.5635135135135135 0.6897297297297297 0.5527027027027027 0.6918918918918919 0.5364864864864864 0.6926126126126126 0.43445945945945946 0.6893693693693693 0.42702702702702705 0.6814414414414415 0.41824324324324325 0.6677477477477477 0.4189189189189189 0.661981981981982 0.42364864864864865 0.6576576576576577 0.43513513513513513
0 0.6778378378378378 0.4864864864864865 0.6731531531531532 0.5601351351351351 0.6933333333333334 0.575 0.7127927927927928 0.5736486486486486 0.716036036036036 0.5709459459459459 0.7232432432432433 0.5601351351351351 0.7257657657657658 0.5486486486486486 0.7333333333333333 0.47905405405405405 0.7304504504504504 0.43175675675675673 0.7246846846846847 0.4209459459459459 0.7163963963963964 0.4175675675675676 0.7084684684684684 0.4209459459459459 0.6908108108108109 0.43851351351351353 0.6854054054054054 0.4472972972972973
0 0.7257657657657658 0.42364864864864865 0.723963963963964 0.5371621621621622 0.7261261261261261 0.547972972972973 0.729009009009009 0.5527027027027027 0.7398198198198198 0.5601351351351351 0.7441441441441441 0.5594594594594594 0.7636036036036036 0.5405405405405406 0.7657657657657657 0.5331081081081082 0.7661261261261261 0.5162162162162162 0.7607207207207207 0.4195945945945946 0.752072072072072 0.40405405405405403 0.7437837837837837 0.4006756756756757 0.7390990990990991 0.40405405405405403