0 0.24 0.4858108108108108 0.2410810810810811 0.5060810810810811 0.2562162162162162 0.522972972972973 0.26306306306306304 0.5283783783783784 0.26774774774774773 0.5283783783783784 0.27855855855855854 0.5182432432432432 0.2810810810810811 0.5060810810810811 0.28144144144144145 0.45878378378378376 0.2789189189189189 0.4027027027027027 0.2634234234234234 0.3993243243243243 0.2594594594594595 0.4047297297297297
0 0.2882882882882883 0.40337837837837837 0.2810810810810811 0.5 0.28216216216216217 0.5182432432432432 0.2872072072072072 0.529054054054054 0.3063063063063063 0.5405405405405406 0.31423423423423424 0.5412162162162162 0.3232432432432432 0.5304054054054054 0.32504504504504506 0.5108108108108108 0.3153153153153153 0.40675675675675677 0.3027027027027027 0.3912162162162162 0.289009009009009 0.4
0 0.289009009009009 0.5912162162162162 0.27531531531531533 0.6959459459459459 0.27531531531531533 0.706081081081081 0.27927927927927926 0.7216216216216216 0.2911711711711712 0.7344594594594595 0.30234234234234236 0.7243243243243244 0.31135135135135134 0.7047297297297297 0.33765765765765765 0.6229729729729729 0.34054054054054056 0.5912162162162162 0.3145945945945946 0.5641891891891891 0.2951351351351351 0.5709459459459459 0.29081081081081084 0.5804054054054054
0 0.3264864864864865 0.5168918918918919 0.3261261261261261 0.5277027027027027 0.32972972972972975 0.5452702702702703 0.3491891891891892 0.552027027027027 0.36108108108108106 0.552027027027027 0.3682882882882883 0.543918918918919 0.37117117117117115 0.5256756756756756 0.3715315315315315 0.5006756756756757 0.3654054054054054 0.44054054054054054 0.36108108108108106 0.41621621621621624 0.35855855855855856 0.41621621621621624 0.3455855855855856 0.4358108108108108 0.33837837837837836 0.4506756756756757 0.3326126126126126 0.4722972972972973
0 0.37513513513513513 0.4337837837837838 0.36792792792792794 0.5554054054054054 0.369009009009009 0.5601351351351351 0.3809009009009009 0.5668918918918919 0.39207207207207206 0.5574324324324325 0.39603603603603604 0.5459459459459459 0.3981981981981982 0.5310810810810811 0.3981981981981982 0.5108108108108108 0.3924324324324324 0.4337837837837838 0.38954954954954957 0.42364864864864865 0.38054054054054054 0.42027027027027025
0 0.39963963963963967 0.5405405405405406 0.39963963963963967 0.5614864864864865 0.40612612612612614 0.5864864864864865 0.4111711711711712 0.5898648648648649 0.4190990990990991 0.5885135135135136 0.42882882882882883 0.5763513513513514 0.4320720720720721 0.5601351351351351 0.4320720720720721 0.5317567567567567 0.43027027027027026 0.43445945945945946 0.4273873873873874 0.40135135135135136 0.4136936936936937 0.4081081081081081 0.41009009009009006 0.422972972972973
0 0.3318918918918919 0.6966216216216217 0.3311711711711712 0.7087837837837838 0.3354954954954955 0.7662162162162162 0.3365765765765766 0.7709459459459459 0.34162162162162163 0.7722972972972973 0.35711711711711713 0.7439189189189189 0.36576576576576575 0.7162162162162162 0.3935135135135135 0.6222972972972973 0.3924324324324324 0.6040540540540541 0.3654054054054054 0.5871621621621622 0.35711711711711713 0.5864864864864865 0.3434234234234234 0.5939189189189189 0.3390990990990991 0.6128378378378379
0 0.38194774774774776 0.6294283783783784 0.3801801801801802 0.7837837837837838 0.3827027027027027 0.793918918918919 0.38882882882882885 0.8027027027027027 0.3963963963963964 0.7952702702702703 0.39855855855855854 0.7858108108108108 0.418018018018018 0.6344594594594595 0.4158558558558559 0.6182432432432432 0.38776684684684687 0.6148662162162162
0 0.43315315315315317 0.4 0.43243243243243246 0.572972972972973 0.43567567567567567 0.5851351351351352 0.44288288288288286 0.5905405405405405 0.4508108108108108 0.5912162162162162 0.45837837837837836 0.5864864864864865 0.46054054054054056 0.577027027027027 0.45441441441441444 0.4560810810810811 0.45117117117117117 0.4222972972972973 0.44432432432432434 0.39256756756756755 0.44144144144144143 0.3918918918918919
0 0.41765765765765767 0.6972972972972973 0.41225225225225226 0.8067567567567567 0.41405405405405404 0.8141891891891891 0.4198198198198198 0.8175675675675675 0.42954954954954955 0.7912162162162162 0.4526126126126126 0.654054054054054 0.4533333333333333 0.6222972972972973 0.45117117117117117 0.6148648648648649 0.44324324324324327 0.6094594594594595 0.4345945945945946 0.6094594594594595 0.42558558558558557 0.6195945945945946 0.42162162162162165 0.6344594594594595
0 0.4518918918918919 0.6243243243243243 0.4515315315315315 0.6621621621621622 0.4572972972972973 0.7439189189189189 0.4590990990990991 0.7513513513513513 0.4666666666666667 0.7567567567567568 0.4735135135135135 0.7479729729729729 0.47603603603603606 0.6222972972972973 0.47135135135135137 0.6162162162162163 0.46378378378378377 0.6155405405405405 0.4540540540540541 0.6195945945945946
0 0.46522522522522525 0.4209459459459459 0.46234234234234234 0.5837837837837838 0.4641441441441441 0.5905405405405405 0.47063063063063065 0.6006756756756757 0.4818018018018018 0.6006756756756757 0.49405405405405406 0.5918918918918918 0.4944144144144144 0.5851351351351352 0.4908108108108108 0.47094594594594597 0.4821621621621622 0.3831081081081081 0.47495495495495493 0.37567567567567567 0.4702702702702703 0.3804054054054054 0.4666666666666667 0.39256756756756755
0 0.4781981981981982 0.6378378378378379 0.47603603603603606 0.6581081081081082 0.47783783783783784 0.7527027027027027 0.47927927927927927 0.7554054054054054 0.4864864864864865 0.7554054054054054 0.4918918918918919 0.7486486486486487 0.49333333333333335 0.7371621621621621 0.4954954954954955 0.6283783783783784 0.4918918918918919 0.6243243243243243 0.4821621621621622 0.6256756756756757
0 0.4944144144144144 0.6270270270270271 0.49405405405405406 0.7006756756756757 0.4962162162162162 0.7493243243243243 0.4976576576576577 0.7594594594594595 0.5063063063063064 0.768918918918919 0.5084684684684685 0.7668918918918919 0.5117117117117117 0.7439189189189189 0.516036036036036 0.675 0.5163963963963965 0.6270270270270271 0.5138738738738738 0.6229729729729729
0 0.49513513513513513 0.49594594594594593 0.4954954954954955 0.5993243243243244 0.4969369369369369 0.602027027027027 0.5214414414414414 0.6006756756756757 0.527927927927928 0.5912162162162162 0.529009009009009 0.5844594594594594 0.529009009009009 0.3783783783783784 0.525045045045045 0.375 0.5192792792792793 0.37567567567567567 0.5055855855855856 0.38513513513513514
0 0.5178378378378379 0.6310810810810811 0.5203603603603604 0.7628378378378379 0.5239639639639639 0.7716216216216216 0.532972972972973 0.7722972972972973 0.5409009009009009 0.7648648648648648 0.5430630630630631 0.7594594594594595 0.5401801801801802 0.6304054054054054 0.5376576576576576 0.6256756756756757 0.5282882882882883 0.6243243243243243 0.5207207207207207 0.6263513513513513
0 0.5372972972972972 0.46554054054054056 0.5297297297297298 0.5641891891891891 0.5300900900900901 0.5905405405405405 0.538018018018018 0.595945945945946 0.5448648648648649 0.595945945945946 0.5545945945945946 0.5918918918918918 0.5578378378378378 0.5817567567567568 0.5614414414414415 0.3939189189189189 0.5553153153153153 0.3844594594594595 0.5484684684684684 0.3831081081081081 0.5466666666666666 0.3878378378378378
0 0.541981981981982 0.6270270270270271 0.5409009009009009 0.6459459459459459 0.54990990990991 0.775 0.5567567567567567 0.8074324324324325 0.5643243243243243 0.8108108108108109 0.572972972972973 0.793918918918919 0.5733333333333334 0.7871621621621622 0.57009009009009 0.6344594594594595 0.5682882882882883 0.6263513513513513 0.5563963963963964 0.6189189189189189 0.5452252252252252 0.6189189189189189
0 0.5592792792792792 0.49527027027027026 0.5589189189189189 0.5763513513513514 0.5675675675675675 0.5945945945945946 0.5837837837837838 0.5952702702702702 0.5881081081081081 0.5864864864864865 0.590990990990991 0.5668918918918919 0.5935135135135136 0.44324324324324327 0.5881081081081081 0.3885135135135135 0.5765765765765766 0.375 0.5704504504504504 0.377027027027027 0.5664864864864865 0.3864864864864865 0.56 0.46283783783783783
0 0.5776576576576576 0.6364864864864865 0.5772972972972973 0.6506756756756756 0.5873873873873874 0.7824324324324324 0.5956756756756757 0.8013513513513514 0.5996396396396396 0.802027027027027 0.6072072072072072 0.7918918918918919 0.6093693693693694 0.654054054054054 0.6018018018018018 0.6304054054054054 0.5963963963963964 0.6243243243243243 0.5798198198198198 0.6263513513513513
0 0.590990990990991 0.5141891891891892 0.5899099099099099 0.5412162162162162 0.5924324324324325 0.5621621621621622 0.5996396396396396 0.5743243243243243 0.6072072072072072 0.5817567567567568 0.6158558558558559 0.5837837837837838 0.6198198198198198 0.5804054054054054 0.6234234234234234 0.5736486486486486 0.6245045045045045 0.5648648648648649 0.6181009009009009 0.4018905405405405 0.6098572972972973 0.38550810810810815 0.5956756756756757 0.49864864864864866 0.5927927927927928 0.504054054054054
0 0.6154954954954955 0.5243243243243243 0.6165765765765766 0.5466216216216216 0.6216216216216216 0.5574324324324325 0.6291891891891892 0.5662162162162162 0.6345945945945946 0.5689189189189189 0.6551351351351351 0.5668918918918919 0.6616216216216216 0.5621621621621622 0.6634234234234234 0.5567567567567567 0.6652252252252252 0.5418918918918919 0.667027027027027 0.42702702702702705 0.6515315315315315 0.39054054054054055 0.6464864864864864 0.3844594594594595 0.6378378378378379 0.3831081081081081 0.6327927927927928 0.3898648648648649
0 0.6021621621621621 0.6182432432432432 0.6018018018018018 0.6324324324324324 0.6281081081081081 0.7547297297297297 0.6425225225225225 0.7851351351351351 0.6468468468468469 0.7864864864864864 0.6497297297297298 0.7837837837837838 0.6767754954954954 0.7741418918918919 0.652972972972973 0.6108108108108108 0.6425225225225225 0.5945945945945946 0.6302702702702703 0.5945945945945946 0.6032432432432432 0.6087837837837838
0 0.6558558558558558 0.5912162162162162 0.6547747747747747 0.6114864864864865 0.6565765765765765 0.629054054054054 0.6807207207207208 0.702027027027027 0.689009009009009 0.725 0.6969369369369369 0.7371621621621621 0.7045045045045045 0.7412162162162163 0.7084684684684684 0.7398648648648649 0.724296936936937 0.740466891891892 0.7291463063063064 0.7113418918918919 0.7066666666666667 0.595945945945946 0.6987387387387387 0.5790540540540541 0.6868468468468468 0.5695945945945946 0.6572972972972972 0.5871621621621622
0 0.6641441441441441 0.5081081081081081 0.6659459459459459 0.5364864864864864 0.6771171171171171 0.547972972972973 0.685045045045045 0.5466216216216216 0.7048648648648649 0.5351351351351351 0.7081081081081081 0.525 0.7091891891891892 0.5094594594594595 0.7037837837837838 0.43513513513513513 0.6998198198198198 0.40202702702702703 0.6926126126126126 0.3912162162162162 0.685045045045045 0.3918918918918919 0.6803603603603604 0.40135135135135136 0.6724324324324324 0.44594594594594594
0 0.7106306306306306 0.46216216216216216 0.7081081081081081 0.48986486486486486 0.7095495495495495 0.5209459459459459 0.7153153153153153 0.5364864864864864 0.7203603603603603 0.5432432432432432 0.7261261261261261 0.5445945945945946 0.7506306306306306 0.5236486486486487 0.7524324324324324 0.5047297297297297 0.7427027027027027 0.43513513513513513 0.7329729729729729 0.40743243243243243 0.7250450450450451 0.4047297297297297 0.7207207207207207 0.40743243243243243 0.7127927927927928 0.44391891891891894