0 0.36082995951417 0.43135245901639346 0.36133603238866396 0.4641393442622951 0.3557692307692308 0.507172131147541 0.3567813765182186 0.5276639344262295 0.3658906882591093 0.5543032786885246 0.38866396761133604 0.5573770491803278 0.39473684210526316 0.5450819672131147 0.39625506072874495 0.5348360655737705 0.38866396761133604 0.4364754098360656 0.3810728744939271 0.41905737704918034 0.3694331983805668 0.41188524590163933 0.3643724696356275 0.4139344262295082
0 0.4741902834008097 0.38422131147540983 0.4686234817813765 0.5225409836065574 0.46558704453441296 0.5471311475409836 0.4686234817813765 0.5717213114754098 0.4741902834008097 0.5809426229508197 0.48228744939271256 0.5840163934426229 0.48785425101214575 0.5778688524590164 0.4944331983805668 0.5604508196721312 0.49139676113360325 0.5133196721311475 0.49038461538461536 0.43135245901639346 0.4782388663967611 0.3770491803278688
0 0.5156882591093117 0.4415983606557377 0.5131578947368421 0.5799180327868853 0.5192307692307693 0.5952868852459017 0.5328947368421053 0.5952868852459017 0.5379554655870445 0.5881147540983607 0.5374493927125507 0.5399590163934426 0.5263157894736842 0.4036885245901639 0.5253036437246964 0.39549180327868855 0.5217611336032388 0.39241803278688525 0.5172064777327935 0.4026639344262295
0 0.5440283400809717 0.492827868852459 0.5394736842105263 0.5645491803278688 0.5399797570850202 0.5911885245901639 0.5450404858299596 0.5983606557377049 0.5566801619433198 0.5973360655737705 0.562246963562753 0.5922131147540983 0.5662955465587044 0.5655737704918032 0.5566801619433198 0.39344262295081966 0.5516194331983806 0.39959016393442626
0 0.5632591093117408 0.41700819672131145 0.5652834008097166 0.4702868852459016 0.5642712550607287 0.5215163934426229 0.5718623481781376 0.5788934426229508 0.5759109311740891 0.5809426229508197 0.5819838056680162 0.5758196721311475 0.5875506072874493 0.5625 0.5895748987854251 0.5225409836065574 0.5779352226720648 0.4323770491803279 0.5713562753036437 0.4047131147540984 0.5657894736842105 0.4057377049180328
0 0.6072874493927125 0.5993852459016393 0.604251012145749 0.6055327868852459 0.604251012145749 0.6188524590163934 0.618421052631579 0.7202868852459017 0.6341093117408907 0.7592213114754098 0.638663967611336 0.7612704918032787 0.6422064777327935 0.7561475409836066 0.6437246963562753 0.7459016393442623 0.6447368421052632 0.7161885245901639 0.6364691295546558 0.6833084016393443 0.6351214574898786 0.6065573770491803 0.6305668016194332 0.5983606557377049 0.6194331983805668 0.5922131147540983
0 0.694331983805668 0.5686475409836066 0.6938259109311741 0.5829918032786885 0.6978744939271255 0.5983606557377049 0.7327935222672065 0.6475409836065574 0.7580971659919028 0.6659836065573771 0.7672064777327935 0.6639344262295082 0.770242914979757 0.6577868852459017 0.7717611336032388 0.6424180327868853 0.7692307692307693 0.6045081967213115 0.7358299595141701 0.5368852459016393 0.7262145748987854 0.5286885245901639 0.7201417004048583 0.5286885245901639 0.7049595141700404 0.5471311475409836
0 0.6816801619433198 0.47950819672131145 0.6791497975708503 0.5092213114754098 0.6882591093117408 0.5256147540983607 0.7115384615384616 0.5286885245901639 0.722165991902834 0.5102459016393442 0.7257085020242915 0.4969262295081967 0.722165991902834 0.4395491803278688 0.7262145748987854 0.4036885245901639 0.7236842105263158 0.3760245901639344 0.7125506072874493 0.375 0.7059716599190283 0.38831967213114754 0.6968623481781376 0.41598360655737704
0 0.680161943319838 0.6526639344262295 0.680161943319838 0.6618852459016393 0.6897773279352226 0.694672131147541 0.7009109311740891 0.7120901639344263 0.707995951417004 0.7120901639344263 0.708502024291498 0.7049180327868853 0.6983805668016194 0.6506147540983607 0.6892712550607287 0.6444672131147541
0 0.694838056680162 0.5686475409836066 0.694331983805668 0.5840163934426229 0.6983805668016194 0.5993852459016393 0.7343117408906883 0.6475409836065574 0.7606275303643725 0.6618852459016393 0.7677125506072875 0.6454918032786885 0.7692307692307693 0.6096311475409836 0.7667004048582996 0.5983606557377049 0.7348178137651822 0.5358606557377049 0.7211538461538461 0.5286885245901639 0.7044534412955465 0.548155737704918
0 0.7191295546558705 0.6403688524590164 0.7165991902834008 0.6506147540983607 0.708502024291498 0.6588114754098361 0.7145748987854251 0.701844262295082 0.7206477732793523 0.7120901639344263 0.7262145748987854 0.6926229508196722 0.7282388663967612 0.6690573770491803 0.7252024291497976 0.6403688524590164
0 0.5587044534412956 0.7202868852459017 0.5576923076923077 0.7377049180327869 0.5642712550607287 0.7459016393442623 0.5688259109311741 0.7438524590163934 0.5799595141700404 0.7264344262295082 0.5951417004048583 0.6301229508196722 0.5905870445344129 0.6168032786885246 0.5769230769230769 0.6086065573770492 0.569838056680162 0.6137295081967213
0 0.5404858299595142 0.7059426229508197 0.5394736842105263 0.7479508196721312 0.5404858299595142 0.7551229508196722 0.5450404858299596 0.7602459016393442 0.5566801619433198 0.7377049180327869 0.5632591093117408 0.7090163934426229 0.569838056680162 0.6301229508196722 0.5703441295546559 0.6147540983606558 0.5683198380566802 0.6116803278688525 0.5526315789473685 0.610655737704918 0.5455465587044535 0.6188524590163934 0.5434058704453442 0.6764702868852459
0 0.520242914979757 0.6885245901639344 0.520242914979757 0.7090163934426229 0.5339068825910931 0.7336065573770492 0.5394736842105263 0.7202868852459017 0.5430161943319838 0.6864754098360656 0.5445344129554656 0.617827868852459 0.5354251012145749 0.6219262295081968 0.5288461538461539 0.6352459016393442 0.5242914979757085 0.6536885245901639
0 0.5020242914979757 0.6967213114754098 0.5015182186234818 0.7479508196721312 0.5091093117408907 0.7489754098360656 0.5156882591093117 0.7315573770491803 0.5268218623481782 0.6383196721311475 0.5197368421052632 0.6301229508196722 0.507085020242915 0.6352459016393442
0 0.4691295546558704 0.7438524590163934 0.4660931174089069 0.7909836065573771 0.4706477732793522 0.8012295081967213 0.48380566801619435 0.7786885245901639 0.5 0.7090163934426229 0.5040485829959515 0.6823770491803278 0.5050607287449392 0.6547131147540983 0.5040485829959515 0.6413934426229508 0.5005060728744939 0.6342213114754098 0.4898785425101215 0.632172131147541 0.48633603238866396 0.6383196721311475 0.47621457489878544 0.6905737704918032
0 0.4407894736842105 0.7653688524590164 0.4423076923076923 0.7848360655737705 0.4483805668016194 0.7879098360655737 0.45546558704453444 0.7827868852459017 0.4701417004048583 0.7233606557377049 0.4848178137651822 0.6475409836065574 0.48380566801619435 0.6352459016393442 0.4741902834008097 0.6168032786885246 0.46305668016194335 0.6137295081967213 0.4569838056680162 0.6301229508196722 0.45267763157894736 0.6851065573770492
0 0.4316801619433198 0.6045081967213115 0.43218623481781376 0.6352459016393442 0.42864372469635625 0.6885245901639344 0.4159919028340081 0.7592213114754098 0.42105263157894735 0.764344262295082 0.430668016194332 0.7592213114754098 0.4382591093117409 0.7469262295081968 0.4433198380566802 0.7305327868852459 0.44635627530364375 0.6987704918032787 0.46153846153846156 0.6157786885245902 0.4610323886639676 0.6086065573770492 0.4473684210526316 0.5870901639344263 0.44281376518218624 0.5870901639344263