0 0.3132591093117409 0.4672131147540984 0.3132591093117409 0.4948770491803279 0.3183198380566802 0.5040983606557377 0.33704453441295545 0.5174180327868853 0.3451417004048583 0.514344262295082 0.34969635627530365 0.5051229508196722 0.3517206477732793 0.4702868852459016 0.34969635627530365 0.44979508196721313 0.34969635627530365 0.3801229508196721 0.3476720647773279 0.34938524590163933 0.3415991902834008 0.3319672131147541 0.3314777327935223 0.33299180327868855 0.3284412955465587 0.3411885245901639 0.32186234817813764 0.4323770491803279
0 0.3522267206477733 0.492827868852459 0.3522267206477733 0.5163934426229508 0.36082995951417 0.5327868852459017 0.3699392712550607 0.5297131147540983 0.3800607287449393 0.5389344262295082 0.38866396761133604 0.5389344262295082 0.3937246963562753 0.5286885245901639 0.3942307692307692 0.492827868852459 0.38917004048583 0.4661885245901639 0.3866396761133603 0.39139344262295084 0.38208502024291496 0.375 0.375 0.36577868852459017 0.3684210526315789 0.36885245901639346 0.3633603238866397 0.4354508196721312
0 0.3982793522267207 0.39549180327868855 0.39979757085020245 0.42827868852459017 0.3937246963562753 0.5368852459016393 0.40789473684210525 0.5461065573770492 0.4149797570850202 0.5420081967213115 0.41953441295546556 0.5286885245901639 0.4139676113360324 0.367827868852459 0.4084008097165992 0.36885245901639346 0.40384615384615385 0.375 0.3992914979757085 0.3862704918032787
0 0.4180161943319838 0.36885245901639346 0.41700404858299595 0.4057377049180328 0.41953441295546556 0.5440573770491803 0.4240890688259109 0.5543032786885246 0.43218623481781376 0.5584016393442623 0.43876518218623484 0.5461065573770492 0.44686234817813764 0.548155737704918 0.451417004048583 0.5399590163934426 0.451417004048583 0.5040983606557377 0.44281376518218624 0.4651639344262295 0.444331983805668 0.4395491803278688 0.4392712550607287 0.4088114754098361 0.4407894736842105 0.38524590163934425 0.4367408906882591 0.36885245901639346 0.4367408906882591 0.36065573770491804 0.4251012145748988 0.3514344262295082
0 0.4367408906882591 0.4989754098360656 0.4367408906882591 0.5450819672131147 0.44686234817813764 0.5471311475409836 0.46204453441295545 0.5348360655737705 0.465080971659919 0.5 0.46710526315789475 0.42520491803278687 0.46356275303643724 0.35655737704918034 0.4590080971659919 0.3422131147540984 0.45293522267206476 0.3452868852459016 0.4534412955465587 0.35450819672131145 0.4483805668016194 0.3760245901639344 0.4438259109311741 0.4600409836065574
0 0.4716599190283401 0.4077868852459016 0.472165991902834 0.45081967213114754 0.46356275303643724 0.5286885245901639 0.4640688259109312 0.5450819672131147 0.4681174089068826 0.5604508196721312 0.48633603238866396 0.5645491803278688 0.49139676113360325 0.5563524590163934 0.4924089068825911 0.5368852459016393 0.4888663967611336 0.4651639344262295 0.4908906882591093 0.4385245901639344 0.4883603238866397 0.4098360655737705 0.4868421052631579 0.3985655737704918 0.48228744939271256 0.39036885245901637 0.4741902834008097 0.39959016393442626 0.47469635627530365 0.4047131147540984
0 0.5 0.39241803278688525 0.4939271255060729 0.5604508196721312 0.5010121457489879 0.576844262295082 0.520242914979757 0.5778688524590164 0.5242914979757085 0.5717213114754098 0.5237854251012146 0.5163934426229508 0.5197368421052632 0.3975409836065574 0.5172064777327935 0.3729508196721312 0.5131578947368421 0.35963114754098363 0.5050607287449392 0.35860655737704916
0 0.5222672064777328 0.4375 0.5258097165991903 0.5717213114754098 0.527834008097166 0.5758196721311475 0.5450404858299596 0.5727459016393442 0.5546558704453441 0.5625 0.555668016194332 0.5317622950819673 0.5490890688259109 0.4733606557377049 0.5465587044534413 0.4108606557377049 0.5394736842105263 0.3760245901639344 0.5354251012145749 0.3709016393442623 0.52834008097166 0.3770491803278688
0 0.5480769230769231 0.42213114754098363 0.5501012145748988 0.48770491803278687 0.5465587044534413 0.5297131147540983 0.5490890688259109 0.5604508196721312 0.5581983805668016 0.5655737704918032 0.5728744939271255 0.5614754098360656 0.5769230769230769 0.5532786885245902 0.5784412955465587 0.5317622950819673 0.5728744939271255 0.47438524590163933 0.5683198380566802 0.38524590163934425 0.5652834008097166 0.3729508196721312 0.5607287449392713 0.3698770491803279 0.5541497975708503 0.3729508196721312
0 0.5754048582995951 0.42418032786885246 0.5774291497975709 0.5174180327868853 0.5794534412955465 0.5317622950819673 0.5905870445344129 0.5409836065573771 0.6098178137651822 0.5358606557377049 0.6103238866396761 0.5194672131147541 0.6002024291497976 0.44774590163934425 0.5991902834008097 0.39959016393442626 0.5951417004048583 0.3709016393442623 0.5910931174089069 0.367827868852459 0.5789473684210527 0.375
0 0.6017206477732794 0.4415983606557377 0.5961538461538461 0.4969262295081967 0.5991902834008097 0.5297131147540983 0.6062753036437247 0.5389344262295082 0.6174089068825911 0.5358606557377049 0.6229757085020243 0.5409836065573771 0.631578947368421 0.5368852459016393 0.6341093117408907 0.5276639344262295 0.631578947368421 0.514344262295082 0.632085020242915 0.4354508196721312 0.6275303643724697 0.3473360655737705 0.617914979757085 0.3422131147540984 0.6123481781376519 0.34938524590163933 0.6103238866396761 0.36475409836065575 0.611336032388664 0.3801229508196721 0.604251012145749 0.4364754098360656
0 0.6310728744939271 0.35963114754098363 0.6325910931174089 0.4774590163934426 0.6310728744939271 0.514344262295082 0.6366396761133604 0.5327868852459017 0.6422064777327935 0.5368852459016393 0.6548582995951417 0.5327868852459017 0.6609311740890689 0.5245901639344263 0.6614372469635628 0.4948770491803279 0.6553643724696356 0.4293032786885246 0.6548582995951417 0.3729508196721312 0.638663967611336 0.3483606557377049 0.6330971659919028 0.34938524590163933
0 0.6604251012145749 0.39139344262295084 0.6594129554655871 0.5020491803278688 0.6619433198380567 0.5225409836065574 0.6680161943319838 0.5266393442622951 0.6907894736842105 0.5153688524590164 0.6968623481781376 0.5163934426229508 0.7034412955465587 0.5051229508196722 0.7049595141700404 0.4887295081967213 0.6871244939271255 0.4154272540983607 0.680668016194332 0.35348360655737704 0.6776315789473685 0.35040983606557374 0.6639676113360324 0.36475409836065575
0 0.7049595141700404 0.3483606557377049 0.7019230769230769 0.44774590163934425 0.708502024291498 0.4969262295081967 0.7206477732793523 0.5 0.7419028340080972 0.48155737704918034 0.7449392712550608 0.4733606557377049 0.7454453441295547 0.45286885245901637 0.7312145748987855 0.3997561475409836 0.7267206477732794 0.32172131147540983 0.7246963562753036 0.3176229508196721 0.7140688259109311 0.32172131147540983 0.7054655870445344 0.33709016393442626
0 0.7322874493927125 0.32889344262295084 0.7327935222672065 0.36168032786885246 0.7429822874493928 0.40876639344262294 0.7477484817813764 0.4407131147540984 0.7528132591093117 0.4497540983606557 0.7691978744939271 0.42926024590163936 0.7813765182186235 0.41905737704918034 0.7793522267206477 0.39959016393442626 0.7758097165991903 0.39549180327868855 0.7682186234817814 0.3637295081967213 0.7555668016194332 0.3360655737704918 0.7403846153846154 0.3206967213114754
0 0.7545546558704453 0.5040983606557377 0.7540485829959515 0.5133196721311475 0.7601214574898786 0.548155737704918 0.7606275303643725 0.5758196721311475 0.7631578947368421 0.5881147540983607 0.771255060728745 0.5983606557377049 0.7798582995951417 0.5963114754098361 0.8011133603238867 0.5706967213114754 0.8299595141700404 0.5440573770491803 0.8340080971659919 0.5338114754098361 0.8365384615384616 0.5051229508196722 0.826417004048583 0.47848360655737704 0.8107287449392713 0.4682377049180328 0.7925101214574899 0.48565573770491804 0.7641700404858299 0.4918032786885246
0 0.701417004048583 0.5368852459016393 0.701417004048583 0.5512295081967213 0.7044534412955465 0.5645491803278688 0.7280865384615385 0.6060102459016393 0.7459514170040485 0.6567622950819673 0.769794028340081 0.699438524590164 0.7736664979757085 0.6831639344262296 0.745961032388664 0.6108319672131148 0.7846892712550607 0.6626700819672131 0.7912429149797572 0.6469979508196722 0.7828947368421053 0.6301229508196722 0.7727732793522267 0.6147540983606558 0.7641700404858299 0.5911885245901639 0.7535425101214575 0.5215163934426229 0.7459514170040485 0.5051229508196722 0.7393724696356275 0.5020491803278688
0 0.6482793522267206 0.5717213114754098 0.6503036437246964 0.5942622950819673 0.666497975708502 0.6270491803278688 0.6740890688259109 0.6362704918032787 0.6928137651821862 0.6895491803278688 0.7110323886639676 0.7213114754098361 0.7196356275303644 0.7202868852459017 0.6953168016194331 0.6397653688524589 0.7072332995951417 0.6373534836065574 0.7257085020242915 0.6895491803278688 0.7353238866396761 0.701844262295082 0.742914979757085 0.7028688524590164 0.7449392712550608 0.6987704918032787 0.7474696356275303 0.6885245901639344 0.7257085020242915 0.6465163934426229 0.701417004048583 0.5604508196721312 0.6953441295546559 0.5471311475409836 0.6842105263157895 0.5389344262295082 0.6508097165991903 0.5645491803278688
0 0.6012145748987854 0.5932377049180327 0.603744939271255 0.6168032786885246 0.6300607287449392 0.7090163934426229 0.6330971659919028 0.7274590163934426 0.6422064777327935 0.7407786885245902 0.6432186234817814 0.7038934426229508 0.6391700404858299 0.6772540983606558 0.632085020242915 0.5737704918032787 0.6280364372469636 0.5665983606557377 0.6148785425101214 0.5655737704918032
0 0.5713562753036437 0.6485655737704918 0.5708502024291497 0.6844262295081968 0.5759109311740891 0.7059426229508197 0.583502024291498 0.6926229508196722 0.5941295546558705 0.6454918032786885 0.6007085020242915 0.5911885245901639 0.5991902834008097 0.5665983606557377 0.5850202429149798 0.5625 0.5789473684210527 0.569672131147541
0 0.5521255060728745 0.5870901639344263 0.5506072874493927 0.6844262295081968 0.5531376518218624 0.7120901639344263 0.5637651821862348 0.6977459016393442 0.5673076923076923 0.6813524590163934 0.5733805668016194 0.5942622950819673 0.5713562753036437 0.5758196721311475 0.5561740890688259 0.5788934426229508
0 0.5328947368421053 0.5973360655737705 0.5318825910931174 0.7202868852459017 0.5328947368421053 0.7254098360655737 0.5369433198380567 0.7254098360655737 0.5404858299595142 0.7202868852459017 0.5440283400809717 0.7038934426229508 0.548582995951417 0.6659836065573771 0.5521255060728745 0.5983606557377049 0.5455465587044535 0.5870901639344263
0 0.5106275303643725 0.6475409836065574 0.5096153846153846 0.7202868852459017 0.5131578947368421 0.7295081967213115 0.5177125506072875 0.7315573770491803 0.5237854251012146 0.7120901639344263 0.5237854251012146 0.6915983606557377 0.52834008097166 0.673155737704918 0.5318825910931174 0.6086065573770492 0.5303643724696356 0.5942622950819673 0.5172064777327935 0.5922131147540983 0.5126518218623481 0.5973360655737705
0 0.4888663967611336 0.617827868852459 0.4898785425101215 0.6997950819672131 0.4939271255060729 0.7151639344262295 0.4979757085020243 0.7161885245901639 0.5045546558704453 0.7049180327868853 0.5111336032388664 0.5993852459016393 0.4934210526315789 0.5942622950819673 0.4893724696356275 0.6024590163934426
0 0.4524291497975709 0.6577868852459017 0.45040485829959515 0.7438524590163934 0.45293522267206476 0.7622950819672131 0.4590080971659919 0.7684426229508197 0.4706477732793522 0.7448770491803278 0.4832995951417004 0.6926229508196722 0.4868421052631579 0.6526639344262295 0.48633603238866396 0.6065573770491803 0.48380566801619435 0.5952868852459017 0.4706477732793522 0.5963114754098361
0 0.4200404858299595 0.6977459016393442 0.4190283400809717 0.7295081967213115 0.4230769230769231 0.7418032786885246 0.4276315789473684 0.7448770491803278 0.4564777327935223 0.632172131147541 0.46305668016194335 0.6157786885245902 0.4625506072874494 0.6075819672131147 0.4549595141700405 0.5870901639344263 0.4438259109311741 0.5799180327868853 0.4382591093117409 0.5840163934426229
0 0.3825910931174089 0.7274590163934426 0.38208502024291496 0.7438524590163934 0.3861336032388664 0.7561475409836066 0.39625506072874495 0.7540983606557377 0.40536437246963564 0.7397540983606558 0.41700404858299595 0.6629098360655737 0.4251012145748988 0.632172131147541 0.4352226720647773 0.610655737704918 0.4367408906882591 0.6014344262295082 0.4357287449392713 0.5819672131147541 0.4316801619433198 0.5737704918032787 0.4109311740890688 0.576844262295082 0.4068825910931174 0.5819672131147541 0.4043522267206478 0.6116803278688525 0.40202682186234817 0.6437756147540984
0 0.35880566801619435 0.5563524590163934 0.35121457489878544 0.625 0.33805668016194335 0.6864754098360656 0.3319838056680162 0.6967213114754098 0.3299595141700405 0.7100409836065574 0.333502024291498 0.7182377049180327 0.34765840080971655 0.7106823770491804 0.3592768218623482 0.658844262295082 0.3667246963562753 0.6534190573770492 0.3582995951417004 0.7192622950819673 0.35931174089068824 0.7336065573770492 0.3638663967611336 0.7346311475409836 0.3775303643724696 0.6782786885245902 0.40030364372469635 0.6086065573770492 0.4043522267206478 0.5891393442622951 0.4043522267206478 0.5706967213114754 0.3648785425101215 0.548155737704918
0 0.31123481781376516 0.5430327868852459 0.3102226720647773 0.5901639344262295 0.2925101214574899 0.6711065573770492 0.29453441295546556 0.6813524590163934 0.29605263157894735 0.6772540983606558 0.32010172064777326 0.6292725409836065 0.31950607287449395 0.6509723360655738 0.3081983805668016 0.7038934426229508 0.3142712550607287 0.7090163934426229 0.3259109311740891 0.6885245901639344 0.33451417004048584 0.6444672131147541 0.35374493927125505 0.5747950819672131 0.3562753036437247 0.5522540983606558 0.34969635627530365 0.5399590163934426 0.3223684210526316 0.5235655737704918 0.3168016194331984 0.5245901639344263
0 0.24696356275303644 0.514344262295082 0.24696356275303644 0.5512295081967213 0.2611336032388664 0.5799180327868853 0.2965587044534413 0.6024590163934426 0.3026315789473684 0.6024590163934426 0.30718623481781376 0.5952868852459017 0.3097165991902834 0.514344262295082 0.30718623481781376 0.5051229508196722 0.29959514170040485 0.5 0.2626518218623482 0.4948770491803279 0.2515182186234818 0.5020491803278688