0 0.6814414414414415 0.595945945945946 0.6814414414414415 0.6141891891891892 0.6857657657657658 0.629054054054054 0.7218018018018018 0.6547297297297298 0.7448648648648649 0.654054054054054 0.7477477477477478 0.6513513513513514 0.7495495495495496 0.6405405405405405 0.7596396396396397 0.6304054054054054 0.7581981981981982 0.6182432432432432 0.7517117117117117 0.6 0.7308108108108108 0.5831081081081081 0.729009009009009 0.5763513513513514 0.7153153153153153 0.5513513513513514 0.7091891891891892 0.5459459459459459 0.7041441441441442 0.5459459459459459 0.6976576576576576 0.5587837837837838 0.6897297297297297 0.5682432432432433 0.6843243243243243 0.5925675675675676
0 0.6302702702702703 0.6033783783783784 0.6295495495495496 0.6229729729729729 0.6371171171171172 0.6459459459459459 0.6742342342342342 0.7047297297297297 0.6857657657657658 0.7135135135135136 0.6972972972972973 0.7081081081081081 0.7052252252252252 0.6986486486486486 0.7034234234234235 0.6804054054054054 0.6952551351351351 0.6534209459459459 0.6876609009009009 0.6372932432432432 0.6792792792792792 0.5952702702702702 0.6663063063063063 0.5837837837837838 0.6616216216216216 0.5837837837837838
0 0.5783783783783784 0.6135135135135135 0.5762162162162162 0.6189189189189189 0.5772972972972973 0.6310810810810811 0.5945945945945946 0.697972972972973 0.6014414414414414 0.7358108108108108 0.6043243243243244 0.7466216216216216 0.6104504504504504 0.7581081081081081 0.6129729729729729 0.7581081081081081 0.6162162162162163 0.7520270270270271 0.616936936936937 0.7398648648648649 0.6151351351351352 0.6871621621621622 0.6093693693693694 0.6533783783783784 0.609009009009009 0.6195945945945946 0.6072072072072072 0.6074324324324324 0.6036036036036037 0.602027027027027 0.590990990990991 0.5966216216216216 0.5837837837837838 0.6033783783783784
0 0.5563963963963964 0.6270270270270271 0.5574774774774774 0.6506756756756756 0.5747747747747748 0.7513513513513513 0.5798198198198198 0.7628378378378379 0.5845045045045045 0.7608108108108108 0.5877477477477477 0.7560810810810811 0.5884684684684685 0.7425675675675676 0.5884684684684685 0.6682432432432432 0.5812612612612612 0.6114864864864865 0.5758558558558559 0.6040540540540541 0.5682882882882883 0.6027027027027027 0.5628828828828829 0.6168918918918919 0.5585585585585585 0.620945945945946
0 0.532972972972973 0.6229729729729729 0.5326126126126126 0.6324324324324324 0.5441441441441441 0.7445945945945946 0.54990990990991 0.7695945945945946 0.5524324324324325 0.775 0.5567567567567567 0.777027027027027 0.5618018018018018 0.7675675675675676 0.5628828828828829 0.7554054054054054 0.5632432432432433 0.6851351351351351 0.5581981981981982 0.6222972972972973 0.554954954954955 0.6141891891891892 0.5390990990990991 0.6101351351351352 0.5347747747747748 0.6141891891891892
0 0.5214414414414414 0.6378378378378379 0.5203603603603604 0.6459459459459459 0.5225225225225225 0.7432432432432432 0.5214414414414414 0.7594594594594595 0.5257657657657657 0.7716216216216216 0.532972972972973 0.7743243243243243 0.5372972972972972 0.725 0.538018018018018 0.6722972972972973 0.532972972972973 0.6344594594594595 0.529009009009009 0.6297297297297297
0 0.5012612612612612 0.6297297297297297 0.5095495495495496 0.7560810810810811 0.510990990990991 0.7635135135135135 0.5174774774774775 0.7722972972972973 0.518918918918919 0.7668918918918919 0.5203603603603604 0.720945945945946 0.5185585585585586 0.6918918918918919 0.5203603603603604 0.6736486486486486 0.5192792792792793 0.6378378378378379 0.5106306306306306 0.6297297297297297
0 0.4854054054054054 0.6283783783783784 0.48396396396396396 0.6310810810810811 0.4854054054054054 0.6743243243243243 0.48864864864864865 0.6932432432432433 0.4897297297297297 0.7344594594594595 0.4944144144144144 0.7722972972972973 0.5005405405405405 0.7648648648648648 0.5023423423423423 0.75 0.5027027027027027 0.6371621621621621 0.5016216216216216 0.6304054054054054 0.49801801801801804 0.6283783783783784
0 0.4695495495495495 0.6304054054054054 0.4627027027027027 0.6459459459459459 0.4742342342342342 0.7439189189189189 0.48036036036036034 0.7668918918918919 0.4828828828828829 0.7702702702702703 0.4854054054054054 0.7662162162162162 0.48684684684684687 0.7547297297297297 0.4846846846846847 0.6364864864864865 0.4836036036036036 0.6310810810810811 0.48036036036036034 0.629054054054054 0.4720720720720721 0.6277027027027027
0 0.44828828828828826 0.6148648648648649 0.4454054054054054 0.6763513513513514 0.4461261261261261 0.7398648648648649 0.4500900900900901 0.7682432432432432 0.4554954954954955 0.775 0.4627027027027027 0.775 0.4666666666666667 0.7648648648648648 0.4702702702702703 0.7094594594594594 0.4688288288288288 0.6844594594594594 0.46918918918918917 0.6283783783783784 0.4673873873873874 0.6175675675675676 0.4587387387387387 0.6027027027027027 0.45441441441441444 0.6047297297297297
0 0.42018018018018016 0.6371621621621621 0.4190990990990991 0.6608108108108108 0.4273873873873874 0.7290540540540541 0.4274306306306306 0.7483695945945946 0.431734054054054 0.7834716216216217 0.43963963963963965 0.7452702702702703 0.44504504504504505 0.7121621621621622 0.44972972972972974 0.6263513513513513 0.4472072072072072 0.6148648648648649 0.4353153153153153 0.6054054054054054 0.42162162162162165 0.6121621621621621 0.42234234234234236 0.6256756756756757
0 0.3924324324324324 0.6148648648648649 0.3945945945945946 0.7358108108108108 0.3963963963963964 0.7412162162162163 0.40396396396396395 0.7405405405405405 0.41667207207207213 0.6641675675675676 0.42486486486486486 0.620945945945946 0.421981981981982 0.6101351351351352 0.4118918918918919 0.597972972972973 0.39603603603603604 0.6067567567567568
0 0.298018018018018 0.654054054054054 0.2944144144144144 0.6817567567567567 0.3030630630630631 0.7108108108108108 0.3106306306306306 0.7135135135135136 0.32972972972972975 0.6898648648648649 0.3661261261261261 0.6304054054054054 0.3708108108108108 0.6148648648648649 0.37117117117117115 0.5993243243243244 0.3682882882882883 0.5945945945945946 0.35063063063063066 0.5837837837837838 0.3463063063063063 0.5756756756756757 0.33765765765765765 0.5682432432432433 0.3326126126126126 0.5668918918918919 0.3279279279279279 0.5695945945945946 0.32432432432432434 0.5756756756756757 0.3160482882882883 0.6164371621621622
0 0.25333333333333335 0.6533783783783784 0.252972972972973 0.6614864864864864 0.2583783783783784 0.6675675675675675 0.25873873873873876 0.677027027027027 0.2627027027027027 0.6824324324324325 0.27603603603603605 0.6858108108108109 0.29081081081081084 0.6777027027027027 0.3099099099099099 0.6189189189189189 0.316036036036036 0.6087837837837838 0.3246846846846847 0.5844594594594594 0.32684684684684684 0.5668918918918919 0.3145945945945946 0.5472972972972973 0.2872072072072072 0.529054054054054 0.28324324324324324 0.5331081081081082 0.27855855855855854 0.543918918918919 0.27531531531531533 0.5736486486486486 0.26522522522522524 0.6277027027027027 0.2554954954954955 0.6452702702702703
0 0.29081081081081084 0.4702702702702703 0.29081081081081084 0.4831081081081081 0.29333333333333333 0.48986486486486486 0.30666666666666664 0.5087837837837837 0.31567567567567567 0.5114864864864865 0.3210810810810811 0.5067567567567568 0.3286486486486486 0.475 0.3300900900900901 0.41081081081081083 0.3279279279279279 0.3972972972972973 0.31891891891891894 0.3837837837837838 0.3131531531531532 0.3885135135135135
0 0.32144144144144143 0.5027027027027027 0.32216216216216215 0.5175675675675676 0.32576576576576577 0.5283783783783784 0.3311711711711712 0.5277027027027027 0.35315315315315315 0.5391891891891892 0.36324324324324325 0.5324324324324324 0.36648648648648646 0.5168918918918919 0.3682882882882883 0.4925675675675676 0.3646846846846847 0.46216216216216216 0.36324324324324325 0.43108108108108106 0.35855855855855856 0.3966216216216216 0.3491891891891892 0.3945945945945946 0.3445045045045045 0.40135135135135136
0 0.3754954954954955 0.40405405405405403 0.37585585585585585 0.4391891891891892 0.37045045045045044 0.4918918918918919 0.3643243243243243 0.5283783783783784 0.36504504504504504 0.5432432432432432 0.3668468468468468 0.55 0.372972972972973 0.5581081081081081 0.3848648648648649 0.5621621621621622 0.3927927927927928 0.5608108108108109 0.4064864864864865 0.55 0.42018018018018016 0.5331081081081082 0.4237837837837838 0.5243243243243243 0.4252252252252252 0.5108108108108108 0.4237837837837838 0.5033783783783784 0.41528000000000004 0.4930358108108108 0.3935135135135135 0.42702702702702705 0.3924324324324324 0.4222972972972973 0.3935135135135135 0.4195945945945946 0.38846846846846844 0.41283783783783784 0.3881081081081081 0.40405405405405403 0.3855855855855856 0.3972972972972973 0.3816216216216216 0.3945945945945946 0.37765765765765763 0.39594594594594595
0 0.40819207207207203 0.3797135135135135 0.4069261261261261 0.4104993243243243 0.3990789189189189 0.4598317567567568 0.396294054054054 0.5143817567567567 0.39401585585585586 0.5380986486486486 0.3993318918918919 0.5504317567567568 0.41122954954954954 0.5437912162162163 0.4236335135135135 0.5319324324324324 0.4246461261261261 0.5034716216216216 0.4223679279279279 0.4484472972972973 0.4269243243243243 0.4128709459459459 0.4160392792792793 0.372077027027027 0.4107232432432433 0.36543581081081083
0 0.4392792792792793 0.3952702702702703 0.4165765765765766 0.5472972972972973 0.4198198198198198 0.5587837837837838 0.42702702702702705 0.5601351351351351 0.44324324324324327 0.5763513513513514 0.4547747747747748 0.5601351351351351 0.45765765765765765 0.5493243243243243 0.45837837837837836 0.4 0.4547747747747748 0.3783783783783784 0.44504504504504505 0.3783783783783784
0 0.4611765765765766 0.4891587837837838 0.45693693693693693 0.5567567567567567 0.46594594594594596 0.5702702702702702 0.470990990990991 0.5716216216216217 0.48 0.5608108108108109 0.4774774774774775 0.5054054054054054 0.47192396396396397 0.4103959459459459 0.47099567567567563 0.4033391891891892 0.4716825225225226 0.3986290540540541 0.4685906306306306 0.39066486486486485 0.4663063063063063 0.3885135135135135 0.4609351351351351 0.4239891891891892
0 0.4828828828828829 0.46283783783783783 0.48396396396396396 0.48783783783783785 0.48 0.529054054054054 0.48036036036036034 0.5601351351351351 0.48396396396396396 0.5716216216216217 0.4875675675675676 0.5763513513513514 0.4976576576576577 0.5804054054054054 0.5091891891891892 0.5783783783783784 0.5117117117117117 0.572972972972973 0.510990990990991 0.5432432432432432 0.505945945945946 0.504054054054054 0.5034234234234234 0.42702702702702705 0.5016216216216216 0.4195945945945946 0.49405405405405406 0.4101351351351351 0.48864864864864865 0.4135135135135135 0.4861261261261261 0.4195945945945946
0 0.5081081081081081 0.4486486486486487 0.5063063063063064 0.4777027027027027 0.5081081081081081 0.572972972972973 0.5102702702702703 0.5777027027027027 0.5174774774774775 0.5804054054054054 0.5347747747747748 0.5689189189189189 0.5365765765765765 0.5608108108108109 0.5358558558558558 0.5283783783783784 0.5275675675675676 0.4506756756756757 0.5181981981981982 0.42027027027027025 0.5135135135135135 0.41621621621621624 0.5120720720720721 0.4195945945945946
0 0.5417232432432432 0.41409054054054056 0.5350108108108108 0.4904236486486486 0.5300093693693694 0.5496135135135135 0.5394857657657658 0.5663837837837838 0.5486987387387388 0.5579986486486487 0.5489618018018018 0.5052209459459459 0.5473823423423424 0.4129837837837838
0 0.5626497297297297 0.40742770270270273 0.5501463063063063 0.5005560810810811 0.5464612612612613 0.5237385135135135 0.5448818018018018 0.5493871621621621 0.5496198198198198 0.5656648648648649 0.5646237837837838 0.5725702702702703 0.5738367567567567 0.5543195945945946 0.5706781981981982 0.4522175675675676 0.5706781981981982 0.4009202702702703 0.5646237837837838 0.39393310810810805
0 0.5618018018018018 0.5087837837837837 0.5607207207207208 0.525 0.5621621621621622 0.547972972972973 0.5682882882882883 0.5567567567567567 0.5744144144144144 0.552027027027027 0.5830630630630631 0.5635135135135135 0.5877477477477477 0.5648648648648649 0.592072072072072 0.5601351351351351 0.601081081081081 0.5412162162162162 0.5945945945945946 0.5114864864864865 0.594954954954955 0.39594594594594595 0.5830630630630631 0.39594594594594595 0.5758558558558559 0.4141891891891892 0.5682882882882883 0.4466216216216216 0.5664864864864865 0.47905405405405405
0 0.5884684684684685 0.5135135135135135 0.5884684684684685 0.5418918918918919 0.5899099099099099 0.5466216216216216 0.594954954954955 0.5506756756756757 0.6115315315315315 0.5533783783783783 0.6172972972972973 0.55 0.6194594594594595 0.5445945945945946 0.6194594594594595 0.5283783783783784 0.6144144144144145 0.4945945945945946 0.6122522522522522 0.46621621621621623 0.614054054054054 0.4027027027027027 0.6111711711711711 0.3885135135135135 0.603963963963964 0.37905405405405407 0.5996396396396396 0.3824324324324324 0.594954954954955 0.3952702702702703
0 0.6122522522522522 0.4972972972972973 0.6129729729729729 0.5405405405405406 0.623063063063063 0.5560810810810811 0.6504504504504505 0.5486486486486486 0.6572972972972972 0.5378378378378378 0.6562162162162162 0.5148648648648648 0.6504504504504505 0.4817567567567568 0.6461261261261261 0.47364864864864864 0.6353153153153153 0.42027027027027025 0.6266666666666667 0.4114864864864865 0.6223423423423423 0.41283783783783784 0.616936936936937 0.44054054054054054 0.6129729729729729 0.47364864864864864
0 0.6493693693693694 0.5060810810810811 0.6508108108108108 0.529054054054054 0.6562162162162162 0.5405405405405406 0.6609009009009009 0.543918918918919 0.6868468468468468 0.5344594594594595 0.6904504504504505 0.5304054054054054 0.6936936936936937 0.5202702702702703 0.6933333333333334 0.4966216216216216 0.69009009009009 0.48243243243243245 0.6702702702702703 0.4135135135135135 0.667027027027027 0.40878378378378377 0.6616216216216216 0.4114864864864865 0.6594594594594595 0.4189189189189189
0 0.6763963963963964 0.3912162162162162 0.676036036036036 0.4047297297297297 0.6886486486486486 0.5094594594594595 0.692972972972973 0.518918918918919 0.7084684684684684 0.5216216216216216 0.7171171171171171 0.5094594594594595 0.7228828828828829 0.4945945945945946 0.7218018018018018 0.4783783783783784 0.7167567567567568 0.4574324324324324 0.6990990990990991 0.40405405405405403 0.6951351351351351 0.3966216216216216 0.6857657657657658 0.3837837837837838