0 0.6738738738738739 0.2628378378378378 0.6659459459459459 0.30743243243243246 0.667027027027027 0.3141891891891892 0.6713513513513514 0.3216216216216216 0.6872072072072072 0.3398648648648649 0.698018018018018 0.34324324324324323 0.7055855855855856 0.33918918918918917 0.7174774774774775 0.31554054054054054 0.7189189189189189 0.30608108108108106 0.7189189189189189 0.2743243243243243 0.7163963963963964 0.2594594594594595 0.7095495495495495 0.24932432432432433 0.7005405405405405 0.23986486486486486 0.6868468468468468 0.2391891891891892
0 0.6572972972972972 0.33378378378378376 0.6565765765765765 0.34121621621621623 0.6605405405405406 0.3716216216216216 0.6832432432432433 0.452027027027027 0.6893693693693693 0.4614864864864865 0.707027027027027 0.4506756756756757 0.7127927927927928 0.42905405405405406 0.716036036036036 0.42364864864864865 0.716036036036036 0.4 0.710990990990991 0.38175675675675674 0.705945945945946 0.37432432432432433 0.6990990990990991 0.37027027027027026 0.685045045045045 0.3398648648648649 0.6738738738738739 0.3277027027027027 0.661981981981982 0.3236486486486487
0 0.6392792792792793 0.3716216216216216 0.6407207207207207 0.4077702702702703 0.6378378378378379 0.4554054054054054 0.6410810810810811 0.4864864864864865 0.6461261261261261 0.49594594594594593 0.6547747747747747 0.49864864864864866 0.6742342342342342 0.47905405405405405 0.6742342342342342 0.475 0.6814414414414415 0.46418918918918917 0.6818018018018018 0.4506756756756757 0.654054054054054 0.3608108108108108 0.6457657657657657 0.35202702702702704 0.64 0.3635135135135135
0 0.6036036036036037 0.3601351351351351 0.603963963963964 0.39594594594594595 0.6108108108108108 0.4358108108108108 0.6115315315315315 0.4925675675675676 0.614054054054054 0.5054054054054054 0.6187387387387387 0.5148648648648648 0.623063063063063 0.5175675675675676 0.6327927927927928 0.5135135135135135 0.6371171171171172 0.5006756756756757 0.6407207207207207 0.4972972972972973 0.64 0.46621621621621623 0.6345945945945946 0.4506756756756757 0.6306306306306306 0.4189189189189189 0.6190990990990991 0.3641891891891892 0.6151351351351352 0.3547297297297297 0.6072072072072072 0.3493243243243243 0.6061261261261262 0.35743243243243245
0 0.5794594594594594 0.4114864864864865 0.5794594594594594 0.4871621621621622 0.578018018018018 0.5 0.5816216216216217 0.529054054054054 0.5837837837837838 0.5351351351351351 0.5906306306306306 0.5432432432432432 0.6046846846846847 0.5527027027027027 0.609009009009009 0.5527027027027027 0.6165765765765766 0.5398648648648648 0.6187387387387387 0.5114864864864865 0.6144144144144145 0.5020270270270271 0.6108108108108108 0.4837837837837838 0.6126126126126126 0.4466216216216216 0.6097297297297297 0.43783783783783786 0.6057657657657658 0.4 0.6014414414414414 0.3844594594594595 0.592072072072072 0.3641891891891892 0.5837837837837838 0.37635135135135134 0.5809009009009009 0.3885135135135135
0 0.556036036036036 0.4114864864864865 0.554954954954955 0.5094594594594595 0.5563963963963964 0.5344594594594595 0.5625225225225226 0.5581081081081081 0.5718918918918919 0.5668918918918919 0.5762162162162162 0.5662162162162162 0.5823423423423424 0.5560810810810811 0.5863063063063063 0.5432432432432432 0.5790990990990991 0.42567567567567566 0.5790990990990991 0.37567567567567567 0.5740540540540541 0.3722972972972973 0.5708108108108109 0.3655405405405405 0.5657657657657658 0.3621621621621622 0.5618018018018018 0.3635135135135135 0.5589189189189189 0.37567567567567567
0 0.503063063063063 0.425 0.5023423423423423 0.46418918918918917 0.5009009009009009 0.46959459459459457 0.5027027027027027 0.49594594594594593 0.5023423423423423 0.5797297297297297 0.5095495495495496 0.5831081081081081 0.5218018018018018 0.5817567567567568 0.5322522522522523 0.5756756756756757 0.5326126126126126 0.5445945945945946 0.5257657657657657 0.4885135135135135 0.5257657657657657 0.4506756756756757 0.5225225225225225 0.43513513513513513 0.5210810810810811 0.41621621621621624 0.5153153153153153 0.39054054054054055 0.5113513513513513 0.3891891891891892 0.5073873873873874 0.3939189189189189 0.5037837837837837 0.4114864864864865
0 0.5272072072072073 0.3952702702702703 0.5282609009009009 0.42790675675675677 0.532972972972973 0.5108108108108108 0.5315315315315315 0.5358108108108108 0.5333333333333333 0.5675675675675675 0.5365765765765765 0.5743243243243243 0.547027027027027 0.575 0.5545945945945946 0.5662162162162162 0.5585585585585585 0.5547297297297298 0.547027027027027 0.3885135135135135 0.5441441441441441 0.3783783783783784 0.5369369369369369 0.37635135135135134 0.529009009009009 0.3844594594594595
0 0.4717117117117117 0.5344594594594595 0.47135135135135137 0.5722972972972973 0.4727927927927928 0.577027027027027 0.4861261261261261 0.5837837837837838 0.5005405405405405 0.5797297297297297 0.5009009009009009 0.4574324324324324 0.49585585585585584 0.4114864864864865 0.4861261261261261 0.40135135135135136 0.48144144144144146 0.4081081081081081 0.4796396396396396 0.41824324324324325
0 0.4493693693693694 0.44932432432432434 0.45045045045045046 0.4905405405405405 0.4436036036036036 0.5601351351351351 0.44576576576576576 0.5695945945945946 0.4518918918918919 0.5777027027027027 0.46918918918918917 0.5783783783783784 0.47063063063063065 0.5763513513513514 0.4717117117117117 0.5621621621621622 0.4742342342342342 0.4195945945945946 0.4735135135135135 0.40743243243243243 0.4699099099099099 0.3952702702702703 0.4587387387387387 0.39256756756756755 0.4565765765765766 0.3966216216216216
0 0.421981981981982 0.372972972972973 0.4144144144144144 0.5425675675675675 0.4183783783783784 0.5574324324324325 0.4227027027027027 0.5655405405405406 0.42882882882882883 0.5702702702702702 0.44036036036036036 0.5621621621621622 0.44288288288288286 0.5567567567567567 0.44684684684684683 0.5216216216216216 0.43963963963963965 0.3804054054054054 0.4353153153153153 0.3601351351351351
0 0.3827027027027027 0.5222972972972973 0.3837837837837838 0.5405405405405406 0.39207207207207206 0.5560810810810811 0.39675675675675676 0.5560810810810811 0.4079279279279279 0.5486486486486486 0.41693693693693695 0.5277027027027027 0.418018018018018 0.5006756756756757 0.41549549549549547 0.46959459459459457 0.41693693693693695 0.3993243243243243 0.41621621621621624 0.37972972972972974 0.4126126126126126 0.37635135135135134 0.4082882882882883 0.37972972972972974 0.40612612612612614 0.3885135135135135 0.40504504504504507 0.4027027027027027 0.38846846846846844 0.5006756756756757
0 0.35315315315315315 0.497972972972973 0.3517117117117117 0.5135135135135135 0.3589189189189189 0.525 0.36108108108108106 0.5344594594594595 0.3762162162162162 0.5304054054054054 0.3845045045045045 0.5135135135135135 0.38774774774774773 0.49527027027027026 0.3855855855855856 0.4619371621621622 0.38738738738738737 0.425 0.38954954954954957 0.4114864864864865 0.38846846846846844 0.3554054054054054 0.38414414414414416 0.3547297297297297 0.3801801801801802 0.35945945945945945 0.37261261261261264 0.3858108108108108 0.36324324324324325 0.43513513513513513 0.3621621621621622 0.4540540540540541
0 0.3138738738738739 0.46621621621621623 0.31423423423423424 0.4885135135135135 0.3218018018018018 0.497972972972973 0.32900900900900903 0.49864864864864866 0.33405405405405403 0.5054054054054054 0.34594594594594597 0.5087837837837837 0.3517117117117117 0.5054054054054054 0.3574774774774775 0.4939189189189189 0.36036036036036034 0.4743243243243243 0.3592792792792793 0.4412162162162162 0.35387387387387387 0.37972972972972974 0.3491891891891892 0.3662162162162162 0.34486486486486484 0.36486486486486486 0.34306306306306306 0.3783783783783784 0.3261261261261261 0.41283783783783784 0.32432432432432434 0.42905405405405406
0 0.27675675675675676 0.4189189189189189 0.2756756756756757 0.43445945945945946 0.27783783783783783 0.4506756756756757 0.28396396396396395 0.4554054054054054 0.2875675675675676 0.4668918918918919 0.2965765765765766 0.4783783783783784 0.30342342342342343 0.4797297297297297 0.3081081081081081 0.47635135135135137 0.3124324324324324 0.46756756756756757 0.33585585585585587 0.3608108108108108 0.3311711711711712 0.33378378378378376 0.3261261261261261 0.3324324324324324 0.3163963963963964 0.34121621621621623 0.2918918918918919 0.3891891891891892 0.2818018018018018 0.4006756756756757
0 0.2702702702702703 0.2939189189189189 0.26990990990990993 0.325 0.27135135135135136 0.34121621621621623 0.27603603603603605 0.3567567567567568 0.28216216216216217 0.3668918918918919 0.29153153153153155 0.37094594594594593 0.30234234234234236 0.3662162162162162 0.30594594594594593 0.3554054054054054 0.3145945945945946 0.3493243243243243 0.32216216216216215 0.3277027027027027 0.3246846846846847 0.3256756756756757 0.32900900900900903 0.3027027027027027 0.3311711711711712 0.27905405405405403 0.3261261261261261 0.26756756756756755 0.31495495495495496 0.2628378378378378 0.29477477477477476 0.26554054054054055 0.27531531531531533 0.27837837837837837
0 0.24612612612612614 0.5756756756756757 0.24576576576576575 0.5912162162162162 0.25333333333333335 0.6135135135135135 0.2673873873873874 0.6195945945945946 0.2810810810810811 0.6054054054054054 0.2781816216216216 0.598754054054054 0.307027027027027 0.5283783783783784 0.3091891891891892 0.5162162162162162 0.3055855855855856 0.497972972972973 0.29873873873873874 0.4912162162162162 0.29225225225225226 0.4925675675675676 0.27603603603603605 0.47635135135135137 0.2663063063063063 0.4831081081081081 0.26054054054054054 0.49594594594594593 0.2611308108108108 0.5230195945945946
0 0.30594594594594593 0.5337837837837838 0.3009009009009009 0.572972972972973 0.292972972972973 0.6033783783783784 0.28684684684684686 0.6141891891891892 0.28216216216216217 0.6331081081081081 0.28324324324324324 0.6385135135135135 0.2944144144144144 0.6378378378378379 0.3147747747747748 0.6044601351351351 0.3138666666666667 0.6279445945945945 0.30234234234234236 0.6574324324324324 0.3027027027027027 0.6641891891891892 0.30666666666666664 0.6682432432432432 0.3207207207207207 0.65 0.32684684684684684 0.6378378378378379 0.3326126126126126 0.6148648648648649 0.34306306306306306 0.5939189189189189 0.3517117117117117 0.5824324324324325 0.3581981981981982 0.552027027027027 0.350990990990991 0.5371621621621622 0.3409009009009009 0.5317567567567567 0.32576576576576577 0.5128378378378379 0.31747747747747745 0.5121621621621621 0.3124324324324324 0.5162162162162162
0 0.3535135135135135 0.5837837837837838 0.3527927927927928 0.6121621621621621 0.3466666666666667 0.6506756756756756 0.34162162162162163 0.6662162162162162 0.33945945945945943 0.6864864864864865 0.3427027027027027 0.6939189189189189 0.34954954954954953 0.6966216216216217 0.35243243243243244 0.6925675675675675 0.36654090090090086 0.6449385135135135 0.3707185585585585 0.6657 0.36 0.702027027027027 0.36 0.7087837837837838 0.36504504504504504 0.7162162162162162 0.3754954954954955 0.7006756756756757 0.387027027027027 0.65 0.39747747747747747 0.6128378378378379 0.4043243243243243 0.595945945945946 0.40540540540540543 0.5716216216216217 0.4043243243243243 0.5641891891891891 0.40072072072072074 0.5608108108108109 0.390990990990991 0.5635135135135135 0.38870054054054054 0.5581472972972973 0.3867027027027027 0.5564452702702702 0.38342342342342345 0.5527027027027027 0.3754954954954955 0.5445945945945946 0.35963963963963963 0.5560810810810811
0 0.39963963963963967 0.6135135135135135 0.4025225225225225 0.6331081081081081 0.4028828828828829 0.6493243243243243 0.39927927927927925 0.6898648648648649 0.39531531531531533 0.7141891891891892 0.3935135135135135 0.7445945945945946 0.39423423423423426 0.7560810810810811 0.3963963963963964 0.7608108108108108 0.4010810810810811 0.7628378378378379 0.4126126126126126 0.7445945945945946 0.421981981981982 0.7155405405405405 0.4259459459459459 0.6831081081081081 0.4392792792792793 0.6310810810810811 0.44144144144144143 0.6101351351351352 0.4392792792792793 0.602027027027027 0.4317117117117117 0.5912162162162162 0.4273873873873874 0.5898648648648649 0.4072072072072072 0.5945945945945946
0 0.44216216216216214 0.6229729729729729 0.44144144144144143 0.6459459459459459 0.44684684684684683 0.6905405405405406 0.4518918918918919 0.7682432432432432 0.4547747747747748 0.775 0.4655855855855856 0.777027027027027 0.4702702702702703 0.7716216216216216 0.4735135135135135 0.7527027027027027 0.4742342342342342 0.7101351351351352 0.470990990990991 0.6304054054054054 0.46702702702702703 0.6074324324324324 0.45513513513513515 0.5966216216216216 0.45117117117117117 0.597972972972973 0.4461261261261261 0.606081081081081
0 0.4717117117117117 0.6067567567567568 0.4702702702702703 0.6148648648648649 0.47675675675675677 0.7364864864864865 0.48144144144144146 0.7675675675675676 0.49045045045045044 0.768918918918919 0.49405405405405406 0.7554054054054054 0.49405405405405406 0.629054054054054 0.49261261261261263 0.6067567567567568 0.48504504504504503 0.602027027027027 0.47387387387387386 0.6027027027027027
0 0.4944144144144144 0.6047297297297297 0.4936936936936937 0.7013513513513514 0.4962162162162162 0.7520270270270271 0.5055855855855856 0.7567567567567568 0.5095495495495496 0.7493243243243243 0.510990990990991 0.7405405405405405 0.5138738738738738 0.6067567567567568 0.5095495495495496 0.6027027027027027
0 0.516036036036036 0.6047297297297297 0.5167567567567568 0.7364864864864865 0.5196396396396397 0.754054054054054 0.5218018018018018 0.7587837837837837 0.5264864864864864 0.7594594594594595 0.5300900900900901 0.7547297297297297 0.532972972972973 0.7412162162162163 0.5333333333333333 0.6067567567567568 0.5297297297297298 0.6033783783783784
0 0.5354954954954955 0.602027027027027 0.5347747747747748 0.6310810810810811 0.5387387387387388 0.668918918918919 0.5372972972972972 0.7087837837837838 0.5398198198198199 0.7452702702702703 0.5430630630630631 0.7574324324324324 0.5484684684684684 0.7587837837837837 0.5531531531531532 0.7466216216216216 0.5527927927927928 0.7113513513513513 0.5574774774774774 0.6412162162162162 0.5574774774774774 0.606081081081081 0.5531531531531532 0.5993243243243244 0.547027027027027 0.597972972972973 0.5405405405405406 0.597972972972973
0 0.5578378378378378 0.6067567567567568 0.5567567567567567 0.6317567567567568 0.5722522522522523 0.7608108108108108 0.5798198198198198 0.7777027027027027 0.5873873873873874 0.7777027027027027 0.5888288288288288 0.7709459459459459 0.5852252252252252 0.7331081081081081 0.5841441441441442 0.6844594594594594 0.5873873873873874 0.6344594594594595 0.5834234234234235 0.6175675675675676 0.5827027027027027 0.6054054054054054 0.5801801801801801 0.5993243243243244 0.5718918918918919 0.5918918918918918 0.5682882882882883 0.5932432432432433
0 0.5834234234234235 0.6013513513513513 0.5830630630630631 0.6155405405405405 0.5845045045045045 0.6229729729729729 0.5931531531531532 0.6398648648648648 0.6006695495495495 0.652272972972973 0.6165765765765766 0.7074324324324325 0.6216216216216216 0.7168918918918918 0.6327927927927928 0.7162162162162162 0.6306306306306306 0.6844594594594594 0.6255855855855856 0.6641891891891892 0.6190990990990991 0.6168918918918919 0.6190990990990991 0.6033783783783784 0.6162162162162163 0.5912162162162162 0.6068468468468469 0.5783783783783784 0.5881081081081081 0.5918918918918918
0 0.6100900900900901 0.5601351351351351 0.6097297297297297 0.5709459459459459 0.6136936936936936 0.5878378378378378 0.6245045045045045 0.6114864864864865 0.6443243243243243 0.677027027027027 0.6511711711711712 0.6891891891891891 0.6590990990990991 0.6952702702702702 0.6619715315315315 0.6874716216216216 0.6583390990990992 0.671475 0.6516183783783783 0.6541162162162162 0.6514367567567568 0.6336952702702703 0.6619715315315315 0.6496918918918919 0.667027027027027 0.668918918918919 0.6735135135135135 0.6743243243243243 0.6767567567567567 0.6695945945945946 0.6803603603603604 0.6554054054054054 0.6652252252252252 0.602027027027027 0.6627027027027027 0.5864864864864865 0.6630630630630631 0.5675675675675675 0.6576576576576577 0.5418918918918919 0.6385585585585586 0.5331081081081082 0.6342342342342342 0.5337837837837838 0.625945945945946 0.55 0.6133333333333333 0.5547297297297298
0 0.6558558558558558 0.5263513513513514 0.6544144144144144 0.5331081081081082 0.6601801801801802 0.5560810810810811 0.68 0.5844594594594594 0.7052252252252252 0.6297297297297297 0.7088288288288288 0.6331081081081081 0.7163963963963964 0.6351351351351351 0.7174774774774775 0.6256756756756757 0.7153153153153153 0.6108108108108108 0.7050194594594595 0.6021932432432432 0.7015682882882883 0.5807513513513514 0.7222821621621622 0.602027027027027 0.7282882882882883 0.6013513513513513 0.7315315315315315 0.5945945945945946 0.7315315315315315 0.5864864864864865 0.710990990990991 0.5371621621621622 0.7048648648648649 0.5054054054054054 0.6969369369369369 0.4885135135135135 0.6933333333333334 0.4858108108108108 0.6814414414414415 0.4885135135135135 0.6753153153153153 0.5101351351351351 0.6702702702702703 0.5168918918918919