0 0.3132591093117409 0.5317622950819673 0.3142712550607287 0.5594262295081968 0.340080971659919 0.5758196721311475 0.3517206477732793 0.5686475409836066 0.3491902834008097 0.4385245901639344 0.3415991902834008 0.4293032786885246 0.3319838056680162 0.430327868852459 0.32793522267206476 0.4354508196721312 0.3208502024291498 0.5010245901639344
0 0.3567813765182186 0.4354508196721312 0.35931174089068824 0.45799180327868855 0.3532388663967611 0.5225409836065574 0.35374493927125505 0.5461065573770492 0.35931174089068824 0.5604508196721312 0.3643724696356275 0.5645491803278688 0.38208502024291496 0.5625 0.39068825910931176 0.5563524590163934 0.3937246963562753 0.5471311475409836 0.3932186234817814 0.5338114754098361 0.38461538461538464 0.48258196721311475 0.3805668016194332 0.4405737704918033 0.37449392712550605 0.41188524590163933 0.36082995951417 0.4108606557377049
0 0.39220647773279355 0.41598360655737704 0.39473684210526316 0.5522540983606558 0.39979757085020245 0.5584016393442623 0.41548582995951416 0.5543032786885246 0.42054655870445345 0.5317622950819673 0.40384615384615385 0.38934426229508196 0.395748987854251 0.39241803278688525
0 0.4438259109311741 0.35450819672131145 0.4418016194331984 0.39241803278688525 0.4493927125506073 0.4426229508196721 0.44483805668016196 0.5440573770491803 0.4473684210526316 0.5543032786885246 0.4549595141700405 0.5594262295081968 0.4640688259109312 0.555327868852459 0.4706477732793522 0.5461065573770492 0.47621457489878544 0.5266393442622951 0.4726720647773279 0.4948770491803279 0.4691295546558704 0.4108606557377049 0.4625506072874494 0.3739754098360656 0.46305668016194335 0.36475409836065575 0.4549595141700405 0.35040983606557374 0.44534412955465585 0.3483606557377049
0 0.47520242914979755 0.39139344262295084 0.4772267206477733 0.5389344262295082 0.4807692307692308 0.5502049180327869 0.4974696356275304 0.5573770491803278 0.5010121457489879 0.5502049180327869 0.5020242914979757 0.5379098360655737 0.49898785425101216 0.4262295081967213 0.49190283400809715 0.39651639344262296 0.48380566801619435 0.39036885245901637
0 0.5025303643724697 0.41188524590163933 0.49949392712550605 0.4702868852459016 0.5050607287449392 0.5338114754098361 0.5096153846153846 0.5409836065573771 0.520242914979757 0.5256147540983607 0.5237854251012146 0.5133196721311475 0.5253036437246964 0.47848360655737704 0.5227732793522267 0.430327868852459 0.521255060728745 0.42213114754098363 0.5156882591093117 0.41905737704918034 0.5126518218623481 0.39959016393442626 0.5055668016194332 0.382172131147541
0 0.5379554655870445 0.42418032786885246 0.5364372469635628 0.4385245901639344 0.5379554655870445 0.5276639344262295 0.5501012145748988 0.548155737704918 0.5566801619433198 0.5522540983606558 0.562753036437247 0.5471311475409836 0.5647773279352226 0.5389344262295082 0.5576923076923077 0.41188524590163933 0.5409919028340081 0.4036885245901639
0 0.5657894736842105 0.39549180327868855 0.5657894736842105 0.5409836065573771 0.5673076923076923 0.5461065573770492 0.583502024291498 0.5461065573770492 0.5875506072874493 0.5430327868852459 0.590080971659919 0.5338114754098361 0.5855263157894737 0.39241803278688525 0.5819838056680162 0.38831967213114754 0.5819838056680162 0.3801229508196721 0.5789473684210527 0.3780737704918033 0.5733805668016194 0.3801229508196721
0 0.5936234817813765 0.4323770491803279 0.5910931174089069 0.5286885245901639 0.5951417004048583 0.5379098360655737 0.611336032388664 0.5471311475409836 0.6153846153846154 0.5420081967213115 0.6174089068825911 0.5307377049180327 0.6204453441295547 0.4334016393442623 0.611336032388664 0.39549180327868855 0.6067813765182186 0.39344262295081966 0.6002024291497976 0.39651639344262296
0 0.6239878542510121 0.430327868852459 0.6158906882591093 0.5112704918032787 0.617914979757085 0.5338114754098361 0.6290485829959515 0.5389344262295082 0.6401821862348178 0.5379098360655737 0.6482793522267206 0.5317622950819673 0.6634615384615384 0.5338114754098361 0.6629554655870445 0.5174180327868853 0.6543522267206477 0.5010245901639344 0.645748987854251 0.492827868852459 0.6432186234817814 0.4610655737704918 0.645748987854251 0.4334016393442623 0.6427125506072875 0.4108606557377049 0.6376518218623481 0.4036885245901639 0.6290485829959515 0.4047131147540984
0 0.645748987854251 0.4077868852459016 0.6432186234817814 0.48770491803278687 0.6477732793522267 0.5163934426229508 0.646255060728745 0.5174180327868853 0.6492914979757085 0.5286885245901639 0.6624493927125507 0.5358606557377049 0.6705465587044535 0.5276639344262295 0.6690283400809717 0.49026639344262296 0.6674154858299596 0.416905737704918 0.6614372469635628 0.38729508196721313 0.6518218623481782 0.3801229508196721
0 0.6690283400809717 0.4385245901639344 0.6695344129554656 0.4672131147540984 0.6639676113360324 0.5348360655737705 0.6654858299595142 0.5522540983606558 0.6700404858299596 0.5614754098360656 0.6973684210526315 0.5573770491803278 0.7039473684210527 0.5512295081967213 0.7059716599190283 0.5327868852459017 0.7034412955465587 0.4702868852459016 0.6993927125506073 0.4672131147540984 0.6973684210526315 0.4344262295081967 0.6923076923076923 0.41188524590163933 0.6892712550607287 0.4036885245901639 0.673582995951417 0.3985655737704918 0.6720647773279352 0.4036885245901639 0.6761133603238867 0.4149590163934426
0 0.7064777327935222 0.5112704918032787 0.7074898785425101 0.5502049180327869 0.7140688259109311 0.5573770491803278 0.7353238866396761 0.5409836065573771 0.743421052631579 0.5256147540983607 0.7408906882591093 0.4405737704918033 0.7322874493927125 0.3975409836065574 0.7201417004048583 0.3985655737704918 0.7145748987854251 0.41188524590163933
0 0.7408906882591093 0.4385245901639344 0.7393724696356275 0.492827868852459 0.7439271255060729 0.514344262295082 0.7560728744939271 0.5163934426229508 0.7869433198380567 0.4989754098360656 0.7874493927125507 0.4692622950819672 0.7844129554655871 0.45594262295081966 0.7742914979757085 0.4364754098360656 0.763663967611336 0.3831967213114754 0.7515182186234818 0.3801229508196721 0.7479757085020243 0.38422131147540983
0 0.6270242914979757 0.5532786885245902 0.6260121457489879 0.5604508196721312 0.6391700404858299 0.6577868852459017 0.645748987854251 0.6711065573770492 0.6543522267206477 0.6700819672131147 0.6584008097165992 0.6618852459016393 0.6568825910931174 0.5522540983606558 0.6406882591093117 0.5420081967213115
0 0.604251012145749 0.5645491803278688 0.603744939271255 0.5809426229508197 0.611336032388664 0.6157786885245902 0.618421052631579 0.6772540983606558 0.6209514170040485 0.6813524590163934 0.6290485829959515 0.680327868852459 0.6325910931174089 0.6752049180327869 0.6361336032388664 0.6557377049180327 0.6290485829959515 0.6096311475409836 0.6285425101214575 0.5604508196721312 0.6255060728744939 0.5522540983606558 0.6133603238866396 0.548155737704918
0 0.5754048582995951 0.5543032786885246 0.5754048582995951 0.576844262295082 0.5880566801619433 0.6454918032786885 0.5915991902834008 0.694672131147541 0.5986842105263158 0.7202868852459017 0.604251012145749 0.7295081967213115 0.6088056680161943 0.7305327868852459 0.6138663967611336 0.7028688524590164 0.6163967611336032 0.7008196721311475 0.6163967611336032 0.6926229508196722 0.6022267206477733 0.5625 0.5845141700404858 0.5471311475409836 0.5779352226720648 0.5471311475409836
0 0.5526315789473685 0.555327868852459 0.5526315789473685 0.5799180327868853 0.5657894736842105 0.6741803278688525 0.5683198380566802 0.680327868852459 0.5723684210526315 0.6793032786885246 0.5759109311740891 0.6741803278688525 0.5774291497975709 0.6629098360655737 0.5759109311740891 0.5522540983606558 0.5642712550607287 0.548155737704918
0 0.5364372469635628 0.5440573770491803 0.5339068825910931 0.5635245901639344 0.5344129554655871 0.5901639344262295 0.5409919028340081 0.6618852459016393 0.5470647773279352 0.6813524590163934 0.5561740890688259 0.6844262295081968 0.5581983805668016 0.6741803278688525 0.5576923076923077 0.6424180327868853 0.5511133603238867 0.5522540983606558 0.5445344129554656 0.5399590163934426
0 0.5172064777327935 0.5502049180327869 0.5161943319838057 0.5850409836065574 0.5187246963562753 0.6290983606557377 0.5217611336032388 0.6403688524590164 0.5334008097165992 0.6383196721311475 0.5354251012145749 0.610655737704918 0.5328947368421053 0.5676229508196722 0.5293522267206477 0.555327868852459
0 0.4974696356275304 0.5952868852459017 0.4949392712550607 0.6454918032786885 0.4964574898785425 0.6752049180327869 0.5015182186234818 0.6936475409836066 0.5131578947368421 0.6967213114754098 0.521255060728745 0.673155737704918 0.5156882591093117 0.6147540983606558 0.5141700404858299 0.5532786885245902 0.5005060728744939 0.5604508196721312
0 0.4676113360323887 0.6424180327868853 0.4665991902834008 0.6793032786885246 0.46963562753036436 0.7059426229508197 0.47368421052631576 0.7213114754098361 0.48279352226720645 0.7202868852459017 0.49139676113360325 0.6782786885245902 0.49291497975708504 0.6229508196721312 0.4974696356275304 0.5778688524590164 0.4974696356275304 0.5676229508196722 0.49190283400809715 0.5522540983606558 0.4848178137651822 0.5491803278688525 0.472165991902834 0.5625
0 0.4438259109311741 0.5645491803278688 0.4397773279352227 0.5973360655737705 0.44534412955465585 0.6823770491803278 0.4519230769230769 0.6967213114754098 0.45951417004048584 0.6895491803278688 0.46305668016194335 0.6793032786885246 0.46963562753036436 0.5788934426229508 0.4665991902834008 0.5635245901639344 0.45546558704453444 0.5522540983606558 0.4509109311740891 0.5522540983606558
0 0.4124493927125506 0.5952868852459017 0.409919028340081 0.6311475409836066 0.4124493927125506 0.6659836065573771 0.4180161943319838 0.6823770491803278 0.4311740890688259 0.6793032786885246 0.44483805668016196 0.5625 0.4392712550607287 0.5502049180327869 0.42206477732793524 0.5573770491803278 0.41700404858299595 0.5635245901639344
0 0.35526315789473684 0.6618852459016393 0.354251012145749 0.6813524590163934 0.35779352226720645 0.694672131147541 0.36690283400809715 0.6926229508196722 0.37398785425101216 0.680327868852459 0.3881113360323887 0.6257581967213115 0.38461538461538464 0.7028688524590164 0.38866396761133604 0.7049180327868853 0.3972672064777328 0.6854508196721312 0.4180161943319838 0.5676229508196722 0.4159919028340081 0.5512295081967213 0.40789473684210525 0.5471311475409836 0.4048582995951417 0.5543032786885246 0.39212196356275303 0.5655737704918032 0.3694331983805668 0.5686475409836066 0.3674089068825911 0.5758196721311475 0.36791497975708504 0.6260245901639344 0.3598178137651822 0.6577868852459017 0.3567813765182186 0.6567622950819673