0 0.2722672064777328 0.41598360655737704 0.2702429149797571 0.43135245901639346 0.27378542510121456 0.4569672131147541 0.2742914979757085 0.48668032786885246 0.28036437246963564 0.4969262295081967 0.2935222672064777 0.507172131147541 0.30718623481781376 0.5020491803278688 0.3117408906882591 0.49077868852459017 0.31224696356275305 0.4764344262295082 0.30364372469635625 0.41188524590163933 0.2990890688259109 0.4036885245901639 0.2834008097165992 0.4047131147540984
0 0.3061740890688259 0.41188524590163933 0.3132591093117409 0.548155737704918 0.3299595141700405 0.5676229508196722 0.3375506072874494 0.5676229508196722 0.3456477732793522 0.5594262295081968 0.347165991902834 0.5522540983606558 0.3375506072874494 0.4344262295081967 0.33451417004048584 0.41905737704918034 0.32894736842105265 0.4077868852459016 0.3183198380566802 0.39959016393442626
0 0.3340080971659919 0.4067622950819672 0.34868421052631576 0.5471311475409836 0.35728744939271256 0.5584016393442623 0.3734817813765182 0.5522540983606558 0.38360323886639675 0.5297131147540983 0.3765182186234818 0.48668032786885246 0.37550607287449395 0.43135245901639346 0.3734817813765182 0.42110655737704916 0.36639676113360325 0.4036885245901639 0.36133603238866396 0.39959016393442626
0 0.4018218623481781 0.4088114754098361 0.4043522267206478 0.4641393442622951 0.39878542510121456 0.5133196721311475 0.40030364372469635 0.5276639344262295 0.40384615384615385 0.5348360655737705 0.40789473684210525 0.5348360655737705 0.4159919028340081 0.5266393442622951 0.4215587044534413 0.514344262295082 0.4240890688259109 0.4918032786885246 0.4240890688259109 0.45901639344262296 0.41548582995951416 0.38524590163934425 0.4048582995951417 0.3862704918032787
0 0.42459514170040485 0.38422131147540983 0.423582995951417 0.4047131147540984 0.4316801619433198 0.5286885245901639 0.4352226720647773 0.5368852459016393 0.45445344129554655 0.5286885245901639 0.4569838056680162 0.5235655737704918 0.4569838056680162 0.5092213114754098 0.451417004048583 0.430327868852459 0.44686234817813764 0.4036885245901639 0.4397773279352227 0.3831967213114754
0 0.45293522267206476 0.38422131147540983 0.4498987854251012 0.39241803278688525 0.4600202429149798 0.48258196721311475 0.46153846153846156 0.5276639344262295 0.47115384615384615 0.5450819672131147 0.4832995951417004 0.5440573770491803 0.4832995951417004 0.5051229508196722 0.4767206477732793 0.4344262295081967 0.4716599190283401 0.4067622950819672 0.46558704453441296 0.38422131147540983
0 0.47520242914979755 0.38831967213114754 0.4741902834008097 0.4016393442622951 0.4777327935222672 0.4262295081967213 0.4857231781376518 0.4818842213114754 0.4848178137651822 0.5399590163934426 0.49139676113360325 0.5584016393442623 0.5030364372469636 0.5604508196721312 0.513663967611336 0.5543032786885246 0.5167004048582996 0.5491803278688525 0.5136330971659919 0.49372540983606555 0.507330971659919 0.4418073770491803 0.4992282388663968 0.39626639344262293 0.4974696356275304 0.3790983606557377 0.4817813765182186 0.3801229508196721
0 0.5161943319838057 0.4139344262295082 0.5187246963562753 0.49077868852459017 0.5156882591093117 0.5327868852459017 0.5167004048582996 0.5461065573770492 0.520748987854251 0.5522540983606558 0.5268218623481782 0.548155737704918 0.5328947368421053 0.5522540983606558 0.5450404858299596 0.5512295081967213 0.5480769230769231 0.5358606557377049 0.5435222672064778 0.43135245901639346 0.5389676113360324 0.38422131147540983 0.5293522267206477 0.38114754098360654 0.520748987854251 0.38422131147540983
0 0.5455465587044535 0.4077868852459016 0.5465587044534413 0.5491803278688525 0.5501012145748988 0.5584016393442623 0.5571862348178138 0.5594262295081968 0.5683198380566802 0.5532786885245902 0.5718623481781376 0.5450819672131147 0.5759109311740891 0.4395491803278688 0.5728744939271255 0.38729508196721313 0.5703441295546559 0.3801229508196721 0.5607287449392713 0.3760245901639344 0.5506072874493927 0.3801229508196721
0 0.5718623481781376 0.5194672131147541 0.5713562753036437 0.5409836065573771 0.5748987854251012 0.5522540983606558 0.5931174089068826 0.5563524590163934 0.6002024291497976 0.5440573770491803 0.6067813765182186 0.41290983606557374 0.6062753036437247 0.3862704918032787 0.5941295546558705 0.3831967213114754 0.5870445344129555 0.39959016393442626 0.5779352226720648 0.45491803278688525
0 0.6072874493927125 0.46209016393442626 0.604757085020243 0.5297131147540983 0.618421052631579 0.5573770491803278 0.6229757085020243 0.5614754098360656 0.6310728744939271 0.5594262295081968 0.6356275303643725 0.548155737704918 0.6300607287449392 0.5153688524590164 0.6346153846153846 0.4098360655737705 0.6234817813765182 0.39241803278688525 0.6148785425101214 0.39139344262295084
0 0.6336032388663968 0.43135245901639346 0.6305668016194332 0.4702868852459016 0.632085020242915 0.5409836065573771 0.6341093117408907 0.5471311475409836 0.6538461538461539 0.5604508196721312 0.6584008097165992 0.5563524590163934 0.6624493927125507 0.5440573770491803 0.6594129554655871 0.41188524590163933 0.6543522267206477 0.3862704918032787 0.6422064777327935 0.3862704918032787 0.6376518218623481 0.39959016393442626
0 0.6675101214574899 0.41905737704918034 0.6675101214574899 0.46234631147540983 0.6594129554655871 0.5 0.6619433198380567 0.5491803278688525 0.6695344129554656 0.5604508196721312 0.6933198380566802 0.5625 0.7009109311740891 0.5522540983606558 0.7034412955465587 0.5399590163934426 0.7019230769230769 0.45081967213114754 0.6923076923076923 0.40061475409836067 0.687753036437247 0.39036885245901637 0.6786437246963563 0.38422131147540983 0.673582995951417 0.38729508196721313
0 0.7469635627530364 0.3760245901639344 0.7474696356275303 0.430327868852459 0.7439271255060729 0.4979508196721312 0.7510121457489879 0.5204918032786885 0.7560728744939271 0.5245901639344263 0.7651821862348178 0.5194672131147541 0.7813765182186235 0.4989754098360656 0.7793522267206477 0.46209016393442626 0.7844129554655871 0.43135245901639346 0.7823886639676113 0.41290983606557374 0.7656882591093117 0.3739754098360656 0.7555668016194332 0.3709016393442623
0 0.7326427125506073 0.5585491803278688 0.7358299595141701 0.5840163934426229 0.7545546558704453 0.6331967213114754 0.7621457489878543 0.6639344262295082 0.7763157894736842 0.6905737704918032 0.7894736842105263 0.6987704918032787 0.8001012145748988 0.6967213114754098 0.8031376518218624 0.6915983606557377 0.7718127530364373 0.6157551229508197 0.8072742914979757 0.6729682377049181 0.8117408906882592 0.6577868852459017 0.7930161943319838 0.5829918032786885 0.784919028340081 0.5727459016393442 0.7773279352226721 0.5389344262295082 0.7722672064777328 0.5276639344262295 0.763663967611336 0.5245901639344263 0.7555668016194332 0.5307377049180327
0 0.6882591093117408 0.5840163934426229 0.6882591093117408 0.6034836065573771 0.7062201417004048 0.6577581967213114 0.7171052631578947 0.7161885245901639 0.7322874493927125 0.7510245901639344 0.7378542510121457 0.742827868852459 0.7388663967611336 0.735655737704918 0.7277753036437248 0.6530686475409836 0.7515182186234818 0.7243852459016393 0.7586032388663968 0.7295081967213115 0.7626518218623481 0.7274590163934426 0.7641700404858299 0.7120901639344263 0.7413967611336032 0.6198770491803278 0.7338056680161943 0.5758196721311475 0.7165991902834008 0.5584016393442623 0.7115384615384616 0.5584016393442623 0.6933198380566802 0.5737704918032787
0 0.6568825910931174 0.5952868852459017 0.6420182186234817 0.5958555327868852 0.6380779352226721 0.6141444672131148 0.6510576923076923 0.6586956967213115 0.6538461538461539 0.7182377049180327 0.6580106275303644 0.7393575819672131 0.6705465587044535 0.7786885245901639 0.6740890688259109 0.7807377049180327 0.6771255060728745 0.7786885245901639 0.6761133603238867 0.7448770491803278 0.6723810728744939 0.706998975409836 0.677247975708502 0.674171106557377 0.6938259109311741 0.7315573770491803 0.7039473684210527 0.7479508196721312 0.7069838056680162 0.7479508196721312 0.7064777327935222 0.7305327868852459 0.6907894736842105 0.6116803278688525 0.6771255060728745 0.5840163934426229 0.6705465587044535 0.5840163934426229
0 0.6189271255060729 0.6147540983606558 0.618421052631579 0.6618852459016393 0.6229757085020243 0.7100409836065574 0.6361336032388664 0.7827868852459017 0.6427125506072875 0.7889344262295082 0.646255060728745 0.7807377049180327 0.6472672064777328 0.7315573770491803 0.6447368421052632 0.617827868852459 0.6422064777327935 0.6116803278688525 0.6270242914979757 0.6065573770491803 0.6214574898785425 0.6065573770491803
0 0.5895748987854251 0.6188524590163934 0.5895748987854251 0.7213114754098361 0.597165991902834 0.7838114754098361 0.5996963562753036 0.7899590163934426 0.6072874493927125 0.7797131147540983 0.6108299595141701 0.7602459016393442 0.6158906882591093 0.6854508196721312 0.6174089068825911 0.6209016393442623 0.6138663967611336 0.6086065573770492 0.604251012145749 0.6065573770491803 0.5976720647773279 0.6075819672131147
0 0.5587044534412956 0.5952868852459017 0.5587044534412956 0.6557377049180327 0.5526315789473685 0.7120901639344263 0.5531376518218624 0.7622950819672131 0.5561740890688259 0.7858606557377049 0.5642712550607287 0.8043032786885246 0.5683198380566802 0.8043032786885246 0.5794534412955465 0.7704918032786885 0.583502024291498 0.7366803278688525 0.5880566801619433 0.6782786885245902 0.5890688259109311 0.6065573770491803 0.5840080971659919 0.5932377049180327 0.5759109311740891 0.5901639344262295
0 0.5344129554655871 0.6577868852459017 0.5369433198380567 0.6967213114754098 0.5399797570850202 0.6977459016393442 0.5445344129554656 0.7213114754098361 0.5531376518218624 0.6977459016393442 0.555161943319838 0.6659836065573771 0.562753036437247 0.6147540983606558 0.562246963562753 0.5870901639344263 0.5440283400809717 0.5840163934426229
0 0.5167004048582996 0.5594262295081968 0.5222672064777328 0.576844262295082 0.5197368421052632 0.6680327868852459 0.5187135627530365 0.6917848360655738 0.5219585020242915 0.7382120901639344 0.5321568825910931 0.684281762295082 0.5339068825910931 0.6618852459016393 0.5369433198380567 0.639344262295082 0.5445344129554656 0.5594262295081968 0.5384615384615384 0.5563524590163934
0 0.4974696356275304 0.6905737704918032 0.4974696356275304 0.7172131147540983 0.5005060728744939 0.7213114754098361 0.5091093117408907 0.7202868852459017 0.5146761133603239 0.7008196721311475 0.5232793522267206 0.5604508196721312 0.513663967611336 0.5584016393442623 0.5050607287449392 0.5665983606557377 0.5030364372469636 0.6342213114754098
0 0.4812753036437247 0.5860655737704918 0.479251012145749 0.7090163934426229 0.48228744939271256 0.7284836065573771 0.4868421052631579 0.7284836065573771 0.4908906882591093 0.7243852459016393 0.4949392712550607 0.7090163934426229 0.5030364372469636 0.5840163934426229 0.49949392712550605 0.5717213114754098 0.4939271255060729 0.5706967213114754 0.4832995951417004 0.5758196721311475
0 0.45520698380566804 0.677265368852459 0.45040485829959515 0.7438524590163934 0.4534412955465587 0.7715163934426229 0.4590080971659919 0.7776639344262295 0.4665991902834008 0.7633196721311475 0.472165991902834 0.7274590163934426 0.4782388663967611 0.6465163934426229 0.4782388663967611 0.5788934426229508 0.45546558704453444 0.5952868852459017
0 0.42965587044534415 0.5952868852459017 0.42864372469635625 0.6137295081967213 0.4331983805668016 0.6680327868852459 0.43370445344129555 0.7172131147540983 0.4392712550607287 0.7530737704918032 0.444331983805668 0.7438524590163934 0.4498987854251012 0.7141393442622951 0.4524291497975709 0.5993852459016393 0.4483805668016194 0.5850409836065574 0.4438259109311741 0.5799180327868853
0 0.4023279352226721 0.6034836065573771 0.402834008097166 0.6716188524590164 0.39979757085020245 0.7295081967213115 0.4018218623481781 0.7459016393442623 0.40789473684210525 0.7602459016393442 0.4175101214574899 0.6997950819672131 0.42864372469635625 0.5932377049180327 0.42054655870445345 0.5799180327868853 0.4139676113360324 0.5788934426229508 0.4058704453441296 0.5870901639344263
0 0.38461538461538464 0.6229508196721312 0.3805668016194332 0.6956967213114754 0.38461538461538464 0.7090163934426229 0.39473684210526316 0.6854508196721312 0.402834008097166 0.6055327868852459 0.395748987854251 0.6065573770491803
0 0.3567813765182186 0.6424180327868853 0.3562753036437247 0.6495901639344263 0.3598178137651822 0.6629098360655737 0.37044534412955465 0.6639344262295082 0.3841093117408907 0.6209016393442623 0.3856275303643725 0.6065573770491803 0.37398785425101216 0.6004098360655737 0.3689271255060729 0.6034836065573771 0.3598178137651822 0.6260245901639344
0 0.2709807692307692 0.6236793032786886 0.25808198380566805 0.6673954918032787 0.2709807692307692 0.6636383196721312 0.29076265182186234 0.6162786885245902 0.27654757085020243 0.6790071721311476 0.279584008097166 0.6810563524590164 0.2952722672064777 0.6687612704918033 0.3058997975708502 0.6513432377049181 0.31652732793522265 0.6124088114754098 0.3266487854251012 0.5888432377049181 0.32917914979757085 0.5693760245901639 0.29729655870445343 0.533515368852459 0.29324797570850203 0.533515368852459 0.28589524291497975 0.5745409836065574