0 0.25746718749999997 0.43050000000000005 0.26116796875000003 0.40799050632911393 0.2748140625 0.38829588607594934 0.28776718749999997 0.3620348101265823 0.3009515625 0.345621835443038 0.3162171875 0.34749841772151896 0.3178359375 0.36391139240506326 0.30742734375 0.4239351265822785 0.30072031250000003 0.4539462025316456 0.29239296875 0.4769240506329114 0.2873046875 0.4830205696202532 0.279440625 0.4834905063291139 0.27065078124999997 0.4656708860759493 0.26671875 0.4562911392405063 0.26116796875000003 0.4464446202531646 0.2570046875 0.4426930379746835
0 0.235259375 0.6099462025316456 0.2482125 0.584623417721519 0.261628125 0.5607072784810126 0.2706484375 0.5438259493670886 0.27966875 0.5494525316455696 0.2840640625 0.5649272151898734 0.29007734375 0.5864984177215189 0.2993296875 0.6188560126582279 0.30279921875000004 0.6413639240506329 0.29562890625 0.6493370253164557 0.28221328125 0.6596534810126582 0.26047109375 0.6695 0.24497421875 0.673251582278481 0.23872890624999998 0.6690316455696202 0.234103125 0.6554319620253165 0.23063359375 0.6390189873417722 0.22855234375000003 0.6254208860759494 0.23040234375000002 0.6146344936708861 0.235490625 0.6099462025316456
0 0.28646953124999996 0.725626582278481 0.29433359375 0.663257911392405 0.297109375 0.6224604430379747 0.30104140625000003 0.5924477848101266 0.30659296875000003 0.5760363924050633 0.31561328125 0.5746281645569621 0.32116484375 0.5849462025316455 0.324403125 0.5905727848101266 0.33804921875 0.5891661392405063 0.34984609375 0.5901044303797469 0.34799531250000004 0.6224604430379747 0.33596796875 0.6552863924050634 0.32787265625 0.6787325949367089 0.32393984374999996 0.7049936708860759 0.3193140625 0.7270332278481013 0.31399453125 0.736881329113924 0.30636171874999996 0.7382879746835443 0.295490625 0.7378180379746835 0.28924531249999996 0.7345363924050633
0 0.31918281249999997 0.3744920886075949 0.31178125 0.4274825949367088 0.30831171875 0.4424873417721519 0.296978125 0.46124525316455695 0.29373984375 0.47765822784810125 0.29212109375 0.4996977848101266 0.296515625 0.5161107594936709 0.31155 0.5292420886075949 0.32797187499999997 0.532992088607595 0.33121015625 0.5292420886075949 0.3330609375 0.5179873417721519 0.3335234375 0.5034493670886077 0.3335234375 0.4734382911392405 0.3335234375 0.4499905063291139 0.3330609375 0.43545411392405065 0.33282968749999997 0.41575949367088605 0.3323671875 0.39700158227848104 0.32797187499999997 0.3754303797468354 0.32242109375 0.3693338607594937 0.3189515625 0.3730854430379747
0 0.34971406250000003 0.3998148734177215 0.33930546875 0.4631218354430379 0.3356046875 0.49407120253164555 0.33144140625 0.525490506329114 0.3346796875 0.540495253164557 0.34254375000000004 0.5484683544303798 0.36127890625000003 0.5437784810126582 0.36914375 0.5414335443037974 0.37561953125 0.5362753164556961 0.3772390625 0.5189240506329114 0.37423203125 0.4945395569620253 0.371225 0.4734382911392405 0.36844921875000003 0.4377990506329114 0.3633609375 0.400753164556962 0.35989140625 0.3862151898734177 0.35364609375 0.38762183544303797
0 0.3828125 0.40348101265822783 0.37578125 0.5300632911392406 0.3890625 0.5458860759493671 0.4 0.5363924050632911 0.40234375 0.5253164556962026 0.39765625 0.47151898734177217 0.39921875 0.43354430379746833 0.39296875 0.37816455696202533 0.3859375 0.3876582278481013
0 0.40349140625 0.41173259493670883 0.4076546875 0.45253006329113926 0.4064984375 0.49895411392405065 0.40441640625 0.5214636075949367 0.40349140625 0.5528813291139241 0.40672968750000005 0.5608544303797468 0.41598125 0.5641360759493671 0.42731484374999995 0.5533512658227848 0.4381859375 0.534125 0.43471640625 0.515367088607595 0.42985937500000004 0.49660917721518993 0.42754609375 0.47925949367088605 0.41760078125 0.4361170886075949 0.41390000000000005 0.41454588607594933 0.41066171875 0.3882848101265823 0.4064984375 0.373748417721519 0.40140937499999996 0.3746867088607595 0.399790625 0.3873465189873418 0.40140937499999996 0.3990712025316456
0 0.4294296875 0.45071044303797464 0.43266796875 0.5032325949367089 0.43151093749999997 0.5318370253164557 0.43729375 0.5543465189873418 0.4458515625 0.5627863924050632 0.45487265624999995 0.5580981012658228 0.46273671875 0.5346503164556962 0.45903593750000005 0.5037009493670886 0.451634375 0.47509493670886077 0.44330703125 0.42163765822784816 0.43636875 0.3794319620253164 0.42850390625 0.35645411392405063 0.42434062499999997 0.3667705696202532 0.42434062499999997 0.397251582278481 0.42781015624999996 0.4394572784810127
0 0.38108906249999996 0.776626582278481 0.38663984375 0.7053481012658227 0.39196015625 0.6542341772151898 0.3975109375 0.6275047468354431 0.41162031250000003 0.625628164556962 0.42318515625 0.636882911392405 0.42318515625 0.6532958860759494 0.4118515625 0.7020648734177215 0.39913046875 0.7555237341772152 0.388028125 0.7911629746835442 0.38270781249999997 0.7939778481012658 0.38108906249999996 0.7780332278481012
0 0.41370234375 0.7025348101265823 0.41300781249999996 0.6762737341772151 0.41393359375000005 0.6537658227848101 0.42179765625 0.629379746835443 0.43012421874999995 0.6265664556962025 0.43706328125000005 0.6382895569620253 0.44515859375 0.6486075949367088 0.44608359374999995 0.678618670886076 0.4403015625 0.7241060126582278 0.43613828125 0.761620253164557 0.43174296874999996 0.795384493670886 0.4266546875 0.8094525316455696 0.419253125 0.8047626582278481 0.41555234375000005 0.7878813291139241 0.41532109375 0.7442705696202532 0.41370234375 0.7156645569620254
0 0.44635781249999995 0.6412990506329114 0.45372265624999997 0.6307911392405063 0.46204921875 0.6336044303797468 0.46736953124999997 0.6434525316455696 0.4713015625 0.6711186708860759 0.4719953125 0.7348939873417721 0.46806328124999996 0.7892911392405063 0.46135546875 0.8132072784810127 0.45372265624999997 0.8113306962025316 0.448171875 0.7958560126582278 0.450484375 0.754121835443038 0.450484375 0.7236408227848101 0.44447109375 0.6931598101265822 0.44030781250000006 0.6701819620253164 0.4428515625 0.6504857594936709
0 0.4692640625 0.6432310126582278 0.4698953125 0.6245268987341772 0.4874734375 0.6160854430379746 0.49487500000000006 0.6301534810126582 0.49163671875 0.6714193037974684 0.49094296875000004 0.711748417721519 0.49233125 0.7502009493670886 0.49325625000000006 0.7764620253164557 0.48770468749999996 0.7849018987341772 0.48215390625000004 0.7680205696202532 0.47891562499999996 0.7375395569620253 0.47752812499999997 0.7094034810126583 0.4731328125 0.6770474683544304 0.46966328125 0.6578212025316456
0 0.5056695312499999 0.7733544303797468 0.5017375000000001 0.7283370253164557 0.4998875 0.6926977848101267 0.49618671875000003 0.6654984177215191 0.4938734375 0.6415838607594937 0.49572421875000006 0.6242325949367088 0.5072890625 0.6171993670886076 0.51816015625 0.6251708860759494 0.515846875 0.6650300632911392 0.514228125 0.7048892405063292 0.515846875 0.7456867088607595 0.5128398437499999 0.7700727848101265 0.5075203125 0.7780443037974684
0 0.5218609375 0.7592863924050633 0.5216296875 0.7109857594936709 0.51931640625 0.6758164556962025 0.515615625 0.6472104430379747 0.514228125 0.6275158227848101 0.52024140625 0.6148544303797469 0.53504453125 0.6171993670886076 0.54105859375 0.6289224683544303 0.5359703125 0.6734715189873418 0.53411953125 0.7198955696202531 0.52995625 0.7564731012658228 0.52625546875 0.7794509493670886 0.5207046875 0.7672579113924051
0 0.5345015625 0.7648069620253165 0.53843359375 0.7179129746835443 0.53958984375 0.6879003164556962 0.540053125 0.6592958860759494 0.5402843749999999 0.6320965189873418 0.5488421875 0.6189667721518988 0.5643390625 0.6274082278481012 0.56642109375 0.6456962025316455 0.5574 0.6846186708860759 0.55138671875 0.7258844936708861 0.5476859375 0.7591787974683544 0.5419031249999999 0.7751234177215189
0 0.56343515625 0.7927199367088608 0.55925078125 0.7455791139240506 0.5578624999999999 0.7188496835443038 0.55948203125 0.6808670886075949 0.5641078125 0.6489794303797468 0.571971875 0.6339731012658227 0.586775 0.6381930379746836 0.5927890625 0.6564825949367088 0.5916328125 0.6827420886075949 0.58191796875 0.7211946202531646 0.5768296875 0.7516756329113925 0.57567265625 0.778875 0.5770609375 0.8093560126582278 0.5694273437499999 0.8084177215189874
0 0.60005625 0.8039636075949368 0.59496796875 0.737375 0.58964765625 0.6956392405063291 0.5843281250000001 0.667503164556962 0.5827093750000001 0.6539050632911392 0.584096875 0.6365537974683545 0.5898796875000001 0.6281123417721519 0.60375703125 0.6262373417721518 0.61879140625 0.644995253164557 0.6174039062500001 0.6628148734177215 0.61601640625 0.6932958860759494 0.614859375 0.7223686708860759 0.614859375 0.7566012658227849 0.613703125 0.8058401898734178 0.61000234375 0.8213148734177216 0.6030632812500001 0.818501582278481
0 0.64109609375 0.7656012658227849 0.62490546875 0.7126107594936709 0.61657890625 0.6779098101265824 0.60894609375 0.6554003164556962 0.6054765625 0.6338291139240506 0.6073265625000001 0.6174161392405063 0.61935390625 0.6085063291139241 0.63392578125 0.6075696202531645 0.642484375 0.6103829113924051 0.64803515625 0.6497737341772152 0.64849765625 0.687757911392405 0.6501171875 0.7126107594936709 0.65335546875 0.735120253164557 0.65497421875 0.7468433544303797 0.65589921875 0.7660696202531646 0.645259375 0.7726344936708861 0.64086484375 0.7656012658227849
0 0.45558359375 0.4112674050632911 0.46145234375 0.47691297468354427 0.46260859375 0.519118670886076 0.467928125 0.5411582278481013 0.47995625000000003 0.5383449367088607 0.48643203125 0.5177104430379746 0.47949374999999994 0.48488607594936706 0.4725546875 0.42204746835443036 0.46908515624999997 0.3981329113924051 0.4600640625 0.40610443037974686
0 0.4748671875 0.4168892405063291 0.48643203125 0.47222468354430386 0.4873578125 0.5064572784810127 0.4885140625 0.5374066455696203 0.49267734374999994 0.5580395569620253 0.50933125 0.5622594936708861 0.5190453125000001 0.5575712025316456 0.523440625 0.5270901898734177 0.52112734375 0.5031740506329113 0.51511328125 0.46847310126582276 0.5058617187500001 0.43705379746835443 0.49869140625 0.40610443037974686 0.49036484375 0.38125 0.47995625000000003 0.37984335443037975 0.47602421875 0.4051661392405063 0.47579296875 0.4215791139240506
0 0.524828125 0.4206408227848102 0.525521875 0.4750379746835443 0.524365625 0.524745253164557 0.5273726562500001 0.5538196202531646 0.5326921875 0.5608528481012658 0.5546656249999999 0.5542879746835443 0.5606796875 0.5425648734177215 0.5611421875 0.5228686708860759 0.55790390625 0.48582278481012664 0.55628515625 0.46847310126582276 0.552584375 0.4103243670886076 0.5484203125 0.388753164556962 0.53731796875 0.37984335443037975 0.52922265625 0.39344303797468355 0.52760390625 0.40985601265822785
0 0.57084140625 0.41207436708860756 0.569221875 0.46412658227848097 0.566215625 0.49038765822784813 0.5639023437499999 0.5166487341772151 0.5639023437499999 0.5391566455696203 0.5736171875 0.5471281645569621 0.58518203125 0.545253164556962 0.5907328125 0.5325917721518988 0.5900390625 0.5110205696202531 0.5900390625 0.49226265822784815 0.5884203125 0.46553322784810125 0.5858757812500001 0.4322389240506329 0.58286875 0.40504113924050633 0.57893671875 0.3909731012658228 0.57222890625 0.3951930379746835 0.57292265625 0.4144193037974684
0 0.59921875 0.40031645569620256 0.59140625 0.5253164556962026 0.59921875 0.5443037974683544 0.6109375 0.5506329113924051 0.62421875 0.5253164556962026 0.62421875 0.38449367088607594 0.61875 0.3401898734177215 0.61484375 0.33860759493670883 0.61015625 0.34810126582278483
0 0.73125 0.5822784810126582 0.734375 0.6044303797468354 0.76640625 0.6772151898734177 0.77734375 0.6867088607594937 0.790625 0.685126582278481 0.7953125 0.6566455696202531 0.8 0.6534810126582279 0.7890625 0.5901898734177216 0.77578125 0.5458860759493671 0.7703125 0.5427215189873418 0.75078125 0.555379746835443
0 0.646875 0.6360759493670886 0.64609375 0.6550632911392406 0.65 0.6613924050632911 0.68125 0.685126582278481 0.7046875 0.680379746835443 0.71328125 0.6645569620253164 0.73671875 0.6534810126582279 0.74765625 0.6408227848101266 0.7359375 0.6139240506329114 0.71171875 0.6044303797468354 0.696875 0.6091772151898734 0.6765625 0.6281645569620253 0.65234375 0.6281645569620253
0 0.6640625 0.41455696202531644 0.653125 0.5284810126582279 0.66328125 0.5427215189873418 0.69140625 0.5443037974683544 0.703125 0.5205696202531646 0.703125 0.4920886075949367 0.69765625 0.4620253164556962 0.70234375 0.43354430379746833 0.684375 0.3860759493670886 0.67265625 0.3876582278481013
0 0.70703125 0.3860759493670886 0.70390625 0.5174050632911392 0.71484375 0.5284810126582279 0.72734375 0.5268987341772152 0.74609375 0.5 0.740625 0.43037974683544306 0.72421875 0.3670886075949367 0.71640625 0.36075949367088606 0.71171875 0.36550632911392406
0 0.7421875 0.370253164556962 0.7421875 0.44936708860759494 0.746875 0.495253164556962 0.7515625 0.5015822784810127 0.76328125 0.5 0.7859375 0.4762658227848101 0.78828125 0.45569620253164556 0.775 0.40189873417721517 0.76484375 0.37658227848101267 0.75 0.3623417721518987
0 0.63046875 0.3829113924050633 0.6140625 0.5221518987341772 0.61640625 0.5300632911392406 0.62578125 0.5300632911392406 0.646875 0.5522151898734177 0.6546875 0.5363924050632911 0.653125 0.5189873417721519 0.65859375 0.47310126582278483 0.65703125 0.4177215189873418 0.6625 0.40031645569620256 0.6546875 0.3829113924050633 0.64609375 0.37658227848101267