0 0.2798582995951417 0.44672131147540983 0.2798582995951417 0.4713114754098361 0.28694331983805665 0.48565573770491804 0.3016194331983806 0.5030737704918032 0.3066801619433198 0.5030737704918032 0.32388663967611336 0.4805327868852459 0.3350202429149798 0.38524590163934425 0.3340080971659919 0.367827868852459 0.32388663967611336 0.3411885245901639 0.319331983805668 0.33709016393442626 0.31629554655870445 0.3411885245901639 0.3152834008097166 0.38524590163934425 0.31224696356275305 0.39549180327868855 0.2990890688259109 0.41188524590163933 0.29200404858299595 0.42827868852459017 0.28289473684210525 0.4364754098360656
0 0.3319838056680162 0.4682377049180328 0.3299595141700405 0.5061475409836066 0.3375506072874494 0.5245901639344263 0.3557692307692308 0.5348360655737705 0.36133603238866396 0.5348360655737705 0.3658906882591093 0.5286885245901639 0.3709514170040486 0.49385245901639346 0.3694331983805668 0.39959016393442626 0.36639676113360325 0.3729508196721312 0.3557692307692308 0.3319672131147541 0.3491902834008097 0.33094262295081966 0.3441295546558704 0.35758196721311475 0.3350202429149798 0.4395491803278688 0.33451417004048584 0.46209016393442626
0 0.35880566801619435 0.5522540983606558 0.3582995951417004 0.5686475409836066 0.36133603238866396 0.5819672131147541 0.3724696356275304 0.5973360655737705 0.3942307692307692 0.5993852459016393 0.40030364372469635 0.5973360655737705 0.4048582995951417 0.5870901639344263 0.4089068825910931 0.5676229508196722 0.4048582995951417 0.45081967213114754 0.39625506072874495 0.42315573770491804 0.39068825910931176 0.42520491803278687 0.38309716599190285 0.4487704918032787
0 0.4144736842105263 0.38524590163934425 0.40384615384615385 0.5420081967213115 0.40941295546558704 0.5609631147540983 0.409919028340081 0.5737704918032787 0.4073886639676113 0.5840163934426229 0.42206477732793524 0.5840163934426229 0.4311740890688259 0.5778688524590164 0.4367408906882591 0.5604508196721312 0.4357287449392713 0.5245901639344263 0.4316801619433198 0.4887295081967213 0.43623481781376516 0.4036885245901639 0.430668016194332 0.3739754098360656 0.41953441295546556 0.367827868852459
0 0.4357287449392713 0.4149590163934426 0.43623481781376516 0.43135245901639346 0.4276315789473684 0.5297131147540983 0.4347165991902834 0.5389344262295082 0.4367408906882591 0.5635245901639344 0.458502024291498 0.5584016393442623 0.4610323886639676 0.5522540983606558 0.4610323886639676 0.5420081967213115 0.4574898785425101 0.4610655737704918 0.4473684210526316 0.38729508196721313 0.43775303643724695 0.39651639344262296
0 0.5728744939271255 0.4180327868852459 0.5728744939271255 0.5030737704918032 0.569331983805668 0.5245901639344263 0.5708502024291497 0.5450819672131147 0.5738866396761133 0.5604508196721312 0.5774291497975709 0.5655737704918032 0.5951417004048583 0.5686475409836066 0.5981781376518218 0.5573770491803278 0.6007085020242915 0.5245901639344263 0.5860323886639676 0.39651639344262296 0.5804655870445344 0.38934426229508196 0.5759109311740891 0.39139344262295084
0 0.5996963562753036 0.4057377049180328 0.6002024291497976 0.5614754098360656 0.6072874493927125 0.5747950819672131 0.6158906882591093 0.5655737704918032 0.6234817813765182 0.5706967213114754 0.6305668016194332 0.5594262295081968 0.6305668016194332 0.548155737704918 0.6194331983805668 0.4354508196721312 0.6174089068825911 0.3862704918032787 0.6088056680161943 0.36065573770491804 0.6052631578947368 0.36065573770491804 0.6017206477732794 0.3719262295081967
0 0.6214574898785425 0.4016393442622951 0.6224696356275303 0.41598360655737704 0.6199392712550608 0.444672131147541 0.6239878542510121 0.5245901639344263 0.6290485829959515 0.548155737704918 0.6346153846153846 0.5563524590163934 0.6508097165991903 0.5573770491803278 0.6558704453441295 0.5450819672131147 0.6558704453441295 0.5368852459016393 0.6487854251012146 0.5010245901639344 0.6487854251012146 0.41905737704918034 0.6447368421052632 0.3760245901639344 0.6381578947368421 0.34938524590163933 0.6346153846153846 0.34938524590163933 0.6260121457489879 0.3637295081967213 0.6229757085020243 0.3760245901639344
0 0.646255060728745 0.38422131147540983 0.6487854251012146 0.47438524590163933 0.6624493927125507 0.48258196721311475 0.6644736842105263 0.46209016393442626 0.659919028340081 0.3729508196721312 0.6523279352226721 0.36475409836065575 0.6482793522267206 0.3698770491803279 0.6482793522267206 0.382172131147541
0 0.6715587044534413 0.48565573770491804 0.6715587044534413 0.5174180327868853 0.6756072874493927 0.5256147540983607 0.6842105263157895 0.5297131147540983 0.6953441295546559 0.5276639344262295 0.7019230769230769 0.5235655737704918 0.7074898785425101 0.5133196721311475 0.7125506072874493 0.45594262295081966 0.7211538461538461 0.4088114754098361 0.722165991902834 0.3760245901639344 0.7155870445344129 0.3452868852459016 0.701417004048583 0.3442622950819672 0.6882591093117408 0.3729508196721312 0.6816801619433198 0.4344262295081967
0 0.7241902834008097 0.38422131147540983 0.7160931174089069 0.4661885245901639 0.7090080971659919 0.48770491803278687 0.7100202429149798 0.507172131147541 0.7226720647773279 0.5215163934426229 0.7540485829959515 0.5102459016393442 0.7596153846153846 0.5030737704918032 0.7611336032388664 0.48155737704918034 0.7545546558704453 0.4395491803278688 0.7545546558704453 0.39959016393442626 0.7484817813765182 0.35040983606557374 0.7419028340080972 0.3473360655737705 0.7343117408906883 0.3524590163934426
0 0.6604251012145749 0.5717213114754098 0.6614372469635628 0.5870901639344263 0.6725708502024291 0.6147540983606558 0.6852226720647774 0.632172131147541 0.7009109311740891 0.6680327868852459 0.7110323886639676 0.6823770491803278 0.7252024291497976 0.6926229508196722 0.7282388663967612 0.6936475409836066 0.7343117408906883 0.6844262295081968 0.7368421052631579 0.6762295081967213 0.7358299595141701 0.6536885245901639 0.7009109311740891 0.5348360655737705 0.6963562753036437 0.5297131147540983 0.687246963562753 0.5317622950819673 0.680161943319838 0.5450819672131147 0.6629554655870445 0.5635245901639344
0 0.6325910931174089 0.5717213114754098 0.6346153846153846 0.6301229508196722 0.6422064777327935 0.7049180327868853 0.6543522267206477 0.7581967213114754 0.6578947368421053 0.7633196721311475 0.6619433198380567 0.7622950819672131 0.6659919028340081 0.7448770491803278 0.6624493927125507 0.5932377049180327 0.6589068825910931 0.5778688524590164 0.6497975708502024 0.5604508196721312 0.6406882591093117 0.5584016393442623 0.6346153846153846 0.5635245901639344
0 0.6032388663967612 0.5911885245901639 0.6027327935222672 0.5993852459016393 0.6118421052631579 0.6485655737704918 0.6219635627530364 0.735655737704918 0.632085020242915 0.7448770491803278 0.6391700404858299 0.7459016393442623 0.6417004048582996 0.7397540983606558 0.6417004048582996 0.7243852459016393 0.6305668016194332 0.6547131147540983 0.6295546558704453 0.617827868852459 0.631578947368421 0.5891393442622951 0.6275303643724697 0.5778688524590164 0.6148785425101214 0.5655737704918032 0.6093117408906883 0.5717213114754098
0 0.5774291497975709 0.5881147540983607 0.583502024291498 0.6454918032786885 0.6017206477732794 0.7438524590163934 0.6088056680161943 0.7633196721311475 0.6189271255060729 0.764344262295082 0.6189271255060729 0.7233606557377049 0.6118421052631579 0.6782786885245902 0.6027327935222672 0.5911885245901639 0.5991902834008097 0.5840163934426229 0.5850202429149798 0.5788934426229508 0.5799595141700404 0.5809426229508197
0 0.5571862348178138 0.5963114754098361 0.5602226720647774 0.673155737704918 0.5718623481781376 0.7520491803278688 0.5840080971659919 0.7622950819672131 0.5885627530364372 0.7530737704918032 0.5890688259109311 0.7397540983606558 0.5794534412955465 0.6301229508196722 0.5723684210526315 0.5942622950819673
0 0.5364372469635628 0.6014344262295082 0.5359311740890689 0.6239754098360656 0.5495951417004049 0.7243852459016393 0.5521255060728745 0.7305327868852459 0.5602226720647774 0.7295081967213115 0.5617408906882592 0.7110655737704918 0.5531376518218624 0.5952868852459017 0.5409919028340081 0.5942622950819673
0 0.5187246963562753 0.6065573770491803 0.5182186234817814 0.6229508196721312 0.52834008097166 0.7141393442622951 0.5354251012145749 0.7325819672131147 0.5354251012145749 0.7459016393442623 0.5450404858299596 0.7479508196721312 0.5475708502024291 0.735655737704918 0.5460526315789473 0.6997950819672131 0.542004048582996 0.6864754098360656 0.5339068825910931 0.5911885245901639 0.520748987854251 0.5932377049180327
0 0.4944331983805668 0.5952868852459017 0.5030364372469636 0.6823770491803278 0.5101214574898786 0.7264344262295082 0.5182186234817814 0.7448770491803278 0.5258097165991903 0.7284836065573771 0.527834008097166 0.7161885245901639 0.5227732793522267 0.6875 0.5172064777327935 0.625 0.5182186234817814 0.5911885245901639 0.5131578947368421 0.5860655737704918 0.5040485829959515 0.5870901639344263
0 0.4731781376518219 0.6362704918032787 0.47368421052631576 0.6936475409836066 0.4782388663967611 0.7274590163934426 0.4868421052631579 0.7520491803278688 0.4979757085020243 0.7510245901639344 0.5030364372469636 0.7397540983606558 0.5020242914979757 0.7192622950819673 0.5045546558704453 0.7131147540983607 0.49190283400809715 0.5993852459016393 0.47621457489878544 0.6004098360655737 0.466457995951417 0.6033483606557377
0 0.44281376518218624 0.6024590163934426 0.4519230769230769 0.7366803278688525 0.4564777327935223 0.7520491803278688 0.4625506072874494 0.7551229508196722 0.4681174089068826 0.7489754098360656 0.4726720647773279 0.7254098360655737 0.4731781376518219 0.6260245901639344 0.4757085020242915 0.6075819672131147 0.4681174089068826 0.5942622950819673 0.4574898785425101 0.5881147540983607 0.44686234817813764 0.5922131147540983
0 0.25961538461538464 0.6004098360655737 0.2591093117408907 0.6229508196721312 0.30601113360323884 0.5929313524590164 0.27103846153846156 0.6424641393442623 0.2707206477732793 0.6746290983606558 0.291497975708502 0.6444672131147541 0.34210526315789475 0.6024590163934426 0.3547570850202429 0.5799180327868853 0.3547570850202429 0.5594262295081968 0.3375506072874494 0.5420081967213115 0.33704453441295545 0.5338114754098361 0.3299595141700405 0.5163934426229508 0.3223684210526316 0.5153688524590164 0.3061740890688259 0.5399590163934426 0.27884615384615385 0.5635245901639344