0 0.2562162162162162 0.5209459459459459 0.25585585585585585 0.5304054054054054 0.25981981981981983 0.5466216216216216 0.26774774774774773 0.5675675675675675 0.27927927927927926 0.5675675675675675 0.28684684684684686 0.5608108108108109 0.29153153153153155 0.5527027027027027 0.29477477477477476 0.5425675675675675 0.30414414414414415 0.4817567567567568 0.3030630630630631 0.45 0.29945945945945945 0.43783783783783786 0.2951351351351351 0.43513513513513513 0.29009009009009007 0.43648648648648647 0.28144144144144145 0.4452702702702703 0.27603603603603605 0.46959459459459457 0.26990990990990993 0.4871621621621622 0.2594594594594595 0.5033783783783784
0 0.3153153153153153 0.5675675675675675 0.3153153153153153 0.5831081081081081 0.3181981981981982 0.595945945945946 0.3218018018018018 0.6 0.328018018018018 0.6 0.34378378378378377 0.6074324324324324 0.3535135135135135 0.6040540540540541 0.35711711711711713 0.5966216216216216 0.35445297297297296 0.5349641891891892 0.3535135135135135 0.4804054054054054 0.3491891891891892 0.46621621621621623 0.34054054054054056 0.4635135135135135 0.33405405405405403 0.4702702702702703 0.3311711711711712 0.4817567567567568 0.3232432432432432 0.5405405405405406
0 0.3643243243243243 0.4817567567567568 0.3643243243243243 0.5111486486486486 0.35855855855855856 0.5722972972972973 0.3592792792792793 0.5993243243243244 0.3646846846846847 0.6087837837837838 0.372972972972973 0.6108108108108108 0.3798198198198198 0.6054054054054054 0.38774774774774773 0.5912162162162162 0.38954954954954957 0.5689189189189189 0.38342342342342345 0.5371621621621622 0.38306306306306304 0.4817567567567568 0.3790990990990991 0.4506756756756757 0.37657657657657656 0.44932432432432434 0.3682882882882883 0.46283783783783783
0 0.3924324324324324 0.48986486486486486 0.38666666666666666 0.6027027027027027 0.3924324324324324 0.6162162162162163 0.40468468468468466 0.6148648648648649 0.4165765765765766 0.5986486486486486 0.41945945945945945 0.5864864864864865 0.418018018018018 0.5574324324324325 0.4097297297297297 0.5033783783783784 0.409009009009009 0.46554054054054056 0.4064864864864865 0.4506756756756757 0.40396396396396395 0.44594594594594594 0.3978378378378378 0.4506756756756757
0 0.42234234234234236 0.44256756756756754 0.4165765765765766 0.5209459459459459 0.4198198198198198 0.5736486486486486 0.41873873873873874 0.6033783783783784 0.42234234234234236 0.6155405405405405 0.4317117117117117 0.6182432432432432 0.43963963963963965 0.6081081081081081 0.44216216216216214 0.5925675675675676 0.44504504504504505 0.5601351351351351 0.44504504504504505 0.49324324324324326 0.44324324324324327 0.46959459459459457 0.4371171171171171 0.4527027027027027 0.4363963963963964 0.43716216216216214 0.4273873873873874 0.43716216216216214
0 0.4493693693693694 0.4972972972972973 0.44036036036036036 0.6081081081081081 0.4418018018018018 0.6168918918918919 0.44684684684684683 0.6229729729729729 0.4627027027027027 0.625 0.46702702702702703 0.6162162162162163 0.4688288288288288 0.6013513513513513 0.46846846846846846 0.5027027027027027 0.46774774774774774 0.4858108108108108 0.4641441441441441 0.46621621621621623 0.4533333333333333 0.46756756756756757
0 0.4681081081081081 0.5837837837837838 0.4673873873873874 0.6108108108108108 0.4695495495495495 0.6202702702702703 0.47783783783783784 0.6270270270270271 0.4962162162162162 0.6229729729729729 0.49657657657657656 0.606081081081081 0.4936936936936937 0.5716216216216217 0.49405405405405406 0.504054054054054 0.4900900900900901 0.4810810810810811 0.48684684684684687 0.4743243243243243 0.48036036036036034 0.475 0.4745945945945946 0.4858108108108108 0.4735135135135135 0.5452702702702703
0 0.49801801801801804 0.5851351351351352 0.4983783783783784 0.625 0.5171171171171172 0.629054054054054 0.525045045045045 0.6216216216216216 0.5268468468468468 0.6013513513513513 0.5232432432432432 0.5574324324324325 0.5228828828828829 0.5283783783783784 0.5275675675675676 0.4702702702702703 0.5254054054054054 0.46418918918918917 0.5117117117117117 0.45 0.5063063063063064 0.4506756756756757 0.5005405405405405 0.5236486486486487 0.5009009009009009 0.5601351351351351
0 0.5275675675675676 0.5168918918918919 0.529009009009009 0.5635135135135135 0.5268468468468468 0.5831081081081081 0.5275675675675676 0.6040540540540541 0.5354954954954955 0.6182432432432432 0.5473873873873873 0.6162162162162163 0.5545945945945946 0.6074324324324324 0.5556756756756757 0.5898648648648649 0.5517117117117117 0.5587837837837838 0.5513513513513514 0.5168918918918919 0.5445045045045045 0.46554054054054056 0.5405405405405406 0.4648648648648649 0.5315315315315315 0.47364864864864864 0.529009009009009 0.4858108108108108
0 0.5531531531531532 0.452027027027027 0.5527927927927928 0.5608108108108109 0.5563963963963964 0.5912162162162162 0.5625225225225226 0.6067567567567568 0.5762162162162162 0.6047297297297297 0.5809009009009009 0.595945945945946 0.578018018018018 0.4466216216216216 0.5726126126126126 0.43243243243243246 0.5603603603603604 0.43175675675675673 0.5556756756756757 0.43986486486486487
0 0.5827027027027027 0.4506756756756757 0.5769369369369369 0.5743243243243243 0.5827027027027027 0.5925675675675676 0.5956756756756757 0.6033783783783784 0.6050450450450451 0.6040540540540541 0.6115315315315315 0.5966216216216216 0.6133333333333333 0.5797297297297297 0.6064864864864865 0.5353601351351351 0.6025225225225225 0.4743243243243243 0.5953153153153153 0.4358108108108108 0.5917117117117117 0.43175675675675673 0.5873873873873874 0.4331081081081081 0.5845045045045045 0.43851351351351353
0 0.6147747747747748 0.46216216216216216 0.6151351351351352 0.5054054054054054 0.6129729729729729 0.5398648648648648 0.6093693693693694 0.5554054054054054 0.6104504504504504 0.5716216216216217 0.6205405405405405 0.5912162162162162 0.6345945945945946 0.5918918918918918 0.6389189189189189 0.5858108108108108 0.6392792792792793 0.552027027027027 0.6345945945945946 0.527027027027027 0.6313513513513513 0.4783783783783784 0.623063063063063 0.45878378378378376
0 0.645045045045045 0.4540540540540541 0.6457657657657657 0.4864864864864865 0.6443243243243243 0.5148648648648648 0.6381981981981982 0.5702702702702702 0.64 0.5885135135135136 0.6443243243243243 0.595945945945946 0.6500900900900901 0.6 0.6587387387387388 0.6 0.6742342342342342 0.5925675675675676 0.6803603603603604 0.5831081081081081 0.6825225225225225 0.5628378378378378 0.6727927927927928 0.5209459459459459 0.6695495495495496 0.45135135135135135 0.6590990990990991 0.4412162162162162 0.654054054054054 0.43986486486486487 0.6486486486486487 0.44324324324324327
0 0.6778378378378378 0.4391891891891892 0.6735135135135135 0.452027027027027 0.6810810810810811 0.5486486486486486 0.685045045045045 0.5628378378378378 0.6976576576576576 0.5662162162162162 0.7131531531531532 0.5472972972972973 0.7167567567567568 0.5364864864864864 0.7181981981981982 0.5209459459459459 0.7138738738738739 0.5067567567567568 0.7077477477477477 0.4966216216216216 0.698018018018018 0.4506756756756757 0.6875675675675675 0.4358108108108108
0 0.692972972972973 0.4195945945945946 0.692972972972973 0.44054054054054054 0.6951351351351351 0.45472972972972975 0.7104572972972973 0.4834236486486486 0.7185585585585585 0.5202702702702703 0.7264864864864865 0.5277027027027027 0.738018018018018 0.525 0.7470270270270271 0.4858108108108108 0.7463063063063063 0.47162162162162163 0.743063063063063 0.4594594594594595 0.7282882882882883 0.44256756756756754 0.7192792792792793 0.4195945945945946 0.7106306306306306 0.40945945945945944 0.7048648648648649 0.4060810810810811 0.7009009009009008 0.40743243243243243
0 0.7124324324324325 0.5945945945945946 0.7127927927927928 0.6175675675675676 0.7272072072072072 0.6810810810810811 0.7308108108108108 0.6878378378378378 0.7347747747747748 0.7094594594594594 0.7383783783783784 0.7162162162162162 0.7470270270270271 0.720945945945946 0.7556756756756757 0.7202702702702702 0.7585585585585586 0.7168918918918918 0.7672072072072073 0.6986486486486486 0.7708108108108108 0.6804054054054054 0.765045045045045 0.6148648648648649 0.7614414414414414 0.5878378378378378 0.7581981981981982 0.5763513513513514 0.7484684684684685 0.5675675675675675 0.743063063063063 0.5675675675675675 0.7293693693693694 0.5763513513513514 0.7207207207207207 0.575
0 0.6630630630630631 0.6087837837837838 0.6630630630630631 0.6182432432432432 0.6659459459459459 0.629054054054054 0.6947747747747748 0.7013513513513514 0.7117117117117117 0.7189189189189189 0.7203603603603603 0.7189189189189189 0.7264864864864865 0.7114864864864865 0.7275675675675676 0.7074324324324325 0.7264864864864865 0.6844594594594594 0.7185585585585585 0.6385135135135135 0.7131531531531532 0.6229729729729729 0.7088288288288288 0.5912162162162162 0.7048648648648649 0.5797297297297297 0.7005405405405405 0.5743243243243243 0.6857657657657658 0.5824324324324325
0 0.5830630630630631 0.6310810810810811 0.5834234234234235 0.6425675675675676 0.592072072072072 0.6662162162162162 0.6079279279279279 0.7520270270270271 0.6162162162162163 0.7831081081081082 0.6190990990990991 0.7891891891891892 0.623063063063063 0.7912162162162162 0.625945945945946 0.7621621621621621 0.621981981981982 0.720945945945946 0.6176576576576577 0.6263513513513513 0.6147747747747748 0.6202702702702703 0.590990990990991 0.6135135135135135 0.5877477477477477 0.6175675675675676
0 0.5574774774774774 0.6445945945945946 0.5664864864864865 0.7243243243243244 0.5798198198198198 0.7581081081081081 0.5877477477477477 0.7547297297297297 0.5917117117117117 0.6972972972972973 0.5902702702702702 0.6648648648648648 0.5841441441441442 0.6337837837837837 0.5845045045045045 0.6277027027027027 0.5816216216216217 0.6256756756756757 0.5718918918918919 0.6277027027027027
0 0.5351351351351351 0.6533783783783784 0.5344144144144144 0.7398648648648649 0.538018018018018 0.7594594594594595 0.5477477477477477 0.775 0.5517117117117117 0.775 0.5574774774774774 0.7594594594594595 0.5607207207207208 0.720945945945946 0.5618018018018018 0.6797297297297298 0.5578378378378378 0.6587837837837838 0.5592792792792792 0.654054054054054 0.5585585585585585 0.6385135135135135 0.5571171171171171 0.6344594594594595 0.5488288288288288 0.6344594594594595 0.5398198198198199 0.6418918918918919
0 0.5153153153153153 0.6594594594594595 0.5170144144144144 0.6916054054054054 0.5175906306306307 0.7089209459459459 0.5145945945945946 0.7297297297297297 0.5182108108108109 0.748775 0.5181981981981982 0.7554054054054054 0.525045045045045 0.7587837837837837 0.5318918918918919 0.7472972972972973 0.5326126126126126 0.7418918918918919 0.5358558558558558 0.6932432432432433 0.534054054054054 0.6459459459459459 0.5218018018018018 0.6459459459459459 0.5163963963963965 0.6506756756756756
0 0.4983783783783784 0.6574324324324324 0.49945945945945946 0.7439189189189189 0.501981981981982 0.7493243243243243 0.5095495495495496 0.7486486486486487 0.5138738738738738 0.7358108108108108 0.5163963963963965 0.6756756756756757 0.5102702702702703 0.6533783783783784 0.5009009009009009 0.6472972972972973
0 0.48 0.6493243243243243 0.48036036036036034 0.7216216216216216 0.4836036036036036 0.7439189189189189 0.4864864864864865 0.7486486486486487 0.4936936936936937 0.745945945945946 0.49657657657657656 0.7358108108108108 0.49801801801801804 0.7202702702702702 0.4976576576576577 0.6793918918918919 0.5001801801801802 0.6527027027027027 0.49513513513513513 0.6466216216216216 0.4846846846846847 0.6459459459459459
0 0.458018018018018 0.6513513513513514 0.46378378378378377 0.7385135135135135 0.4688288288288288 0.7567567567567568 0.47063063063063065 0.7601351351351351 0.4745945945945946 0.7594594594594595 0.48036036036036034 0.7439189189189189 0.4818018018018018 0.7290540540540541 0.4781981981981982 0.6702702702702703 0.4789189189189189 0.6533783783783784 0.47495495495495493 0.6452702702702703 0.4634234234234234 0.6459459459459459
0 0.43423423423423424 0.652027027027027 0.4345945945945946 0.6655405405405406 0.43135135135135133 0.6817567567567567 0.43135135135135133 0.7175675675675676 0.4338738738738739 0.7472972972972973 0.4392792792792793 0.7567567567567568 0.45117117117117117 0.7614864864864865 0.45981981981981984 0.7520270270270271 0.4627027027027027 0.7398648648648649 0.461981981981982 0.6993243243243243 0.4587387387387387 0.6695945945945946 0.4518918918918919 0.647972972972973 0.44756756756756755 0.6405405405405405 0.4392792792792793 0.6378378378378379 0.436036036036036 0.6425675675675676
0 0.40504504504504507 0.6581081081081082 0.40504504504504507 0.7148648648648649 0.4079279279279279 0.7722972972972973 0.41153153153153155 0.7777027027027027 0.41621621621621624 0.7777027027027027 0.42342342342342343 0.7675675675675676 0.430990990990991 0.7317567567567568 0.43315315315315317 0.7047297297297297 0.43243243243243246 0.6871621621621622 0.4381981981981982 0.6567567567567567 0.43675675675675674 0.6513513513513514 0.42882882882882883 0.6398648648648648 0.421981981981982 0.6344594594594595 0.4079279279279279 0.6378378378378379 0.4072072072072072 0.6547297297297298
0 0.36972972972972973 0.7743243243243243 0.36936936936936937 0.7824324324324324 0.372972972972973 0.7878378378378378 0.3809009009009009 0.7858108108108108 0.39603603603603604 0.727027027027027 0.39747747747747747 0.7040540540540541 0.40144144144144145 0.6797297297297298 0.41009009009009006 0.6527027027027027 0.409009009009009 0.6385135135135135 0.3963963963963964 0.629054054054054 0.3790990990990991 0.6344594594594595 0.3754954954954955 0.6574324324324324 0.3772972972972973 0.668918918918919 0.37513513513513513 0.7297297297297297
0 0.323963963963964 0.6371621621621621 0.3272072072072072 0.670777027027027 0.3192792792792793 0.7141891891891892 0.31495495495495496 0.7554054054054054 0.3178378378378378 0.7635135135135135 0.32216216216216215 0.7635135135135135 0.3264864864864865 0.7554054054054054 0.3420951351351351 0.6904614864864865 0.34508 0.7072405405405404 0.338018018018018 0.7635135135135135 0.33765765765765765 0.7709459459459459 0.33981981981981985 0.7756756756756756 0.3455855855855856 0.777027027027027 0.3488288288288288 0.7736486486486487 0.35711711711711713 0.7506756756756757 0.3636036036036036 0.7010135135135135 0.3747747747747748 0.6554054054054054 0.37801801801801804 0.6317567567567568 0.37765765765765763 0.6229729729729729 0.37333333333333335 0.6162162162162163 0.3517117117117117 0.6094594594594595 0.33765765765765765 0.6135135135135135 0.32900900900900903 0.6202702702702703 0.3254054054054054 0.6270270270270271
0 0.2317117117117117 0.6641891891891892 0.23207207207207206 0.6851351351351351 0.24072072072072073 0.6885135135135135 0.24576576576576575 0.7168918918918918 0.24432432432432433 0.7202702702702702 0.2500900900900901 0.7243243243243244 0.26054054054054054 0.7243243243243244 0.267027027027027 0.720945945945946 0.30666666666666664 0.6932432432432433 0.3127927927927928 0.6858108108108109 0.3153153153153153 0.6756756756756757 0.31495495495495496 0.6513513513513514 0.3055855855855856 0.6378378378378379 0.3030630630630631 0.6155405405405405 0.29477477477477476 0.5993243243243244 0.28684684684684686 0.5966216216216216 0.2789189189189189 0.6013513513513513 0.2717117117117117 0.6155405405405405 0.26522522522522524 0.6222972972972973 0.2594594594594595 0.6263513513513513 0.2518918918918919 0.6216216216216216 0.23459459459459459 0.6513513513513514