0 0.3026315789473684 0.3524590163934426 0.30516194331983804 0.35655737704918034 0.30516194331983804 0.36475409836065575 0.3026315789473684 0.38422131147540983 0.3006072874493927 0.48975409836065575 0.305668016194332 0.5030737704918032 0.32793522267206476 0.5112704918032787 0.33451417004048584 0.4959016393442623 0.3360323886639676 0.47950819672131145 0.3223684210526316 0.3780737704918033 0.3102226720647773 0.35348360655737704
0 0.3350202429149798 0.4364754098360656 0.33451417004048584 0.4641393442622951 0.33856275303643724 0.48770491803278687 0.3441295546558704 0.4979508196721312 0.35779352226720645 0.49077868852459017 0.3694331983805668 0.49385245901639346 0.3770242914979757 0.47848360655737704 0.3770242914979757 0.43135245901639346 0.37044534412955465 0.3801229508196721 0.3623481781376518 0.3411885245901639 0.3491902834008097 0.29918032786885246 0.3431174089068826 0.30225409836065575 0.34210526315789475 0.3084016393442623
0 0.375 0.3463114754098361 0.37449392712550605 0.4088114754098361 0.3775303643724696 0.4569672131147541 0.3790485829959514 0.47438524590163933 0.38461538461538464 0.49385245901639346 0.39271255060728744 0.4969262295081967 0.4225708502024291 0.4723360655737705 0.423582995951417 0.4395491803278688 0.4190283400809717 0.4149590163934426 0.40789473684210525 0.3944672131147541 0.39068825910931176 0.3411885245901639 0.37601214574898784 0.33401639344262296
0 0.43016194331983804 0.32479508196721313 0.42965587044534415 0.3411885245901639 0.4331983805668016 0.35348360655737704 0.43775303643724695 0.4057377049180328 0.4342105263157895 0.45081967213114754 0.4367408906882591 0.4641393442622951 0.44686234817813764 0.4774590163934426 0.4600202429149798 0.4641393442622951 0.46710526315789475 0.44774590163934425 0.4665991902834008 0.42110655737704916 0.4574898785425101 0.38524590163934425 0.4574898785425101 0.3729508196721312 0.45293522267206476 0.3483606557377049 0.44483805668016196 0.319672131147541 0.4342105263157895 0.3135245901639344
0 0.35728744939271256 0.5512295081967213 0.3547570850202429 0.6137295081967213 0.3481781376518219 0.6618852459016393 0.34969635627530365 0.6915983606557377 0.35121457489878544 0.7059426229508197 0.3562753036437247 0.7172131147540983 0.3623481781376518 0.7161885245901639 0.36538461538461536 0.7254098360655737 0.3694331983805668 0.7284836065573771 0.37550607287449395 0.7182377049180327 0.38461538461538464 0.6854508196721312 0.4058704453441296 0.5614754098360656 0.4058704453441296 0.5409836065573771 0.40384615384615385 0.5327868852459017 0.40030364372469635 0.5307377049180327 0.39220647773279355 0.5338114754098361 0.36791497975708504 0.5245901639344263 0.3603238866396761 0.5338114754098361
0 0.4392712550607287 0.5297131147540983 0.4438259109311741 0.6116803278688525 0.44686234817813764 0.639344262295082 0.45445344129554655 0.6618852459016393 0.4549595141700405 0.7161885245901639 0.458502024291498 0.7161885245901639 0.46305668016194335 0.7008196721311475 0.4660931174089069 0.6741803278688525 0.4665991902834008 0.6188524590163934 0.47520242914979755 0.5245901639344263 0.4701417004048583 0.5153688524590164 0.4509109311740891 0.5092213114754098 0.4438259109311741 0.5174180327868853
0 0.4498987854251012 0.2346311475409836 0.4610323886639676 0.42213114754098363 0.45951417004048584 0.45081967213114754 0.4660931174089069 0.4713114754098361 0.47115384615384615 0.4733606557377049 0.48785425101214575 0.4569672131147541 0.4898785425101215 0.42725409836065575 0.472165991902834 0.27049180327868855 0.46204453441295545 0.23975409836065573 0.4569838056680162 0.23258196721311475
0 0.4893724696356275 0.24795081967213115 0.4893724696356275 0.44672131147540983 0.4908906882591093 0.4569672131147541 0.4949392712550607 0.46311475409836067 0.5101214574898786 0.4651639344262295 0.5146761133603239 0.45799180327868855 0.5151821862348178 0.41905737704918034 0.506578947368421 0.2858606557377049 0.5 0.2510245901639344
0 0.5116396761133604 0.2551229508196721 0.5151821862348178 0.4569672131147541 0.521255060728745 0.47438524590163933 0.5293522267206477 0.47540983606557374 0.5460526315789473 0.4661885245901639 0.5460526315789473 0.42725409836065575 0.5374493927125507 0.36270491803278687 0.5323886639676113 0.2827868852459016 0.521255060728745 0.2459016393442623 0.5141700404858299 0.2489754098360656
0 0.46963562753036436 0.5102459016393442 0.4681174089068826 0.5368852459016393 0.47520242914979755 0.6413934426229508 0.48380566801619435 0.6793032786885246 0.4853238866396761 0.7161885245901639 0.4908906882591093 0.7213114754098361 0.4964574898785425 0.7141393442622951 0.5 0.7008196721311475 0.5015182186234818 0.6618852459016393 0.49898785425101216 0.6413934426229508 0.4974696356275304 0.5174180327868853 0.4949392712550607 0.5102459016393442 0.48279352226720645 0.4979508196721312 0.4767206477732793 0.5
0 0.4964574898785425 0.5051229508196722 0.4979757085020243 0.5952868852459017 0.5035425101214575 0.6485655737704918 0.5045546558704453 0.6967213114754098 0.5111336032388664 0.7161885245901639 0.5227732793522267 0.7131147540983607 0.5268218623481782 0.6967213114754098 0.5273279352226721 0.6413934426229508 0.521255060728745 0.5317622950819673 0.5146761133603239 0.49077868852459017 0.5091093117408907 0.4887295081967213 0.5005060728744939 0.49385245901639346
0 0.5187246963562753 0.492827868852459 0.5242914979757085 0.5717213114754098 0.5242914979757085 0.5993852459016393 0.5293522267206477 0.6495901639344263 0.5344129554655871 0.6823770491803278 0.5404858299595142 0.6885245901639344 0.542004048582996 0.6793032786885246 0.5531376518218624 0.6536885245901639 0.5536437246963563 0.5952868852459017 0.548582995951417 0.5051229508196722 0.5465587044534413 0.4969262295081967 0.5263157894736842 0.48975409836065575
0 0.5460526315789473 0.26536885245901637 0.5445344129554656 0.3391393442622951 0.5470647773279352 0.39651639344262296 0.5450404858299596 0.4395491803278688 0.5465587044534413 0.46209016393442626 0.548582995951417 0.4661885245901639 0.5576923076923077 0.4661885245901639 0.5728744939271255 0.45594262295081966 0.5759109311740891 0.44672131147540983 0.5703441295546559 0.38422131147540983 0.5642712550607287 0.2540983606557377 0.5571862348178138 0.23668032786885246 0.5526315789473685 0.2336065573770492 0.5480769230769231 0.24180327868852458
0 0.5754048582995951 0.2827868852459016 0.5743927125506073 0.41188524590163933 0.5769230769230769 0.44672131147540983 0.5799595141700404 0.45081967213114754 0.5951417004048583 0.44979508196721313 0.6007085020242915 0.4395491803278688 0.6007085020242915 0.4077868852459016 0.5890688259109311 0.2520491803278688 0.5855263157894737 0.2346311475409836 0.5794534412955465 0.2387295081967213
0 0.5475708502024291 0.492827868852459 0.555161943319838 0.6629098360655737 0.5607287449392713 0.7120901639344263 0.5642712550607287 0.7192622950819673 0.5668016194331984 0.7131147540983607 0.5688259109311741 0.6834016393442623 0.5688259109311741 0.5799180327868853 0.5647773279352226 0.5092213114754098 0.5632591093117408 0.4979508196721312 0.5571862348178138 0.48975409836065575
0 0.5647773279352226 0.48770491803278687 0.5718623481781376 0.6577868852459017 0.5804655870445344 0.6629098360655737 0.5840080971659919 0.6577868852459017 0.5850202429149798 0.6198770491803278 0.5850202429149798 0.48565573770491804 0.5804655870445344 0.4805327868852459 0.5728744939271255 0.4805327868852459 0.5668016194331984 0.48258196721311475
0 0.6022267206477733 0.3350409836065574 0.6017206477732794 0.4323770491803279 0.6128542510121457 0.45286885245901637 0.6229757085020243 0.45799180327868855 0.6270242914979757 0.44979508196721313 0.6295546558704453 0.4344262295081967 0.6295546558704453 0.41700819672131145 0.6255060728744939 0.38729508196721313 0.625 0.33709016393442626 0.6280364372469636 0.25614754098360654 0.6325910931174089 0.23668032786885246 0.6305668016194332 0.22438524590163936 0.6199392712550608 0.22438524590163936 0.6158906882591093 0.2305327868852459 0.6067813765182186 0.2766393442622951
0 0.5850202429149798 0.4989754098360656 0.5845141700404858 0.5379098360655737 0.5895748987854251 0.6577868852459017 0.6002024291497976 0.7305327868852459 0.604251012145749 0.7325819672131147 0.6077935222672065 0.7202868852459017 0.611336032388664 0.6116803278688525 0.6088056680161943 0.5174180327868853 0.603744939271255 0.48975409836065575 0.5926113360323887 0.4764344262295082 0.5870445344129555 0.48155737704918034
0 0.6088056680161943 0.5010245901639344 0.6093117408906883 0.5358606557377049 0.6169028340080972 0.5963114754098361 0.6158906882591093 0.6301229508196722 0.618421052631579 0.6649590163934426 0.625 0.694672131147541 0.6305668016194332 0.6967213114754098 0.6341093117408907 0.6844262295081968 0.6351214574898786 0.4959016393442623 0.6270242914979757 0.48155737704918034 0.6204453441295547 0.47848360655737704
0 0.6371457489878543 0.48975409836065575 0.6366396761133604 0.5317622950819673 0.6432186234817814 0.5891393442622951 0.645748987854251 0.6772540983606558 0.6477732793522267 0.6864754098360656 0.6578947368421053 0.694672131147541 0.6614372469635628 0.6588114754098361 0.6629554655870445 0.5522540983606558 0.667004048582996 0.5184426229508197 0.666497975708502 0.4979508196721312 0.6503036437246964 0.47540983606557374 0.6437246963562753 0.47848360655737704
0 0.7034412955465587 0.5081967213114754 0.7044534412955465 0.5389344262295082 0.7186234817813765 0.6055327868852459 0.7241902834008097 0.6700819672131147 0.728744939271255 0.6875 0.736336032388664 0.6997950819672131 0.7439271255060729 0.6813524590163934 0.7449392712550608 0.6721311475409836 0.7520242914979757 0.6700819672131147 0.7575910931174089 0.6536885245901639 0.757085020242915 0.6424180327868853 0.7540485829959515 0.639344262295082 0.7520242914979757 0.625 0.743421052631579 0.5040983606557377 0.7358299595141701 0.49077868852459017 0.7312753036437247 0.4887295081967213 0.7206477732793523 0.5020491803278688 0.7115384615384616 0.4979508196721312
0 0.6781376518218624 0.39959016393442626 0.6771255060728745 0.44364754098360654 0.6816801619433198 0.4600409836065574 0.6857287449392713 0.4641393442622951 0.7069838056680162 0.4672131147540984 0.7130566801619433 0.4672131147540984 0.7165991902834008 0.46209016393442626 0.7196356275303644 0.4456967213114754 0.7176113360323887 0.3862704918032787 0.7125506072874493 0.3411885245901639 0.7044534412955465 0.29918032786885246 0.7009109311740891 0.29815573770491804 0.6938259109311741 0.30635245901639346 0.6857287449392713 0.32889344262295084 0.6847165991902834 0.3729508196721312
0 0.728744939271255 0.32889344262295084 0.7282388663967612 0.35758196721311475 0.7201417004048583 0.4016393442622951 0.7206477732793523 0.44774590163934425 0.7277327935222672 0.4661885245901639 0.7398785425101214 0.4600409836065574 0.7520242914979757 0.46209016393442626 0.7555668016194332 0.45491803278688525 0.7586032388663968 0.41598360655737704 0.7560728744939271 0.38524590163934425 0.7484817813765182 0.3411885245901639 0.7464574898785425 0.3043032786885246 0.7484817813765182 0.29200819672131145 0.7469635627530364 0.28790983606557374 0.7413967611336032 0.28688524590163933 0.7343117408906883 0.30020491803278687
0 0.757085020242915 0.4385245901639344 0.756578947368421 0.45799180327868855 0.7591093117408907 0.4702868852459016 0.7682186234817814 0.48565573770491804 0.7828947368421053 0.47848360655737704 0.7904858299595142 0.4600409836065574 0.7874493927125507 0.35348360655737704 0.7844129554655871 0.33094262295081966 0.7839068825910931 0.30225409836065575 0.7742914979757085 0.3176229508196721 0.7692307692307693 0.33299180327868855