0 0.33704453441295545 0.4139344262295082 0.3360323886639676 0.4385245901639344 0.3259109311740891 0.48565573770491804 0.3259109311740891 0.5010245901639344 0.3284412955465587 0.5133196721311475 0.3340080971659919 0.5215163934426229 0.3532388663967611 0.5266393442622951 0.35931174089068824 0.5245901639344263 0.3638663967611336 0.5122950819672131 0.3643724696356275 0.5010245901639344 0.35728744939271256 0.41598360655737704 0.35374493927125505 0.4047131147540984 0.34969635627530365 0.4026639344262295 0.3395748987854251 0.4077868852459016
0 0.3092105263157895 0.6567622950819673 0.3097165991902834 0.6649590163934426 0.3173076923076923 0.673155737704918 0.319331983805668 0.6885245901639344 0.3269230769230769 0.6895491803278688 0.3355263157894737 0.680327868852459 0.37398785425101216 0.610655737704918 0.3775303643724696 0.5952868852459017 0.3770242914979757 0.5829918032786885 0.3623481781376518 0.5706967213114754 0.3517206477732793 0.5532786885245902 0.3466599190283401 0.5502049180327869 0.3410931174089069 0.5532786885245902 0.3360323886639676 0.5655737704918032 0.3309716599190283 0.5891393442622951 0.3208502024291498 0.6137295081967213 0.319331983805668 0.6260245901639344
0 0.37044534412955465 0.4344262295081967 0.3724696356275304 0.4641393442622951 0.36639676113360325 0.49385245901639346 0.3638663967611336 0.5204918032786885 0.3648785425101215 0.5358606557377049 0.3765182186234818 0.5512295081967213 0.3800607287449393 0.5471311475409836 0.3881578947368421 0.5532786885245902 0.39271255060728744 0.5512295081967213 0.40131578947368424 0.5368852459016393 0.402834008097166 0.5081967213114754 0.3967611336032389 0.4774590163934426 0.3937246963562753 0.4405737704918033 0.38866396761133604 0.41188524590163933 0.38208502024291496 0.4067622950819672 0.37449392712550605 0.4077868852459016
0 0.40030364372469635 0.6004098360655737 0.3992914979757085 0.7489754098360656 0.39979757085020245 0.757172131147541 0.4043522267206478 0.7592213114754098 0.40789473684210525 0.7510245901639344 0.41346153846153844 0.7223360655737705 0.4200404858299595 0.6506147540983607 0.4266194331983806 0.6065573770491803 0.423582995951417 0.5942622950819673 0.4124493927125506 0.5881147540983607 0.4073886639676113 0.5901639344262295
0 0.4175101214574899 0.5133196721311475 0.4159919028340081 0.5440573770491803 0.4230769230769231 0.5614754098360656 0.4276315789473684 0.5604508196721312 0.4458502024291498 0.5399590163934426 0.4473684210526316 0.5297131147540983 0.44635627530364375 0.4979508196721312 0.4498987854251012 0.4702868852459016 0.4458502024291498 0.41905737704918034 0.4418016194331984 0.41188524590163933 0.43876518218623484 0.4108606557377049 0.4326923076923077 0.42827868852459017 0.42611336032388664 0.4385245901639344 0.42054655870445345 0.4989754098360656
0 0.4251012145748988 0.5983606557377049 0.4225708502024291 0.6352459016393442 0.42611336032388664 0.7366803278688525 0.4276315789473684 0.7479508196721312 0.4352226720647773 0.75 0.44129554655870445 0.7161885245901639 0.4407894736842105 0.7059426229508197 0.4509109311740891 0.6065573770491803 0.44888663967611336 0.5983606557377049 0.44129554655870445 0.5932377049180327 0.4367408906882591 0.5850409836065574 0.430668016194332 0.5870901639344263
0 0.4473684210526316 0.4395491803278688 0.44534412955465585 0.5389344262295082 0.4433198380566802 0.548155737704918 0.44635627530364375 0.5594262295081968 0.4564777327935223 0.5706967213114754 0.465080971659919 0.5543032786885246 0.46710526315789475 0.5317622950819673 0.458502024291498 0.4405737704918033 0.45445344129554655 0.41905737704918034 0.4509109311740891 0.42213114754098363
0 0.47520242914979755 0.41905737704918034 0.46963562753036436 0.555327868852459 0.47469635627530365 0.5737704918032787 0.48228744939271256 0.576844262295082 0.4908906882591093 0.5645491803278688 0.49139676113360325 0.5430327868852459 0.48228744939271256 0.42315573770491804 0.4782388663967611 0.41598360655737704
0 0.451417004048583 0.6014344262295082 0.45040485829959515 0.6424180327868853 0.4549595141700405 0.7161885245901639 0.458502024291498 0.735655737704918 0.4625506072874494 0.7459016393442623 0.46558704453441296 0.7459016393442623 0.4706477732793522 0.7315573770491803 0.46963562753036436 0.6711065573770492 0.4726720647773279 0.5993852459016393 0.46963562753036436 0.5891393442622951 0.46204453441295545 0.5840163934426229 0.4564777327935223 0.5881147540983607
0 0.4777327935222672 0.5983606557377049 0.48582995951417 0.7438524590163934 0.4898785425101215 0.7469262295081968 0.4939271255060729 0.7397540983606558 0.49696356275303644 0.6915983606557377 0.49696356275303644 0.5952868852459017 0.49291497975708504 0.5870901639344263 0.4848178137651822 0.5860655737704918
0 0.4959514170040486 0.4036885245901639 0.4934210526315789 0.5594262295081968 0.4979757085020243 0.5778688524590164 0.5091093117408907 0.5840163934426229 0.5156882591093117 0.5819672131147541 0.520242914979757 0.5665983606557377 0.5197368421052632 0.5174180327868853 0.5015182186234818 0.38114754098360654
0 0.5010121457489879 0.6075819672131147 0.5005060728744939 0.7028688524590164 0.5015182186234818 0.7141393442622951 0.5055668016194332 0.7172131147540983 0.513663967611336 0.6834016393442623 0.5177125506072875 0.639344262295082 0.5182186234817814 0.6065573770491803 0.5156882591093117 0.5993852459016393 0.5096153846153846 0.5993852459016393
0 0.5222672064777328 0.5235655737704918 0.521255060728745 0.5799180327868853 0.5404858299595142 0.5840163934426229 0.5455465587044535 0.5747950819672131 0.5490890688259109 0.5594262295081968 0.5460526315789473 0.48975409836065575 0.5470647773279352 0.4026639344262295 0.5445344129554656 0.38934426229508196 0.5374493927125507 0.38422131147540983 0.5308704453441295 0.38422131147540983 0.5288461538461539 0.38831967213114754 0.52834008097166 0.4805327868852459
0 0.5197368421052632 0.5993852459016393 0.520242914979757 0.6516393442622951 0.5288461538461539 0.7059426229508197 0.5339068825910931 0.7049180327868853 0.5344129554655871 0.6793032786885246 0.5389676113360324 0.6383196721311475 0.5404858299595142 0.5840163934426229 0.5237854251012146 0.5829918032786885 0.521255060728745 0.5870901639344263
0 0.5399797570850202 0.6086065573770492 0.5384615384615384 0.7038934426229508 0.5404858299595142 0.7254098360655737 0.548582995951417 0.7315573770491803 0.5526315789473685 0.7223360655737705 0.5561740890688259 0.6926229508196722 0.5602226720647774 0.6024590163934426 0.5435222672064778 0.6004098360655737
0 0.5597165991902834 0.6024590163934426 0.5592105263157895 0.6342213114754098 0.5647773279352226 0.7366803278688525 0.5683198380566802 0.75 0.5743927125506073 0.7489754098360656 0.5779352226720648 0.7366803278688525 0.5840080971659919 0.6270491803278688 0.582995951417004 0.6075819672131147 0.5794534412955465 0.6004098360655737 0.5688259109311741 0.5922131147540983 0.5632591093117408 0.5952868852459017
0 0.5501012145748988 0.41905737704918034 0.5521255060728745 0.4672131147540984 0.5495951417004049 0.5081967213114754 0.5495951417004049 0.5604508196721312 0.5526315789473685 0.5727459016393442 0.5647773279352226 0.5747950819672131 0.5723684210526315 0.5625 0.5723684210526315 0.5409836065573771 0.5642712550607287 0.41905737704918034 0.5602226720647774 0.39241803278688525 0.555668016194332 0.39036885245901637 0.5511133603238867 0.39549180327868855
0 0.5840080971659919 0.4139344262295082 0.5718623481781376 0.5204918032786885 0.5738866396761133 0.5491803278688525 0.582995951417004 0.5625 0.5931174089068826 0.555327868852459 0.5986842105263158 0.5420081967213115 0.59665991902834 0.4098360655737705 0.5956477732793523 0.4036885245901639 0.5915991902834008 0.4016393442622951 0.5875506072874493 0.4047131147540984
0 0.5855263157894737 0.6086065573770492 0.5855263157894737 0.6229508196721312 0.5941295546558705 0.6813524590163934 0.5961538461538461 0.7243852459016393 0.5996963562753036 0.7366803278688525 0.603744939271255 0.7366803278688525 0.6077935222672065 0.7172131147540983 0.6138663967611336 0.6372950819672131 0.6133603238866396 0.6055327868852459 0.6108299595141701 0.5942622950819673 0.5986842105263158 0.5911885245901639 0.5921052631578947 0.5963114754098361
0 0.6138663967611336 0.5911885245901639 0.6133603238866396 0.6116803278688525 0.6285425101214575 0.7274590163934426 0.6310728744939271 0.735655737704918 0.6346153846153846 0.7346311475409836 0.6411943319838057 0.7264344262295082 0.6427125506072875 0.7172131147540983 0.6432186234817814 0.5983606557377049 0.6401821862348178 0.5911885245901639 0.6310728744939271 0.5860655737704918
0 0.5961538461538461 0.42725409836065575 0.59665991902834 0.48360655737704916 0.5946356275303644 0.5174180327868853 0.5961538461538461 0.5327868852459017 0.6153846153846154 0.555327868852459 0.6194331983805668 0.555327868852459 0.631578947368421 0.5327868852459017 0.6229757085020243 0.47438524590163933 0.6219635627530364 0.4334016393442623 0.6189271255060729 0.42008196721311475 0.611336032388664 0.41188524590163933 0.5991902834008097 0.4149590163934426
0 0.6189271255060729 0.4180327868852459 0.6224696356275303 0.4702868852459016 0.6209514170040485 0.5307377049180327 0.6265182186234818 0.5379098360655737 0.6353744939271255 0.5368852459016393 0.646255060728745 0.5471311475409836 0.6513157894736842 0.5461065573770492 0.6573886639676113 0.5286885245901639 0.6568825910931174 0.5184426229508197 0.652834008097166 0.4764344262295082 0.6492914979757085 0.45081967213114754 0.6472672064777328 0.4487704918032787 0.6437246963562753 0.39651639344262296 0.6381578947368421 0.39241803278688525 0.6275303643724697 0.3985655737704918
0 0.6477732793522267 0.507172131147541 0.6477732793522267 0.5286885245901639 0.6568825910931174 0.5471311475409836 0.6897773279352226 0.5440573770491803 0.6938259109311741 0.5368852459016393 0.694331983805668 0.5102459016393442 0.6710526315789473 0.3985655737704918 0.6594129554655871 0.39651639344262296 0.6543522267206477 0.4077868852459016 0.6508097165991903 0.48360655737704916
0 0.6862348178137652 0.4692622950819672 0.687246963562753 0.4979508196721312 0.6958502024291497 0.5174180327868853 0.72165991902834 0.5153688524590164 0.729251012145749 0.4969262295081967 0.7282388663967612 0.47438524590163933 0.7186234817813765 0.4344262295081967 0.7100202429149798 0.4036885245901639 0.7049595141700404 0.39651639344262296 0.7009109311740891 0.3985655737704918 0.6983805668016194 0.4057377049180328
0 0.667004048582996 0.5788934426229508 0.667004048582996 0.5922131147540983 0.6710526315789473 0.6075819672131147 0.7069838056680162 0.6741803278688525 0.7155870445344129 0.6844262295081968 0.7282388663967612 0.6782786885245902 0.7338056680161943 0.6454918032786885 0.7332995951417004 0.6301229508196722 0.7262145748987854 0.6075819672131147 0.7201417004048583 0.5983606557377049 0.7049595141700404 0.5502049180327869 0.701417004048583 0.5471311475409836 0.6842105263157895 0.5502049180327869 0.6791497975708503 0.5676229508196722 0.6705465587044535 0.5717213114754098
0 0.7090080971659919 0.5471311475409836 0.7090080971659919 0.5563524590163934 0.7196356275303644 0.5901639344262295 0.743421052631579 0.625 0.7596153846153846 0.6301229508196722 0.7717611336032388 0.6188524590163934 0.7727732793522267 0.6065573770491803 0.7661943319838057 0.5758196721311475 0.7444331983805668 0.5112704918032787 0.7388663967611336 0.5081967213114754 0.7262145748987854 0.5163934426229508