0 0.4757085020242915 0.4456967213114754 0.47520242914979755 0.5297131147540983 0.4767206477732793 0.5389344262295082 0.48431174089068824 0.5512295081967213 0.4984817813765182 0.548155737704918 0.5010121457489879 0.5409836065573771 0.5020242914979757 0.4139344262295082 0.4964574898785425 0.38114754098360654 0.49898785425101216 0.36885245901639346 0.49038461538461536 0.3524590163934426 0.48431174089068824 0.35655737704918034 0.48279352226720645 0.38729508196721313
0 0.4509109311740891 0.4293032786885246 0.4534412955465587 0.4385245901639344 0.4534412955465587 0.45799180327868855 0.45040485829959515 0.4702868852459016 0.451417004048583 0.5215163934426229 0.4493927125506073 0.5338114754098361 0.44534412955465585 0.5409836065573771 0.45394736842105265 0.5614754098360656 0.4590080971659919 0.5614754098360656 0.472165991902834 0.5379098360655737 0.47520242914979755 0.5245901639344263 0.4726720647773279 0.4426229508196721 0.4681174089068826 0.3729508196721312 0.46558704453441296 0.35758196721311475 0.46153846153846156 0.3524590163934426 0.4564777327935223 0.35655737704918034 0.45394736842105265 0.3729508196721312 0.45546558704453444 0.3780737704918033 0.45445344129554655 0.4016393442622951
0 0.42054655870445345 0.4354508196721312 0.4180161943319838 0.5420081967213115 0.423582995951417 0.555327868852459 0.42813765182186236 0.5584016393442623 0.4352226720647773 0.548155737704918 0.44686234817813764 0.5440573770491803 0.4524291497975709 0.5215163934426229 0.4509109311740891 0.44672131147540983 0.4478744939271255 0.4323770491803279 0.44281376518218624 0.4262295081967213 0.4402834008097166 0.3801229508196721 0.4357287449392713 0.3668032786885246 0.4316801619433198 0.36475409836065575 0.4276315789473684 0.36885245901639346 0.42459514170040485 0.3801229508196721 0.4256072874493927 0.38524590163934425 0.42206477732793524 0.4057377049180328
0 0.3942307692307692 0.44774590163934425 0.39271255060728744 0.4959016393442623 0.38866396761133604 0.5327868852459017 0.39979757085020245 0.5461065573770492 0.41548582995951416 0.5379098360655737 0.41953441295546556 0.5307377049180327 0.4215587044534413 0.5194672131147541 0.4180161943319838 0.4149590163934426 0.4149797570850202 0.3801229508196721 0.40941295546558704 0.3698770491803279 0.40789473684210525 0.3555327868852459 0.40384615384615385 0.35758196721311475 0.4018218623481781 0.3637295081967213
0 0.347165991902834 0.48975409836065575 0.3481781376518219 0.5163934426229508 0.3532388663967611 0.5276639344262295 0.38309716599190285 0.5338114754098361 0.3896761133603239 0.5266393442622951 0.39271255060728744 0.4969262295081967 0.3851214574898785 0.42674180327868855 0.38461538461538464 0.4026639344262295 0.3876518218623482 0.36885245901639346 0.3699392712550607 0.36065573770491804 0.3638663967611336 0.36475409836065575 0.36285425101214575 0.3790983606557377 0.3598178137651822 0.38831967213114754 0.36082995951417 0.39241803278688525 0.3582995951417004 0.39959016393442626 0.35931174089068824 0.4057377049180328 0.3562753036437247 0.41598360655737704 0.354251012145749 0.45491803278688525 0.3507085020242915 0.46311475409836067
0 0.305668016194332 0.45594262295081966 0.3066801619433198 0.48565573770491804 0.3142712550607287 0.5 0.3319838056680162 0.5122950819672131 0.3451417004048583 0.4979508196721312 0.347165991902834 0.4764344262295082 0.3451417004048583 0.42827868852459017 0.3476720647773279 0.38729508196721313 0.34615384615384615 0.367827868852459 0.3415991902834008 0.34938524590163933 0.3274291497975709 0.3483606557377049 0.32186234817813764 0.367827868852459 0.3183198380566802 0.41700819672131145
0 0.2768218623481781 0.3391393442622951 0.27530364372469635 0.35758196721311475 0.277834008097166 0.3831967213114754 0.2874493927125506 0.4108606557377049 0.29453441295546556 0.42008196721311475 0.3041497975708502 0.4180327868852459 0.3157894736842105 0.4057377049180328 0.3208502024291498 0.38114754098360654 0.33046558704453444 0.3719262295081967 0.32894736842105265 0.36885245901639346 0.3299595141700405 0.35758196721311475 0.3415991902834008 0.3452868852459016 0.34058704453441296 0.33709016393442626 0.3309716599190283 0.3125 0.31781376518218624 0.305327868852459 0.2899797570850202 0.3206967213114754 0.2818825910931174 0.32889344262295084
0 0.2565789473684211 0.5635245901639344 0.2575910931174089 0.6024590163934426 0.26214574898785425 0.6536885245901639 0.2687246963562753 0.6639344262295082 0.27530364372469635 0.6680327868852459 0.29453441295546556 0.6629098360655737 0.3066801619433198 0.5809426229508197 0.30718623481781376 0.5614754098360656 0.3041497975708502 0.5461065573770492 0.2980769230769231 0.5368852459016393 0.291497975708502 0.5338114754098361 0.28289473684210525 0.5389344262295082 0.270748987854251 0.5338114754098361 0.26214574898785425 0.5420081967213115
0 0.30111336032388664 0.6444672131147541 0.3026315789473684 0.6772540983606558 0.3208502024291498 0.6813524590163934 0.3208502024291498 0.6987704918032787 0.3223684210526316 0.7008196721311475 0.3259109311740891 0.6967213114754098 0.3390688259109312 0.6526639344262295 0.3436234817813765 0.6290983606557377 0.3598178137651822 0.5819672131147541 0.3618421052631579 0.5635245901639344 0.35931174089068824 0.5522540983606558 0.3547570850202429 0.5440573770491803 0.3395748987854251 0.5409836065573771 0.3324898785425101 0.5348360655737705 0.32945344129554655 0.5276639344262295 0.32186234817813764 0.5286885245901639 0.3188259109311741 0.5327868852459017 0.3142712550607287 0.5461065573770492 0.3092105263157895 0.6055327868852459
0 0.3557692307692308 0.6188524590163934 0.35526315789473684 0.632172131147541 0.35880566801619435 0.6526639344262295 0.3674089068825911 0.6690573770491803 0.3674089068825911 0.6741803278688525 0.3775303643724696 0.6762295081967213 0.38208502024291496 0.673155737704918 0.3896761133603239 0.6588114754098361 0.3967611336032389 0.6372950819672131 0.4008097165991903 0.6127049180327869 0.3972672064777328 0.6045081967213115 0.3648785425101215 0.5860655737704918 0.3598178137651822 0.5911885245901639
0 0.4048582995951417 0.5932377049180327 0.4068825910931174 0.6762295081967213 0.4058704453441296 0.7243852459016393 0.4033400809716599 0.7438524590163934 0.40789473684210525 0.7530737704918032 0.41194331983805665 0.7530737704918032 0.42054655870445345 0.7161885245901639 0.42206477732793524 0.6793032786885246 0.4352226720647773 0.6096311475409836 0.4367408906882591 0.5911885245901639 0.430668016194332 0.5788934426229508 0.4200404858299595 0.5747950819672131 0.4084008097165992 0.5799180327868853
0 0.4311740890688259 0.6342213114754098 0.4316801619433198 0.7315573770491803 0.4342105263157895 0.7592213114754098 0.4392712550607287 0.7633196721311475 0.4478744939271255 0.7459016393442623 0.4534412955465587 0.6629098360655737 0.4564777327935223 0.6536885245901639 0.46153846153846156 0.6086065573770492 0.46153846153846156 0.6034836065573771 0.4498987854251012 0.5758196721311475 0.44686234817813764 0.5737704918032787 0.43724696356275305 0.5829918032786885
0 0.5025303643724697 0.5051229508196722 0.5020242914979757 0.5420081967213115 0.5060728744939271 0.5543032786885246 0.5172064777327935 0.5614754098360656 0.5308704453441295 0.5573770491803278 0.5323886639676113 0.5286885245901639 0.5303643724696356 0.4456967213114754 0.5323886639676113 0.38729508196721313 0.5253036437246964 0.3401639344262295 0.513663967611336 0.3391393442622951 0.5111336032388664 0.3452868852459016 0.5121457489878543 0.3524590163934426 0.5101214574898786 0.36270491803278687 0.5121457489878543 0.3709016393442623 0.5080971659919028 0.3770491803278688 0.5060728744939271 0.39241803278688525 0.5045546558704453 0.42725409836065575 0.5060728744939271 0.4713114754098361
0 0.5339068825910931 0.5102459016393442 0.5328947368421053 0.5502049180327869 0.534919028340081 0.5563524590163934 0.5501012145748988 0.5635245901639344 0.5566801619433198 0.5625 0.562246963562753 0.555327868852459 0.5647773279352226 0.5122950819672131 0.5637651821862348 0.4723360655737705 0.5683198380566802 0.4149590163934426 0.5668016194331984 0.3975409836065574 0.5683198380566802 0.35348360655737704 0.5637651821862348 0.3401639344262295 0.5526315789473685 0.32581967213114754 0.5475708502024291 0.3391393442622951 0.541497975708502 0.4375
0 0.4574898785425101 0.6434426229508197 0.45799595141700405 0.6639344262295082 0.4559716599190283 0.6772540983606558 0.458502024291498 0.6864754098360656 0.4564777327935223 0.7008196721311475 0.4605263157894737 0.7141393442622951 0.45799595141700405 0.7213114754098361 0.4660931174089069 0.7735655737704918 0.4706477732793522 0.7858606557377049 0.47368421052631576 0.7848360655737705 0.4812753036437247 0.7766393442622951 0.4848178137651822 0.7612704918032787 0.48785425101214575 0.7213114754098361 0.4853238866396761 0.6864754098360656 0.48633603238866396 0.6444672131147541 0.48380566801619435 0.6075819672131147 0.47469635627530365 0.5829918032786885 0.4706477732793522 0.5799180327868853 0.46204453441295545 0.5952868852459017
0 0.4853238866396761 0.5891393442622951 0.48380566801619435 0.6116803278688525 0.49038461538461536 0.6864754098360656 0.4893724696356275 0.6926229508196722 0.4939271255060729 0.7397540983606558 0.4979757085020243 0.7581967213114754 0.5080971659919028 0.7315573770491803 0.5096153846153846 0.701844262295082 0.5111336032388664 0.7008196721311475 0.506578947368421 0.6403688524590164 0.5060728744939271 0.5952868852459017 0.5040485829959515 0.5850409836065574 0.49949392712550605 0.5809426229508197
0 0.507085020242915 0.5819672131147541 0.507085020242915 0.6475409836065574 0.5096153846153846 0.701844262295082 0.5126518218623481 0.7366803278688525 0.5172064777327935 0.7448770491803278 0.521255060728745 0.7366803278688525 0.5253036437246964 0.7008196721311475 0.52834008097166 0.569672131147541 0.5217611336032388 0.5645491803278688 0.5101214574898786 0.5665983606557377
0 0.5263157894736842 0.610655737704918 0.5242914979757085 0.7161885245901639 0.5268218623481782 0.7366803278688525 0.5288461538461539 0.7438524590163934 0.5308704453441295 0.7438524590163934 0.534919028340081 0.735655737704918 0.5409919028340081 0.6844262295081968 0.541497975708502 0.6465163934426229 0.5445344129554656 0.6239754098360656 0.5450404858299596 0.6004098360655737 0.541497975708502 0.5665983606557377 0.5374493927125507 0.5635245901639344 0.5313765182186235 0.5655737704918032 0.5303643724696356 0.576844262295082 0.527834008097166 0.5799180327868853
0 0.5369433198380567 0.735655737704918 0.5379554655870445 0.7581967213114754 0.5450404858299596 0.7674180327868853 0.548582995951417 0.7622950819672131 0.5541497975708503 0.6885245901639344 0.5576923076923077 0.6844262295081968 0.562246963562753 0.6629098360655737 0.5617408906882592 0.6557377049180327 0.569331983805668 0.6034836065573771 0.5683198380566802 0.5870901639344263 0.5642712550607287 0.5788934426229508 0.5521255060728745 0.5778688524590164 0.5460526315789473 0.5870901639344263 0.5430161943319838 0.6403688524590164 0.5435222672064778 0.6854508196721312
0 0.5652834008097166 0.5133196721311475 0.5642712550607287 0.5491803278688525 0.5657894736842105 0.5563524590163934 0.5759109311740891 0.5665983606557377 0.5875506072874493 0.5604508196721312 0.5915991902834008 0.5379098360655737 0.5910931174089069 0.4702868852459016 0.5931174089068826 0.45081967213114754 0.5905870445344129 0.39344262295081966 0.5915991902834008 0.3770491803278688 0.5875506072874493 0.3729508196721312 0.5799595141700404 0.3770491803278688 0.576417004048583 0.39344262295081966
0 0.562246963562753 0.6413934426229508 0.5612348178137652 0.6741803278688525 0.5637651821862348 0.6885245901639344 0.5602226720647774 0.6967213114754098 0.5647773279352226 0.7100409836065574 0.5657894736842105 0.7254098360655737 0.562753036437247 0.735655737704918 0.5617408906882592 0.7602459016393442 0.5632591093117408 0.7715163934426229 0.5642712550607287 0.7766393442622951 0.5713562753036437 0.7786885245901639 0.583502024291498 0.7745901639344263 0.5865384615384616 0.7704918032786885 0.5895748987854251 0.757172131147541 0.5895748987854251 0.742827868852459 0.5951417004048583 0.7059426229508197 0.5931174089068826 0.6987704918032787 0.59665991902834 0.6772540983606558 0.5961538461538461 0.6547131147540983 0.5915991902834008 0.6331967213114754 0.5880566801619433 0.5993852459016393 0.5840080971659919 0.5911885245901639 0.5759109311740891 0.5881147540983607 0.569331983805668 0.6065573770491803
0 0.5895748987854251 0.6086065573770492 0.5890688259109311 0.6188524590163934 0.597165991902834 0.6772540983606558 0.6012145748987854 0.7264344262295082 0.6077935222672065 0.7592213114754098 0.6108299595141701 0.764344262295082 0.6153846153846154 0.764344262295082 0.6204453441295547 0.7592213114754098 0.6239878542510121 0.7182377049180327 0.6214574898785425 0.6588114754098361 0.6229757085020243 0.6270491803278688 0.6199392712550608 0.5942622950819673 0.604251012145749 0.5850409836065574
0 0.5931174089068826 0.514344262295082 0.5926113360323887 0.5399590163934426 0.5981781376518218 0.5594262295081968 0.6067813765182186 0.5717213114754098 0.6108299595141701 0.5727459016393442 0.6148785425101214 0.5676229508196722 0.6214574898785425 0.5502049180327869 0.6169028340080972 0.5389344262295082 0.6163967611336032 0.5286885245901639 0.6194331983805668 0.4969262295081967 0.6199392712550608 0.46209016393442626 0.6275303643724697 0.38114754098360654 0.6275303643724697 0.36065573770491804 0.6229757085020243 0.35450819672131145 0.6148785425101214 0.36065573770491804 0.6088056680161943 0.38422131147540983 0.5996963562753036 0.4426229508196721 0.597165991902834 0.48565573770491804
0 0.6153846153846154 0.5051229508196722 0.6148785425101214 0.5266393442622951 0.6189271255060729 0.5461065573770492 0.6280364372469636 0.5522540983606558 0.6376518218623481 0.5665983606557377 0.646255060728745 0.5573770491803278 0.6482793522267206 0.5409836065573771 0.6432186234817814 0.5297131147540983 0.6417004048582996 0.5153688524590164 0.6447368421052632 0.4672131147540984 0.646255060728745 0.38422131147540983 0.6432186234817814 0.36475409836065575 0.6391700404858299 0.35963114754098363 0.6305668016194332 0.36065573770491804 0.6300607287449392 0.3739754098360656 0.6260121457489879 0.3801229508196721
0 0.6133603238866396 0.5870901639344263 0.6143724696356275 0.6116803278688525 0.6310728744939271 0.6844262295081968 0.6351214574898786 0.7274590163934426 0.6417004048582996 0.7479508196721312 0.6492914979757085 0.7479508196721312 0.652834008097166 0.7284836065573771 0.652834008097166 0.6936475409836066 0.6467611336032388 0.5870901639344263 0.6427125506072875 0.5788934426229508 0.6229757085020243 0.5737704918032787 0.618421052631579 0.5747950819672131
0 0.6442307692307693 0.4661885245901639 0.6417004048582996 0.5081967213114754 0.6437246963562753 0.5317622950819673 0.6578947368421053 0.5450819672131147 0.6695344129554656 0.5450819672131147 0.6761133603238867 0.5276639344262295 0.6685222672064778 0.39139344262295084 0.6659919028340081 0.3719262295081967 0.6619433198380567 0.367827868852459 0.6568825910931174 0.3719262295081967 0.6518218623481782 0.38831967213114754
0 0.6538461538461539 0.6168032786885246 0.6513157894736842 0.6219262295081968 0.6523279352226721 0.6290983606557377 0.6690283400809717 0.7059426229508197 0.6786437246963563 0.7284836065573771 0.6867408906882592 0.7295081967213115 0.6751012145748988 0.6741803278688525 0.6730769230769231 0.6342213114754098 0.6563765182186235 0.6219262295081968
0 0.6761133603238867 0.4918032786885246 0.6756072874493927 0.5174180327868853 0.6821862348178138 0.5348360655737705 0.6897773279352226 0.5358606557377049 0.6968623481781376 0.5297131147540983 0.7090080971659919 0.5399590163934426 0.7135627530364372 0.5368852459016393 0.7181174089068826 0.5215163934426229 0.7191295546558705 0.4959016393442623 0.7176113360323887 0.47950819672131145 0.7059716599190283 0.4067622950819672 0.701417004048583 0.39241803278688525 0.694331983805668 0.39651639344262296 0.6902834008097166 0.4088114754098361 0.6907894736842105 0.4334016393442623 0.6771255060728745 0.4774590163934426
0 0.6933198380566802 0.610655737704918 0.6902834008097166 0.6270491803278688 0.6811740890688259 0.6342213114754098 0.6811740890688259 0.6383196721311475 0.6953441295546559 0.6721311475409836 0.7039473684210527 0.7110655737704918 0.7090080971659919 0.7120901639344263 0.7105263157894737 0.7059426229508197 0.7039473684210527 0.6547131147540983
0 0.7196356275303644 0.5081967213114754 0.7186234817813765 0.5358606557377049 0.7246963562753036 0.5522540983606558 0.729251012145749 0.5563524590163934 0.736336032388664 0.5584016393442623 0.7580971659919028 0.5348360655737705 0.7601214574898786 0.5215163934426229 0.7596153846153846 0.507172131147541 0.7530364372469636 0.4692622950819672 0.7550607287449392 0.4344262295081967 0.7489878542510121 0.4036885245901639 0.7479757085020243 0.38422131147540983 0.7353238866396761 0.38422131147540983 0.7343117408906883 0.4026639344262295 0.7277327935222672 0.41905737704918034 0.7272267206477733 0.4661885245901639
0 0.7439271255060729 0.5901639344262295 0.7444331983805668 0.6219262295081968 0.7515182186234818 0.6424180327868853 0.7626518218623481 0.6495901639344263 0.7864372469635628 0.6495901639344263 0.8021255060728745 0.6413934426229508 0.8081983805668016 0.6301229508196722 0.8087044534412956 0.6188524590163934 0.8152834008097166 0.5911885245901639 0.8152834008097166 0.5758196721311475 0.8016194331983806 0.555327868852459 0.7747975708502024 0.5399590163934426 0.7621457489878543 0.5379098360655737 0.7494939271255061 0.5491803278688525 0.7479757085020243 0.5584016393442623 0.75 0.5758196721311475 0.7474696356275303 0.5860655737704918
0 0.6973684210526315 0.5758196721311475 0.6968623481781376 0.5973360655737705 0.7009109311740891 0.6188524590163934 0.7135627530364372 0.6567622950819673 0.7206477732793523 0.6649590163934426 0.7226720647773279 0.6629098360655737 0.7246963562753036 0.6526639344262295 0.7211538461538461 0.6198770491803278 0.7176113360323887 0.610655737704918 0.7186234817813765 0.6065573770491803 0.715080971659919 0.5891393442622951 0.7049595141700404 0.5778688524590164
0 0.7393724696356275 0.31864754098360654 0.7388663967611336 0.32581967213114754 0.743421052631579 0.343921106557377 0.7439271255060729 0.36475409836065575 0.7489878542510121 0.3760245901639344 0.7510121457489879 0.39344262295081966 0.756578947368421 0.41188524590163933 0.7601214574898786 0.41905737704918034 0.7717611336032388 0.42827868852459017 0.7788461538461539 0.4293032786885246 0.7864372469635628 0.41905737704918034 0.7909919028340081 0.38729508196721313 0.7960526315789473 0.3739754098360656 0.7950404858299596 0.35758196721311475 0.7879554655870445 0.3391393442622951 0.7828947368421053 0.3319672131147541 0.7550607287449392 0.3114754098360656 0.7439271255060729 0.3114754098360656
0 0.7231781376518218 0.5881147540983607 0.7231781376518218 0.639344262295082 0.7282388663967612 0.6557377049180327 0.7348178137651822 0.6485655737704918 0.7388663967611336 0.6342213114754098 0.7413967611336032 0.6116803278688525 0.7413967611336032 0.5799180327868853 0.7403846153846154 0.576844262295082 0.7353238866396761 0.5778688524590164