0 0.26685931174089067 0.6329600409836066 0.2808881578947368 0.5608739754098361 0.2865566801619433 0.5387602459016394 0.2881153846153846 0.5154969262295082 0.29208299595141696 0.5028606557377049 0.2986017206477733 0.49740368852459016 0.3055455465587045 0.5019989754098361 0.3099382591093117 0.5129118852459016 0.3180156882591093 0.5195174180327868 0.3265182186234818 0.5221024590163934 0.33289473684210524 0.5287079918032787 0.3358704453441295 0.5401956967213115 0.33176113360323883 0.5611608606557377 0.3234003036437247 0.5881567622950821 0.31744888663967613 0.6002192622950819 0.3088046558704453 0.6188872950819672 0.2994519230769231 0.6387038934426229 0.2950592105263158 0.6467448770491803 0.2885404858299595 0.6507653688524591 0.28173836032388666 0.6487551229508196 0.2787626518218624 0.6412879098360657
0 0.3158825910931174 0.3534149590163934 0.30893927125506077 0.39850512295081963 0.30454605263157897 0.42435245901639346 0.3008618421052632 0.4481895491803279 0.29972823886639677 0.4662827868852459 0.3004367408906883 0.48092930327868855 0.30638815789473683 0.4924170081967213 0.32353491902834003 0.5013206967213114 0.33005364372469637 0.502469262295082 0.33671356275303643 0.5004590163934426 0.3423820850202429 0.48495081967213116 0.3437990890688259 0.4708780737704918 0.34309058704453443 0.44646618852459014 0.34110678137651823 0.42463934426229505 0.3385556680161943 0.40654610655737705 0.33657186234817815 0.38960143442622946 0.33501315789473685 0.370359631147541 0.33387955465587044 0.35858504098360655 0.3294863360323887 0.3447991803278688 0.32296811740890685 0.3402038934426229
0 0.3607854251012146 0.38565163934426233 0.35016497975708505 0.45830737704918034 0.34293775303643725 0.48788831967213114 0.3403871457489879 0.5197674180327869 0.34591346153846153 0.5352756147540984 0.352998987854251 0.5275215163934426 0.3620683198380567 0.5352756147540984 0.3742550607287449 0.5355624999999999 0.38020698380566803 0.5140235655737705 0.3806320850202429 0.49334528688524587 0.37609716599190285 0.44997848360655734 0.36957894736842106 0.38019057377049176
0 0.41117965587044536 0.35974999999999996 0.41045495951417005 0.4117049180327869 0.40648684210526315 0.4588053278688524 0.40237753036437246 0.4892479508196721 0.4001103238866397 0.508202868852459 0.39911842105263157 0.5222745901639344 0.40039372469635626 0.5383575819672132 0.40648684210526315 0.5515686475409837 0.41045495951417005 0.5550153688524591 0.4166897773279352 0.5501331967213114 0.4284514170040486 0.5351987704918033 0.43341143724696357 0.526296106557377 0.43383653846153847 0.48809938524590163 0.425334008097166 0.36976434426229504 0.42009109311740894 0.3482254098360656
0 0.381960020242915 0.7434559426229509 0.3898304655870445 0.6930215163934427 0.4007474696356275 0.645030737704918 0.40443775303643725 0.6201004098360655 0.4070521255060729 0.6085706967213115 0.41366346153846156 0.5939241803278688 0.416123987854251 0.5817704918032787 0.416585020242915 0.5643196721311475 0.4104347165991903 0.5577756147540984 0.4007474696356275 0.5612028688524591 0.39444331983805664 0.5596454918032787 0.388293016194332 0.5493616803278689 0.3815273279352227 0.5487387295081967 0.3726093117408907 0.5593340163934426 0.3667661943319838 0.5702407786885245 0.36738107287449395 0.5848872950819672 0.3679964574898785 0.6017151639344263 0.36430617408906885 0.6344354508196721 0.3606158906882591 0.6596772540983606 0.356464068825911 0.6842950819672131 0.3541578947368421 0.7029928278688524 0.35369635627530366 0.7204436475409837 0.36861133603238866 0.728234631147541 0.3815273279352227 0.7441280737704918
0 0.4063830971659919 0.761391393442623 0.40891295546558704 0.6820122950819673 0.41072317813765186 0.6423872950819672 0.41072317813765186 0.6225747950819672 0.40836943319838054 0.6060645491803279 0.4085506072874494 0.5899211065573771 0.4165161943319838 0.5789139344262295 0.42484412955465584 0.5723094262295082 0.43516295546558703 0.5723094262295082 0.43968876518218625 0.5866188524590163 0.4395075910931174 0.6082653688524591 0.43443876518218627 0.6284446721311475 0.42918876518218624 0.6651352459016394 0.42267155870445344 0.708796106557377 0.41905060728744936 0.7524579918032787 0.41633502024291497 0.7656659836065574 0.4081887651821862 0.7649323770491803
0 0.43335273279352227 0.7535584016393442 0.4373355263157894 0.6717397540983607 0.43516295546558703 0.6357827868852459 0.43443876518218627 0.6097336065573771 0.43443876518218627 0.5928555327868852 0.44258552631578946 0.5796475409836066 0.44946457489878544 0.5741434426229508 0.4539908906882591 0.5866188524590163 0.45869736842105263 0.5869856557377049 0.4619564777327935 0.5935891393442623 0.46268016194331985 0.6067981557377049 0.4579736842105263 0.6240420081967214 0.4548957489878543 0.6541280737704918 0.4543527327935223 0.6871495901639344 0.45362854251012147 0.7183360655737705 0.4518183198380567 0.7418176229508197 0.4449387651821862 0.7517233606557377 0.4367925101214575 0.7535584016393442
0 0.46486487854251013 0.7466741803278689 0.4621492914979757 0.6776967213114754 0.46287348178137655 0.6435747950819672 0.4637788461538462 0.6215604508196722 0.4621492914979757 0.6065184426229508 0.4632358299595142 0.5918422131147542 0.4699342105263158 0.5786331967213114 0.48133906882591093 0.5870727459016393 0.48477884615384614 0.6105543032786884 0.4842358299595142 0.6523801229508196 0.48133906882591093 0.7041137295081967 0.48224443319838056 0.738235655737705 0.47952884615384617 0.7562131147540984
0 0.4399994939271255 0.34900307377049183 0.4475642712550607 0.4210051229508197 0.45661589068825914 0.487047131147541 0.4580642712550607 0.5134641393442623 0.4531761133603239 0.5329098360655737 0.4473830971659919 0.5384129098360656 0.44213309716599186 0.5483196721311475 0.4339863360323887 0.5512551229508197 0.4309089068825911 0.5475860655737704 0.4252970647773279 0.5292407786885246 0.4243917004048583 0.5123637295081968 0.4316330971659919 0.48374487704918034 0.42982287449392714 0.43714856557377046 0.4301847165991903 0.3868831967213115 0.43036589068825915 0.35899897540983605
0 0.4621609311740891 0.3505163934426229 0.469956983805668 0.40253995901639344 0.471586032388664 0.4414313524590164 0.47321558704453437 0.473718237704918 0.47792257085020245 0.49536577868852455 0.4797327935222672 0.5111424180327869 0.4730344129554656 0.5379262295081967 0.4674225708502024 0.5467315573770491 0.4614483805668016 0.5408616803278689 0.4556548582995952 0.5261854508196722 0.4518532388663967 0.5118760245901639 0.45058603238866396 0.48472540983606555 0.45149139676113365 0.46234426229508196 0.45040485829959515 0.4271219262295082 0.45004301619433196 0.3955686475409836 0.44986184210526314 0.374655737704918 0.4509483805668016 0.3515409836065574 0.45167206477732796 0.33869877049180325 0.45746558704453444 0.33980020491803276
0 0.4850698380566802 0.36059836065573775 0.48103137651821865 0.4107038934426229 0.48030718623481783 0.43565368852459013 0.4792206477732794 0.46940778688524587 0.4788588056680162 0.4932571721311475 0.479039979757085 0.5196731557377049 0.48356578947368417 0.5343493852459016 0.490082995951417 0.5372848360655738 0.4956948380566802 0.5226086065573771 0.4996776315789474 0.4873862704918033 0.5018502024291498 0.4440922131147541 0.5022125506072874 0.40116495901639343 0.5009453441295547 0.3677766393442623 0.494246963562753 0.32260860655737705 0.4889969635627531 0.33031352459016394
0 0.484705971659919 0.6104170081967214 0.4877834008097166 0.6507766393442623 0.48832641700404855 0.6977397540983606 0.49194736842105263 0.7307602459016393 0.4941194331983806 0.7505727459016394 0.5033527327935222 0.7524077868852459 0.5040764170040486 0.7204877049180328 0.500455971659919 0.6823299180327869 0.5006371457489879 0.6434385245901639 0.500455971659919 0.5935399590163934 0.5037145748987855 0.5791362704918033 0.4988264170040486 0.573998975409836 0.486878036437247 0.5769344262295082 0.4825334008097166 0.5897756147540983
0 0.5170495951417005 0.33719774590163937 0.5192216599190284 0.3914989754098361 0.52067004048583 0.4248872950819672 0.5194028340080972 0.4579077868852459 0.5194028340080972 0.47808811475409835 0.5222995951417004 0.5059723360655738 0.5221184210526315 0.5265184426229508 0.5179544534412955 0.540094262295082 0.5047388663967611 0.5389928278688525 0.5018421052631579 0.5353237704918032 0.4971356275303644 0.5265184426229508 0.49641143724696357 0.5045040983606558 0.4987646761133603 0.4817561475409836 0.49948886639676116 0.4626782786885246 0.4998507085020243 0.4344262295081967 0.4993076923076923 0.41461372950819675 0.49948886639676116 0.3929661885245902 0.4996700404858299 0.36985143442622953 0.4996700404858299 0.34710450819672134 0.5051012145748988 0.3313268442622951 0.5116184210526316 0.3247233606557377
0 0.5301406882591093 0.3510204918032787 0.5284838056680162 0.40652766393442624 0.5283026315789473 0.442484631147541 0.5275784412955465 0.4755051229508197 0.5254058704453441 0.4931168032786885 0.5237768218623482 0.5092602459016393 0.5239574898785425 0.5356772540983606 0.529207995951417 0.5459508196721311 0.5427854251012146 0.5444825819672131 0.5503891700404858 0.5364108606557377 0.551294028340081 0.5221014344262296 0.5491214574898786 0.4905481557377049 0.5485784412955466 0.45936168032786884 0.5485784412955466 0.4413831967213115 0.5482165991902834 0.4098299180327869 0.5469493927125506 0.3944200819672131 0.5453198380566802 0.37350717213114754 0.5438714574898785 0.3507592213114754 0.5433284412955466 0.33110348360655734 0.5368112348178138 0.32670081967213116 0.5317424089068826 0.34541290983606554 0.5301128542510121 0.3556854508196721
0 0.5054888663967612 0.5804047131147542 0.5144716599190283 0.5666127049180328 0.5199028340080971 0.5647786885245902 0.5213512145748989 0.6117418032786884 0.5193598178137653 0.6524672131147541 0.5177302631578947 0.6979631147540983 0.5175495951417004 0.7262141393442623 0.5084974696356276 0.7218114754098361 0.5066872469635628 0.6832868852459016 0.5048770242914979 0.6532008196721312 0.5052388663967611 0.6304538934426229 0.5070490890688258 0.6143094262295082 0.5068684210526316 0.5988995901639343 0.5061442307692308 0.5893606557377049
0 0.5333775303643724 0.5642715163934426 0.5397575910931174 0.6007090163934427 0.5435592105263158 0.6296946721311475 0.5479043522267207 0.6627151639344262 0.5536973684210527 0.6939016393442623 0.5569559716599191 0.7137141393442623 0.5632925101214575 0.7309590163934426 0.571258097165992 0.7313258196721312 0.5745167004048582 0.7225204918032786 0.566369939271255 0.6630819672131147 0.5565941295546558 0.6227233606557377 0.5540597165991902 0.5919036885245902 0.5533355263157895 0.5629180327868852 0.5489903846153846 0.5530122950819673 0.5403006072874494 0.5552131147540984
0 0.5575313765182186 0.3278299180327869 0.565123987854251 0.3803657786885246 0.5660293522267206 0.42219262295081966 0.5683830971659919 0.4658534836065574 0.5694691295546559 0.49373770491803276 0.5680207489878543 0.5142848360655737 0.5548051619433199 0.5197879098360656 0.5506411943319838 0.5106157786885246 0.5500981781376518 0.4746598360655737 0.548287955465587 0.43209938524590163 0.5455723684210526 0.399077868852459 0.5459342105263159 0.37339446721311476 0.548287955465587 0.3447766393442623 0.5508223684210526 0.3256977459016393 0.5555293522267207 0.3187264344262295
0 0.5609898785425101 0.6065122950819672 0.5566452429149797 0.5804620901639344 0.5571882591093117 0.5621178278688524 0.5635247975708503 0.5500102459016393 0.5736624493927126 0.5525778688524591 0.5787317813765183 0.5672540983606558 0.5809038461538462 0.5984405737704918 0.5836194331983805 0.6248575819672131 0.5877834008097166 0.6644825819672131 0.5886887651821863 0.6956690573770491 0.589955971659919 0.7228196721311475 0.5937575910931174 0.7485030737704917 0.5946629554655871 0.7639129098360655 0.5850678137651822 0.7587766393442623 0.5798178137651822 0.743 0.5760161943319838 0.7143811475409836 0.571671052631579 0.6791588114754099 0.5662398785425101 0.6501731557377048 0.5642484817813764 0.6351311475409837 0.5638866396761134 0.6171526639344262 0.5635247975708503 0.6281598360655737 0.5615334008097166 0.6197213114754098
0 0.6002747975708502 0.6982377049180328 0.5955678137651822 0.6721874999999999 0.5924903846153846 0.641001024590164 0.5892317813765182 0.6164190573770492 0.5838006072874493 0.5907356557377049 0.5780075910931174 0.5775276639344262 0.5758350202429149 0.5668872950819672 0.5796366396761135 0.5540461065573771 0.5854296558704454 0.5448729508196721 0.5928522267206479 0.5390030737704918 0.6000936234817814 0.5393698770491803 0.606792004048583 0.5734918032786884 0.6080592105263158 0.6123831967213115 0.6122231781376518 0.6564108606557377 0.615662955465587 0.6938350409836066 0.6187403846153846 0.7140143442622952 0.6127661943319839 0.7275901639344263 0.6048006072874494 0.7165829918032787
0 0.649826923076923 0.6945850409836065 0.640412955465587 0.6215717213114754 0.6337145748987855 0.5812120901639345 0.6324473684210525 0.5536946721311475 0.6311801619433198 0.5309467213114754 0.6257494939271255 0.5261772540983606 0.6143441295546559 0.5276454918032787 0.6078269230769231 0.5309467213114754 0.6038441295546558 0.5401198770491804 0.6027575910931174 0.553327868852459 0.6076457489878543 0.5702059426229508 0.6147059716599191 0.5870829918032787 0.6174215587044535 0.6123995901639344 0.6255683198380567 0.6377151639344262 0.6295511133603239 0.6659661885245901 0.6328097165991903 0.6872469262295082 0.635705971659919 0.7037571721311475 0.6416801619433199 0.7074262295081967 0.6481978744939271 0.7048586065573771
0 0.5839438259109312 0.33920594262295084 0.5814094129554656 0.40231249999999996 0.5759782388663968 0.4456065573770492 0.5734438259109311 0.4749590163934426 0.5721766194331984 0.4980737704918033 0.5785131578947369 0.5193534836065574 0.589375 0.5204549180327869 0.5969787449392713 0.4973401639344262 0.5944443319838058 0.4628514344262295 0.5960733805668016 0.43056352459016395 0.5971594129554656 0.38323360655737704 0.599331983805668 0.3469108606557377 0.5984266194331984 0.3087530737704918 0.5910045546558704 0.30214856557377046 0.5853922064777327 0.3245297131147541
0 0.65270495951417 0.3522909836065574 0.6496275303643725 0.4091608606557377 0.6441963562753037 0.4385122950819672 0.6393081983805667 0.45832581967213115 0.6336963562753036 0.4774036885245902 0.6347823886639675 0.49758401639344263 0.6398517206477733 0.5100584016393442 0.6514377530364373 0.5144610655737705 0.6628431174089069 0.5221659836065574 0.6709898785425101 0.5188637295081967 0.6724013157894737 0.4912243852459016 0.6715328947368422 0.46969979508196724 0.6715328947368422 0.44805225409836064 0.6702656882591093 0.4326424180327869 0.6700845141700404 0.4128299180327869 0.6699033400809716 0.38567930327868855 0.6684554655870445 0.35706045081967214 0.6677312753036436 0.3372479508196721 0.6661017206477733 0.3211045081967213 0.6590414979757085 0.31890266393442623 0.6561447368421052 0.3302766393442623 0.6543345141700404 0.3372479508196721 0.6521619433198381 0.3544928278688525
0 0.7239964574898785 0.647890368852459 0.7039018218623482 0.6137684426229508 0.6941255060728746 0.5965245901639344 0.6865222672064777 0.5818483606557378 0.680005060728745 0.5704743852459017 0.6718582995951418 0.5565317622950819 0.6682373481781376 0.5455256147540983 0.6646169028340081 0.5337848360655738 0.6657029352226721 0.5235112704918032 0.6714964574898785 0.5150727459016393 0.6776513157894737 0.5139713114754099 0.6859792510121457 0.517640368852459 0.6923152834008097 0.5279139344262296 0.6979276315789473 0.5462592213114754 0.7022722672064777 0.5638698770491803 0.710419028340081 0.5796465163934427 0.7171174089068826 0.5957909836065574 0.7272550607287449 0.6185389344262294 0.736669028340081 0.6339487704918033 0.7411948380566802 0.6467899590163935 0.7339534412955465 0.6526598360655738 0.7274362348178137 0.6508258196721312 0.7230915991902834 0.6493586065573771
0 0.7119848178137652 0.3497172131147541 0.7132525303643724 0.40585245901639344 0.7134331983805667 0.43373668032786883 0.7143385627530364 0.4693268442622951 0.7119848178137652 0.49280840163934425 0.7025713562753036 0.4997786885245902 0.6920713562753036 0.4957428278688525 0.6839245951417003 0.4946424180327869 0.6799418016194332 0.4909733606557377 0.6774073886639677 0.4851034836065574 0.6754159919028341 0.47299590163934424 0.6757778340080972 0.46198872950819675 0.6781315789473684 0.44767930327868855 0.6806659919028341 0.43006762295081963 0.6839245951417003 0.4109887295081967 0.6860971659919028 0.397047131147541 0.6888122469635628 0.377968237704918 0.6904418016194332 0.3636588114754098 0.6918901821862348 0.34824897540983607 0.6949676113360325 0.3394436475409836 0.6994934210526316 0.3328391393442623 0.7128901821862348 0.3405440573770492 0.712165991902834 0.35338627049180327
0 0.727789979757085 0.3341526639344262 0.7210915991902834 0.3730440573770492 0.7156604251012145 0.3939579918032787 0.7116776315789474 0.4112018442622951 0.7104104251012145 0.42771311475409834 0.7129448380566802 0.4467920081967213 0.7167464574898785 0.4585327868852459 0.7238071862348178 0.4625686475409836 0.7323157894736843 0.45412909836065574 0.740462044534413 0.4460573770491803 0.7544018218623483 0.43505122950819675 0.7562125506072875 0.43138217213114755 0.7542211538461538 0.40900102459016396 0.7506002024291497 0.37414549180327866 0.7482469635627531 0.3414907786885246 0.7469797570850202 0.32608094262295084 0.743539979757085 0.31470696721311475
0 0.712787955465587 0.512593237704918 0.7113395748987854 0.49828381147540984 0.7124261133603238 0.48911168032786884 0.7187621457489878 0.4839754098360656 0.7245551619433198 0.4825071721311476 0.7294433198380568 0.47076639344262294 0.733787955465587 0.46599692622950817 0.7388572874493927 0.46599692622950817 0.7432019230769231 0.45902561475409837 0.7464605263157895 0.45388934426229505 0.7524347165991903 0.4542561475409836 0.758047064777328 0.46966598360655737 0.7623917004048584 0.4865430327868852 0.7676417004048582 0.5074569672131147 0.7745212550607288 0.5346075819672131 0.777961032388664 0.5533196721311475 0.7790470647773279 0.5782684426229509 0.7766938259109312 0.5940450819672132 0.7638400809716599 0.5936782786885245 0.754426113360324 0.5856065573770493 0.7473658906882591 0.5749661885245902 0.7404863360323887 0.5646936475409836 0.7328830971659919 0.5522182377049181 0.7260035425101214 0.5397438524590163 0.7203917004048582 0.5324057377049181 0.7162277327935223 0.5269026639344262 0.7140551619433199 0.523233606557377