0 0.3132591093117409 0.47848360655737704 0.31224696356275305 0.5030737704918032 0.3152834008097166 0.5174180327868853 0.3375506072874494 0.5317622950819673 0.3441295546558704 0.5276639344262295 0.3507085020242915 0.5122950819672131 0.3522267206477733 0.48975409836065575 0.34969635627530365 0.42008196721311475 0.3410931174089069 0.36168032786885246 0.3319838056680162 0.36065573770491804 0.33046558704453444 0.36475409836065575
0 0.3223684210526316 0.5686475409836066 0.30516194331983804 0.6618852459016393 0.3061740890688259 0.6926229508196722 0.32186234817813764 0.7182377049180327 0.3259109311740891 0.7151639344262295 0.3456477732793522 0.673155737704918 0.3694331983805668 0.5922131147540983 0.3689271255060729 0.5778688524590164 0.3643724696356275 0.5676229508196722 0.33653846153846156 0.5450819672131147 0.3284412955465587 0.5502049180327869
0 0.40941295546558704 0.6034836065573771 0.40789473684210525 0.7141393442622951 0.4159919028340081 0.7325819672131147 0.42105263157894735 0.7264344262295082 0.4402834008097166 0.5952868852459017 0.4347165991902834 0.5870901639344263 0.423582995951417 0.5840163934426229 0.4124493927125506 0.5952868852459017
0 0.4625506072874494 0.5133196721311475 0.458502024291498 0.5491803278688525 0.4605263157894737 0.5717213114754098 0.4701417004048583 0.5819672131147541 0.48228744939271256 0.5778688524590164 0.5 0.41905737704918034 0.5010121457489879 0.4036885245901639 0.4979757085020243 0.3985655737704918 0.48633603238866396 0.3985655737704918 0.4782388663967611 0.4098360655737705
0 0.48380566801619435 0.5399590163934426 0.48279352226720645 0.5727459016393442 0.48633603238866396 0.5819672131147541 0.5111336032388664 0.5829918032786885 0.513663967611336 0.5604508196721312 0.5146761133603239 0.4487704918032787 0.5096153846153846 0.39959016393442626 0.5010121457489879 0.40061475409836067 0.4964574898785425 0.4180327868852459 0.49190283400809715 0.4456967213114754
0 0.520242914979757 0.4067622950819672 0.5141700404858299 0.5809426229508197 0.521255060728745 0.5860655737704918 0.5389676113360324 0.5840163934426229 0.5425101214574899 0.5727459016393442 0.542004048582996 0.4385245901639344 0.5364372469635628 0.4057377049180328
0 0.5445344129554656 0.41700819672131145 0.5445344129554656 0.5819672131147541 0.5475708502024291 0.5860655737704918 0.5637651821862348 0.5870901639344263 0.5688259109311741 0.5758196721311475 0.5723684210526315 0.4036885245901639 0.548582995951417 0.4036885245901639
0 0.5662955465587044 0.5040983606557377 0.5678137651821862 0.5747950819672131 0.5738866396761133 0.5922131147540983 0.5804655870445344 0.5932377049180327 0.5885627530364372 0.5799180327868853 0.5921052631578947 0.5635245901639344 0.5956477732793523 0.4036885245901639 0.5814777327935222 0.39959016393442626 0.5754048582995951 0.4077868852459016 0.5683198380566802 0.46209016393442626
0 0.5991902834008097 0.4395491803278688 0.5976720647773279 0.5584016393442623 0.6108299595141701 0.5758196721311475 0.618421052631579 0.576844262295082 0.6234817813765182 0.5676229508196722 0.6265182186234818 0.5522540983606558 0.6209514170040485 0.40061475409836067 0.6062753036437247 0.39959016393442626 0.6022267206477733 0.4036885245901639
0 0.625 0.4692622950819672 0.6239878542510121 0.5338114754098361 0.6300607287449392 0.5563524590163934 0.6427125506072875 0.5655737704918032 0.6513157894736842 0.5543032786885246 0.65334008097166 0.5358606557377049 0.6391700404858299 0.41598360655737704 0.6361336032388664 0.40061475409836067 0.631578947368421 0.39651639344262296 0.6265182186234818 0.4036885245901639
0 0.4610323886639676 0.6413934426229508 0.46204453441295545 0.7213114754098361 0.4686234817813765 0.7674180327868853 0.4741902834008097 0.7735655737704918 0.4853238866396761 0.7715163934426229 0.4939271255060729 0.7561475409836066 0.4939271255060729 0.7243852459016393 0.4868421052631579 0.639344262295082 0.4772267206477733 0.5993852459016393 0.4701417004048583 0.5993852459016393 0.4660931174089069 0.6086065573770492
0 0.4848178137651822 0.6116803278688525 0.49696356275303644 0.7622950819672131 0.4979757085020243 0.7674180327868853 0.5055668016194332 0.7684426229508197 0.5111336032388664 0.7602459016393442 0.5055668016194332 0.6096311475409836 0.5020242914979757 0.6045081967213115 0.4934210526315789 0.6034836065573771
0 0.507085020242915 0.5993852459016393 0.5091093117408907 0.7161885245901639 0.5121457489878543 0.7397540983606558 0.5177125506072875 0.7561475409836066 0.5222672064777328 0.7438524590163934 0.5242914979757085 0.7243852459016393 0.5263157894736842 0.6188524590163934 0.5197368421052632 0.5911885245901639 0.5096153846153846 0.5911885245901639
0 0.5242914979757085 0.625 0.5182186234817814 0.7202868852459017 0.521255060728745 0.7387295081967213 0.5369433198380567 0.7581967213114754 0.542004048582996 0.7295081967213115 0.5465587044534413 0.6219262295081968 0.5440283400809717 0.6147540983606558 0.5288461538461539 0.6116803278688525
0 0.5460526315789473 0.6229508196721312 0.5409919028340081 0.7602459016393442 0.542004048582996 0.7674180327868853 0.5495951417004049 0.7776639344262295 0.5531376518218624 0.7745901639344263 0.5673076923076923 0.6301229508196722 0.5647773279352226 0.6229508196721312 0.5581983805668016 0.6188524590163934 0.5475708502024291 0.6188524590163934
0 0.5652834008097166 0.6567622950819673 0.5703441295546559 0.7827868852459017 0.5759109311740891 0.7909836065573771 0.5855263157894737 0.7899590163934426 0.5885627530364372 0.7838114754098361 0.590080971659919 0.673155737704918 0.5880566801619433 0.6290983606557377 0.5718623481781376 0.6290983606557377
0 0.5809716599190283 0.6342213114754098 0.5996963562753036 0.7397540983606558 0.6088056680161943 0.7633196721311475 0.6148785425101214 0.764344262295082 0.6158906882591093 0.7520491803278688 0.6088056680161943 0.639344262295082 0.6022267206477733 0.6147540983606558 0.5981781376518218 0.610655737704918 0.5910931174089069 0.6116803278688525
0 0.6002024291497976 0.610655737704918 0.5986842105263158 0.6188524590163934 0.6255060728744939 0.7315573770491803 0.6371457489878543 0.7592213114754098 0.6432186234817814 0.757172131147541 0.6330971659919028 0.5993852459016393 0.6280364372469636 0.5911885245901639 0.6174089068825911 0.5922131147540983
0 0.6887651821862348 0.5450819672131147 0.6892712550607287 0.5747950819672131 0.7186234817813765 0.7038934426229508 0.7373481781376519 0.7079918032786885 0.7489878542510121 0.6813524590163934 0.7484817813765182 0.6352459016393442 0.7327935222672065 0.5409836065573771 0.7277327935222672 0.5327868852459017 0.7160931174089069 0.5307377049180327