0 0.6331531531531531 0.5594594594594594 0.630990990990991 0.5912162162162162 0.6410810810810811 0.6155405405405405 0.6464864864864864 0.620945945945946 0.6616216216216216 0.6229729729729729 0.6663063063063063 0.6229729729729729 0.6717117117117117 0.6168918918918919 0.6756756756756757 0.5972972972972973 0.6763963963963964 0.5459459459459459 0.66990990990991 0.4527027027027027 0.6637837837837838 0.4466216216216216 0.661981981981982 0.43986486486486487 0.6580180180180181 0.4466216216216216 0.6562162162162162 0.47297297297297297 0.6500900900900901 0.5101351351351351
0 0.5697297297297297 0.5587837837837838 0.5708108108108109 0.5912162162162162 0.5787387387387387 0.6094594594594595 0.5834234234234235 0.6128378378378379 0.587027027027027 0.6108108108108108 0.5938738738738739 0.5912162162162162 0.5942342342342343 0.5472972972972973 0.5989189189189189 0.5006756756756757 0.6014414414414414 0.4972972972972973 0.6007207207207207 0.4506756756756757 0.5953153153153153 0.43648648648648647 0.590990990990991 0.43648648648648647 0.585945945945946 0.44256756756756754 0.5794594594594594 0.4668918918918919
0 0.5138738738738738 0.5641891891891891 0.5135135135135135 0.5952702702702702 0.516036036036036 0.6067567567567568 0.532972972972973 0.6108108108108108 0.5409009009009009 0.6047297297297297 0.5448648648648649 0.5885135135135136 0.5463063063063063 0.4885135135135135 0.5445045045045045 0.4702702702702703 0.5376576576576576 0.46216216216216216 0.5326126126126126 0.46418918918918917 0.5228828828828829 0.4864864864864865
0 0.4818018018018018 0.5554054054054054 0.48144144144144146 0.5912162162162162 0.49405405405405406 0.6155405405405405 0.5048648648648648 0.620945945945946 0.5102702702702703 0.6182432432432432 0.5135135135135135 0.6108108108108108 0.5138738738738738 0.5986486486486486 0.5163963963963965 0.5918918918918918 0.5167567567567568 0.5844594594594594 0.5117117117117117 0.5280405405405405 0.5127927927927928 0.5047297297297297 0.5102702702702703 0.47364864864864864 0.5095495495495496 0.4668918918918919 0.4944144144144144 0.44932432432432434 0.492972972972973 0.4506756756756757
0 0.4609009009009009 0.543918918918919 0.45981981981981984 0.5783783783783784 0.46126126126126127 0.5871621621621622 0.4702702702702703 0.6006756756756757 0.47495495495495493 0.5993243243243244 0.48252252252252253 0.5885135135135136 0.4861261261261261 0.552027027027027 0.48684684684684687 0.5013513513513513 0.4861261261261261 0.48986486486486486 0.48396396396396396 0.4858108108108108 0.4879333333333334 0.4304486486486486 0.4738886486486486 0.4294743243243243 0.46594594594594596 0.4837837837837838 0.4641441441441441 0.48986486486486486
0 0.4338738738738739 0.4905405405405405 0.43135135135135133 0.5371621621621622 0.4554954954954955 0.5506756756756757 0.46054054054054056 0.55 0.4627027027027027 0.5445945945945946 0.4627027027027027 0.518918918918919 0.45981981981981984 0.49594594594594593 0.46054054054054056 0.4702702702702703 0.4565765765765766 0.43783783783783786 0.4515315315315315 0.4135135135135135 0.44684684684684683 0.4114864864864865 0.44 0.42905405405405406
0 0.5902702702702702 0.5560810810810811 0.590990990990991 0.5885135135135136 0.6046846846846847 0.595945945945946 0.6104504504504504 0.6067567567567568 0.6147747747747748 0.6067567567567568 0.6212612612612612 0.5966216216216216 0.623063063063063 0.5891891891891892 0.621981981981982 0.4777027027027027 0.6194594594594595 0.44256756756756754 0.6154954954954955 0.43851351351351353 0.6072072072072072 0.43648648648648647 0.6025225225225225 0.4506756756756757 0.5989189189189189 0.4702702702702703 0.5938738738738739 0.5351351351351351
0 0.5715315315315316 0.6445945945945946 0.5718918918918919 0.6621621621621622 0.578018018018018 0.702027027027027 0.5787387387387387 0.7358108108108108 0.5809009009009009 0.7513513513513513 0.5834234234234235 0.7601351351351351 0.5956756756756757 0.7581081081081081 0.5989189189189189 0.7445945945945946 0.5967567567567568 0.7040540540540541 0.5967567567567568 0.6432432432432432 0.5837837837837838 0.6297297297297297
0 0.5448648648648649 0.6425675675675676 0.5437837837837838 0.6743243243243243 0.5520720720720721 0.7364864864864865 0.5563963963963964 0.7513513513513513 0.5610810810810811 0.7594594594594595 0.5682882882882883 0.7675675675675676 0.5722522522522523 0.7655405405405405 0.5765765765765766 0.7560810810810811 0.578018018018018 0.7317567567567568 0.5704504504504504 0.6459459459459459 0.5567567567567567 0.6297297297297297 0.5513513513513514 0.6331081081081081
0 0.5196396396396397 0.6418918918918919 0.5192792792792793 0.65 0.5239639639639639 0.6655405405405406 0.5254054054054054 0.6777027027027027 0.5275675675675676 0.7202702702702702 0.5300900900900901 0.7358108108108108 0.5423423423423424 0.7527027027027027 0.5488288288288288 0.7547297297297297 0.5513513513513514 0.7513513513513513 0.5524324324324325 0.7398648648648649 0.5473873873873873 0.6459459459459459 0.5423423423423424 0.6364864864864865 0.532972972972973 0.6304054054054054 0.529009009009009 0.6304054054054054
0 0.501981981981982 0.6459459459459459 0.5027027027027027 0.6506756756756756 0.4998198198198198 0.6581081081081082 0.5001801801801802 0.6736486486486486 0.5041441441441441 0.722972972972973 0.5131531531531531 0.7520270270270271 0.5174774774774775 0.7567567567567568 0.525045045045045 0.7547297297297297 0.5300900900900901 0.7398648648648649 0.5322522522522523 0.7243243243243244 0.5257657657657657 0.6662162162162162 0.5174774774774775 0.6317567567567568 0.5127927927927928 0.6243243243243243 0.5055855855855856 0.6263513513513513
0 0.4828828828828829 0.6344594594594595 0.47783783783783784 0.725 0.47927927927927927 0.7364864864864865 0.48576576576576574 0.7472972972972973 0.48792792792792794 0.7472972972972973 0.4918918918918919 0.7439189189189189 0.4998198198198198 0.725 0.5034234234234234 0.7081081081081081 0.503063063063063 0.6817567567567567 0.5070270270270271 0.6337837837837837 0.5063063063063064 0.6263513513513513 0.5016216216216216 0.6229729729729729 0.4897297297297297 0.6229729729729729 0.4846846846846847 0.6270270270270271
0 0.4627027027027027 0.6364864864864865 0.4590990990990991 0.7297297297297297 0.4627027027027027 0.7432432432432432 0.47063063063063065 0.7452702702702703 0.47675675675675677 0.7351351351351352 0.47927927927927927 0.7243243243243244 0.4807207207207207 0.6777027027027027 0.4864864864864865 0.6527027027027027 0.4864864864864865 0.6385135135135135 0.4836036036036036 0.6263513513513513 0.4753153153153153 0.6229729729729729 0.4666666666666667 0.625
0 0.42486486486486486 0.6993243243243243 0.42306306306306307 0.7391891891891892 0.42414414414414414 0.7506756756756757 0.4273873873873874 0.7587837837837837 0.4353153153153153 0.7581081081081081 0.4436036036036036 0.7398648648648649 0.4515315315315315 0.7006756756756757 0.45225225225225224 0.6716216216216216 0.45765765765765765 0.6317567567567568 0.4565765765765766 0.6202702702702703 0.4518918918918919 0.6094594594594595 0.44756756756756755 0.6054054054054054 0.44288288288288286 0.606081081081081 0.43675675675675674 0.6108108108108108 0.4327927927927928 0.6182432432432432 0.4291891891891892 0.6337837837837837 0.4284684684684685 0.6662162162162162
0 0.4010810810810811 0.6331081081081081 0.39963963963963967 0.6513513513513514 0.40612612612612614 0.6709459459459459 0.40468468468468466 0.7195945945945946 0.40324324324324323 0.7202702702702702 0.4043243243243243 0.7243243243243244 0.4025225225225225 0.7277027027027027 0.40468468468468466 0.731081081081081 0.4097297297297297 0.727027027027027 0.4118918918918919 0.7283783783783784 0.4183783783783784 0.7027027027027027 0.4205405405405405 0.7006756756756757 0.43315315315315317 0.6222972972972973 0.43315315315315317 0.6148648648648649 0.4273873873873874 0.5966216216216216 0.4212612612612613 0.5878378378378378 0.41333333333333333 0.5871621621621622 0.4072072072072072 0.5925675675675676 0.40324324324324323 0.6108108108108108
0 0.3293693693693694 0.6722972972972973 0.32900900900900903 0.6932432432432433 0.3311711711711712 0.7047297297297297 0.3333333333333333 0.7074324324324325 0.3362162162162162 0.7047297297297297 0.3362162162162162 0.7 0.3503445045045045 0.6478945945945946 0.3555463063063063 0.6527682432432432 0.35495495495495494 0.7013513513513514 0.35315315315315315 0.7047297297297297 0.35711711711711713 0.7114864864864865 0.3646846846846847 0.7067567567567568 0.37117117117117115 0.6891891891891891 0.37873873873873876 0.6385135135135135 0.3902702702702703 0.5898648648648649 0.39207207207207206 0.5756756756756757 0.38954954954954957 0.5608108108108109 0.3845045045045045 0.5587837837837838 0.3772972972972973 0.5628378378378378 0.36504504504504504 0.5554054054054054 0.33837837837837836 0.5635135135135135 0.3365765765765766 0.5709459459459459 0.3372972972972973 0.6047297297297297